2639
3440
5789
3081
-22
4337
3207
5833
-9279
-7703
2680
2170
-3804
-4636
-9663
4990
-2583
-2724
-8749
-7956
465
4573
-3138
9718
-274
-7999
-8590
-8907
1676
-9353
-8215
1278
-5189
8287
8328
9281
4155
-4682
-6957
7244
-8773
5112
-1379
-9420
7668
-8359
9621
8803
-4601
9939
-418
-2113
6750
5148
-5873
-768
-9574
4102
1956
-4969
512
-9364
1505
-5133
9915
3333
-3205
-8603
8224
623
-996
6004
5670
6588
6116
3869
9589
2402
2007
2961
-5866
1839
7300
-6685
3672
2943
8741
2168
8737
-2215
-2203
-5810
5454
4632
3489
-4780
7364
-5550
-5394
3349
-1576
8443
6604
5033
-3749
1779
7319
-2377
-2007
-5482
1001
9322
3802
-1934
8034
3000
-8825
-5747
-3207
671
7141
-920
-7676
2842
-2458
5944
-2771
2681
-1954
-6483
9183
1612
-61
-5236
-6874
7381
8688
7141
-4239
8639
-7769
2267
-5015
6366
-6283
-8939
-539
-886
4905
-2352
-9211
5814
-9235
3445
-4818
6417
3282
-2966
-8119
6287
7633
4639
-5133
3813
-1451
1776
-8669
9508
-159
4864
4425
-7790
-4656
-3238
1101
2016
7072
4372
6945
6518
1703
8681
3298
2938
-7120
8336
1569
3313
-6606
-2455
-5116
-5198
8131
1682
4854
-7105
-7384
7105
-9619
-1359
-9369
5333
438
5887
-9089
-7385
6158
-2370
-773
-6526
2406
1208
-4612
-4543
751
-4741
7466
-4212
5302
7828
-8402
-8788
9900
-4148
-5083
8164
-4878
9457
-787
1184
-1927
-9706
1613
-6512
582
8630
-7075
9774
-3152
2827
5055
-744
-2289
-5891
-142
-4040
-2613
-9946
-7750
-2068
-4461
346
-9544
8915
9357
7512
1227
919
-4372
-9252
9426
-7344
9897
-9045
2656
-3752
-2114
4350
470
1965
421
3914
-4817
-6626
449
-2672
1213
-1041
5012
-7021
-6956
-8334
-5864
-4799
-5083
1818
-1009
5977
891
3405
5361
1427
-726
5210
-9541
7875
5282
-7905
9228
5157
7789
7106
4765
8838
9675
5677
-311
8127
4829
9632
-5370
8427
8314
-7631
-7648
1806
7275
-8022
-5926
3494
-6965
-4558
-4854
-6966
-7666
1262
4136
2473
5637
4168
3091
5808
-7252
6387
1189
-1525
-5785
-5994
-9354
-2702
-7168
4290
-1008
7829
3006
7841
992
-2453
-7696
-266
5447
407
8609
1994
-796
2180
-9404
-7078
-7023
1755
7345
4911
-2353
3762
7895
9459
-1256
-3263
3606
8441
8216
-3036
-4398
1948
-817
5586
9145
4509
-21
-6356
-7312
-4419
-24
-7224
-3467
-8361
6117
-442
246
3107
266
9901
-4660
-4312
-27
-8276
-6068
7171
-6636
-2876
7120
-1038
-3718
5264
6709
4568
5339
-6372
5004
-7711
-781
678
9538
5080
-8822
-8411
799
-7525
939
-484
2185
-6472
7552
-3825
2495
3532
2871
-9681
-4904
-2986
-2911
1013
-3331
-2715
3994
-6560
-8173
-801
-9469
1469
2291
-1331
1363
8523
-2289
-1797
3366
-9839
3517
-859
-2663
-5780
3014
-3291
-5538
8708
3729
1515
-3081
5875
6697
7664
-5998
4179
5392
-1406
-4596
4505
7728
6247
-1535
4842
8945
-2285
-8026
4148
8501
-3964
2441
2492
-5222
1333
705
-8475
8286
-437
2758
4340
5914
-6599
1241
-1428
9860
2626
6215
-612
7586
-6821
-6529
3949
-3789
-9280
-4784
-8217
3428
-3667
-2808
-4421
-2669
9071
-8059
-8206
7682
-7448
5559
6412
2848
2701
-8170
8376
-9259
225
8655
6700
-8360
7413
2855
-5554
9892
-5654
7509
2590
-4162
-9643
-9331
7549
-9486
-5818
-669
-5359
8431
-6727
9460
4145
-5646
9792
-9776
-7151
4352
-1731
-4698
8730
779
-5240
112
9638
2604
-1103
-7778
4904
-9560
4634
6062
3856
-6286
-7303
9958
7472
9179
-7003
-9240
7611
-3338
4981
-9450
-6283
-9756
-1037
3385
-7110
-976
-8772
4825
1395
5430
-3932
21
3074
6010
-9426
9489
-4910
-1899
7868
4671
7029
-3216
-1140
6195
5987
3226
2338
-394
-4265
6821
7836
-683
-3196
-9327
9998
-7863
-7342
9938
8881
-952
9126
-6125
9930
-1957
4274
5481
-6326
934
-4574
-7092
-5838
-759
530
-935
8661
-1170
-8262
-9938
-7589
-1665
3038
7895
3045
7032
-5240
-3230
-2808
-9029
695
-9024
-4442
-436
-6394
7405
9602
464
4675
6837
701
9390
-2741
943
5106
4362
-20
-5435
-4432
-4297
7512
-7675
-7527
-2642
6930
2924
-3791
4700
-880
-5736
4038
-4016
5066
-6598
-3898
-5813
-7085
531
8912
-8170
5944
2750
5826
-40
-2117
-8607
-7073
1289
335
9867
3177
9409
-2147
3493
-5058
-3818
7109
9436
-3557
2450
1453
-7723
-4299
2659
1755
-4742
2856
-1507
8739
9542
-1610
-8385
-8489
-8114
5108
-2319
-1102
-2920
4307
8419
1585
1879
4478
4072
489
-5727
-2264
4682
-6230
9342
7771
-3603
1400
-3860
-2366
8647
2367
-1162
738
6038
4
1517
-1481
227
9626
4014
-1562
3880
-4721
-854
7
6887
-4788
-5786
-8585
924
2529
3561
-670
350
3581
-5017
-9925
6921
6773
-6769
-85
7438
682
-5149
-9979
2038
8148
8893
4776
-9334
-6412
866
-2560
1062
-7841
6443
4218
-4532
8650
4483
-8639
8676
-2825
8383
-350
258
3876
9918
4612
-4861
8982
7459
-5507
9285
-3966
6521
-4443
7363
-8014
-750
-6999
-7827
3007
71
7392
-3266
-3906
5794
-86
9338
-9927
-4002
-1500
1722
-4296
2661
-595
3071
4981
-6064
-6263
-3882
3361
-451
6999
2144
1457
5396
-9550
-5279
-5043
2452
9732
-6638
-8288
-1231
4229
8186
-1839
4673
6908
6207
-8306
-2080
5573
-839
-4779
6778
8798
5401
9818
4770
-2881
3092
5383
1419
8370
-9704
-3349
-5038
-6894
2423
4351
-8621
5878
-1673
-2398
9883
2797
-2005
4599
-9713
8651
-1209
1593
-6871
1369
6007
-4743
-6720
1689
9771
4509
3690
-9978
8429
-7982
-902
-4215
-7238
3276
7399
-3881
-8077
-2930
-876
7696
6957
7476
-1599
-4952
-1989
6078
6949
-6596
5987
-5458
5672
-6700
1261
619
7383
550
1507
-9298
-1277
-3394
2601
-1507
-2115
-5523
-2291
-983
-7813
473
1543
429
1455
307
381
-3715
-8881
-3730
6816
-496
492
7342
-9985
-535
-412
-3839
7043
2507
1263
839
-9597
-3985
5469
-5508
-6559
-5086
-3284
1682
-3449
5665
-2251
1180
9234
-4023
-9579
-9921
1913
6385
666
-4195
9922
-7350
8885
-6598
5688
-7625
-4934
-3867
-8924
-4869
932
5117
-2363
3327
-1940
-8647
-6557
-2410
-7044
-3129
2039
5517
-4612
5928
2815
9687
3125
8938
-8494
-8909
-2855
-6613
4916
-6642
-4011
-6779
8740
536
2186
-6519
-5554
3059
119
6282
9286
6453
-631
1540
3569
9312
-6668
-8304
8464
2792
-1656
8056
-2209
5672
3244
-2128
6588
8951
-9008
-9347
2661
191
-6558
-3106
-2054
-6553
-239
-95
-6041
-7960
761
-9177
9692
2629
-2522
-6250
-5733
-1784
-9656
-561
7772
7583
-8424
-2741
2556
4521
7761
4048
6434
202
5117
8579
-1325
7990
-7540
-3891
-6271
5028
6216
9266
-7860
4003
-2424
9856
737
1703
2109
4891
-6313
-6441
5693
1619
-8019
9055
-3639
1362
4133
-6770
3976
5624
-6026
221
5947
-3949
7766
1258
-439
-7488
-6223
7668
5592
8870
253
-8333
9691
231
-3863
4024
-5805
5153
-1116
6386
-848
9855
-7533
4465
-7758
3854
4090
-8759
-6847
9152
5294
7910
-9340
-3271
1935
-6383
8427
5484
-3243
-9456
-4777
-1034
-5746
2082
-753
9141
-6988
-858
-9516
-9009
9423
6197
-435
-5058
9935
-9870
2213
-6893
8315
806
2942
4932
5041
6891
-4892
-8725
-6490
7231
1152
-5449
9674
1287
2699
-8941
7760
-8677
-6935
-5362
7227
1862
-1478
-4497
-6572
6817
8352
2150
-5892
-7335
9803
2100
-6728
5720
-5454
-9473
-6522
-9186
2355
-7472
4355
7114
9683
7723
-6950
-9441
5326
586
179
9065
4894
-5467
-3803
-4187
8817
-2503
5860
-1110
-4169
-9423
-5361
-8041
2948
220
7413
8706
-7838
-8071
-4886
7993
-9735
-1038
-2004
-928
7376
1190
1344
-5664
-3751
-6447
-6461
-6229
-5697
-5741
1619
-5647
6204
153
-5847
-6266
1804
-8987
-3162
4866
1753
450
5092
1958
-5799
1092
8325
4655
-545
-2855
385
8427
1024
-2647
4073
4195
-6846
2816
-1555
4785
1800
-7529
9868
-33
-1487
-2741
1266
535
8902
9870
-7031
9469
4112
-6180
-4944
-238
-2058
-7810
5728
8112
-4042
-3313
538
5701
-8936
4580
-9203
9493
-6012
6122
3768
-3911
-3103
2301
-4691
8947
3381
-6562
-7551
-311
-9789
-1894
-782
-5240
8502
-1987
6287
-777
-7558
8384
-6348
-5447
9228
5442
-3250
-7978
9813
9056
124
-4286
7208
7716
-1770
9485
-3857
-7698
-8726
6597
-6492
4087
9665
8238
3853
-2886
8522
-1817
-2857
-6661
488
-6373
-1217
-8533
1627
-1176
1547
3778
-396
9449
-5367
5656
7953
877
3459
9418
4489
7947
9897
5118
8810
-982
7471
-5667
6910
-8730
8604
-634
2914
4925
2894
7099
177
8606
-5022
-862
-5591
5955
-3222
-6531
-5075
-5212
-9866
-6814
-8813
-4096
6613
-499
5047
-8624
-2119
-1628
-5898
9519
-1408
-8777
-7630
9427
2137
-3536
1018
-5470
7638
3709
2619
-9665
-7633
6846
4944
6608
1798
-9234
1920
2098
5524
7355
-8095
7000
-6127
-3642
-1211
-6566
6576
2497
5587
-2025
-9128
3653
556
2204
9636
-3031
-8992
-5230
443
189
-1501
7337
-8935
2757
5195
3925
3162
-3846
-1474
-3416
-913
-9194
-3793
1003
-6345
-2119
-6318
6816
-6842
-8482
5510
2010
1900
1674
-2976
-809
1829
7268
5680
-7551
-1510
8301
6175
-5267
-1924
-7109
8927
-475
-5986
2752
-9282
1167
-8833
-6432
-9066
3505
-8611
-3666
2795
-3014
-2620
9642
8410
4392
-5476
-3884
5408
4924
4777
-7741
934
109
4887
4165
-4767
-4061
6854
-561
1276
6185
8704
8646
9
-3814
-8935
-2752
-3967
-566
3002
371
-7354
4957
-9650
9614
-2385
-1749
-7395
8206
6551
-6556
-2166
-9954
-2104
-6627
2769
4467
1309
-2792
640
-6847
-724
-6265
2577
-888
3445
-9320
-1197
-2054
-6918
8581
5085
826
-4152
-7791
2683
-6957
568
2509
373
9265
9687
-2042
8906
-9320
-9993
-5242
6883
2413
2484
5314
3959
-4819
-6132
4872
-725
7028
7141
-1512
-6801
-300
-1474
5587
9612
-8663
159
754
8748
-3066
8660
3354
-5958
-7529
-6005
-3812
4443
-1638
-5688
-5001
6857
-8255
-6402
-5533
-6640
-9596
-5255
2351
6160
4140
-9720
-8562
-7456
-6149
-7694
7898
-3396
9250
2447
-6757
-3774
5013
6558
-6017
5477
-7641
3705
5432
-6842
4580
3469
359
7639
8992
-2092
1422
9905
4020
-7060
-915
-6389
9341
1079
-8106
-4717
1916
1928
-6858
-2830
5459
-7189
2091
3023
-1676
-1059
-5330
-6162
-3757
1420
7965
514
-4592
-1323
-7843
-1988
-819
8124
4091
8804
8380
402
-6769
-7881
-1984
6594
-5854
-7295
4028
-1508
99
-3275
-3543
8670
9283
3630
-9339
371
3238
-1547
3952
-4648
-2124
9986
-5935
-3528
2691
-3006
8750
-6992
-6187
1434
6752
-3754
9489
-3003
3837
-2532
-494
1381
9137
6744
-4320
2510
2655
-7224
-7465
5444
7698
7339
-8703
-2177
-8123
-2263
-6127
7739
-8866
-4177
-9933
1281
-3016
4746
3506
155
82
-5210
-3671
-8898
8159
-2115
6616
7449
1921
-5819
297
-1191
-3214
9584
-2714
-6940
-9455
8601
4514
3337
-6473
8187
-8020
-3285
1349
-3723
6289
9030
4308
9107
-3444
7566
-777
-9147
2745
1100
6535
351
-2856
-5957
-2850
5770
-7119
-1412
-2683
-5265
-5626
-9958
-2964
-962
-4534
-7931
4113
5124
4188
-1526
8402
6295
2660
534
3756
-6055
6357
4822
6582
-2542
-1097
2890
1031
-5321
-7993
-1896
6363
-3312
9041
4945
-4310
8158
-7598
5422
-4333
5889
6796
1050
8968
4883
3633
-2429
-4884
8703
7636
-4169
-2564
6394
7417
-5891
3223
-8191
-4983
-840
5461
3371
4607
-1045
-1536
-9012
-7665
-6171
-8892
8781
6442
-2266
3516
-1536
-4448
-8996
-184
4086
-7883
-9254
9268
-5068
-2077
2183
6169
233
-4419
-2120
-1570
602
2099
-4018
-4260
-6918
1688
-1862
-7059
-3061
-4854
2619
7157
1731
3648
947
6602
2391
-7851
8866
5070
-1491
7975
7837
-6594
1060
-2006
643
-8879
-7227
9515
8172
-7384
-2625
-8207
-6050
-7087
-3406
-2793
2569
-4187
4158
-7047
9798
8021
-6375
2969
-5574
-7746
159
-3260
-9225
7883
-2338
-9350
-3511
-7349
1439
-3169
-9395
6526
5698
-9510
-5495
1620
-8181
-4466
-717
4523
1860
-1602
213
564
-7994
-326
4072
4108
3374
4865
-4609
7146
-6004
5150
3167
7776
-5564
6418
-3685
-7417
-3203
965
710
3464
355
9752
-2571
4464
-5478
-2304
-1311
1423
-2187
7698
-7463
3800
-737
1558
-8612
6468
7694
7051
-7163
-5455
3248
-9066
6439
-330
8962
6732
-7842
-3658
5899
1982
-777
-7018
3508
-539
-6511
-9071
665
-4238
-9111
6135
2547
-5649
-2392
-8297
3639
6403
1821
2540
4020
-2098
1341
118
1276
2081
5831
-9835
-1220
8706
-7636
7817
-6623
-2135
-1782
-5454
-7558
-7768
-218
-4581
-4136
-9851
-3719
6690
-2640
-6064
-2038
-2950
8049
5305
-2689
2126
-7725
4872
-8062
-1634
996
1358
-3516
4397
-8062
-2264
963
-927
-1175
3768
-7469
-6025
5672
-5582
9171
-6119
7454
-8633
-8168
4934
8544
-7281
4733
-1474
5160
-5856
2402
1391
2305
-7484
-9628
-2622
-4395
9046
8624
2893
367
-8676
9866
-7625
-7109
-5102
-4373
-4542
-3580
7012
4153
-1172
-4344
-8082
8311
-2137
-3392
9829
566
7978
-9363
1380
4698
-5943
-4637
1211
-7309
-6382
-9718
4202
1153
6144
296
-7736
4175
-5372
-7040
122
-1582
6668
4408
-4213
488
-7976
-7513
-8285
4330
3914
8595
-9742
1601
-9122
6145
8833
6648
3854
-428
332
-8305
7626
5570
4955
-2983
-8275
3014
7835
-8403
1983
1685
-3816
5352
-4861
8002
1537
-1313
-8899
8490
-8072
3302
-6912
-6124
92
-3003
-1110
255
1419
3754
3246
-4787
-8903
5392
-857
25
9473
2192
-5887
-1904
-4231
-2818
743
2435
6239
-9813
-4718
-8138
-2131
-9848
2782
-1131
2814
9703
-6967
4225
3080
2856
-7309
9805
-8149
-6447
-5066
9019
6029
-1899
9686
-4738
-4245
1680
-8090
1111
82
5053
9664
4419
-5386
-1617
3895
-264
-9219
-1862
2382
3709
6821
-8961
-1225
-6204
8859
-4079
-1467
1227
2994
-6732
-9963
2129
-5736
-8699
-6190
6514
-2833
1521
-8380
6867
-5794
8421
500
8916
3636
-475
-6508
2437
8768
6745
-3425
-7288
-1400
-1513
-3231
7228
-2197
9071
7546
-655
2999
2296
-1681
-9398
7745
-1980
4072
-8861
-8602
-6428
6937
-4589
-3571
749
-5597
6438
8609
3719
2934
-7140
9904
8779
-2479
-3377
225
-6670
-4313
-3991
-3995
-8304
-5123
-4783
-9233
1676
8458
9575
-8637
-3149
1654
9876
-827
-11
-1423
-6865
3322
4463
2562
-1148
-9875
-1076
3436
-5515
583
2652
5227
-7061
-6702
8511
-4612
-3230
3555
-1908
3628
6507
7494
3753
4429
3226
-9654
-6407
6803
6709
5403
-1148
2147
2126
7639
7426
-2905
-6286
7956
-4703
6249
-5855
7204
-1212
7877
6047
7347
-6499
3526
1301
7273
-8895
201
-2304
-8956
8349
-7681
-5485
-9982
-5251
58
-2519
2929
-4953
6974
-6955
6727
-3023
-2018
6397
-8916
-5230
1814
-9903
-3463
-9585
-383
3152
4855
5096
9736
-8334
5655
-243
476
3698
355
9683
-9040
-2607
4880
-8867
6726
-5517
6188
3901
7858
-6680
6058
8330
-2300
2172
1654
-4379
-8275
4487
599
-1163
-3688
-8626
4301
4982
6387
816
-3613
-806
-6150
9750
4116
-5092
2029
-4302
1792
-4039
3833
-378
5585
9500
5982
9143
-5865
-7775
-5654
8706
1327
-8711
-9342
-6858
-8946
2433
6304
1399
4340
3652
-943
-2532
-8671
2337
-208
-515
-7821
-2779
-8559
5534
3150
-480
-1818
2819
824
5687
-1859
5017
-9187
4016
2655
-9878
7120
3050
9936
6141
2313
8083
2198
-414
-7180
-3498
-8557
5192
1288
5317
1316
-6792
-3828
478
-2573
-5833
1849
5098
-3261
-1274
8514
-3999
2931
7672
9217
-1216
5020
4639
8320
-6468
-871
-6276
1772
5532
-1794
4212
-8574
5402
-6713
8148
-825
8242
4663
6975
-6996
651
1038
1115
1901
-7292
-5924
-1489
-137
-4853
5542
7491
-5663
8530
-7731
9182
7840
5679
-6368
7031
4264
4101
9336
7831
-3411
-6395
-3310
-3655
-926
6523
3964
4083
-91
-1431
-8362
5881
-5429
-1467
-7085
5819
3117
3859
-2230
-2211
5911
-3692
7870
3079
-5345
-4513
9270
6328
5612
4073
6376
6618
7008
8540
364
-4268
9634
-7594
-9652
-1450
2007
3514
5668
3238
-7151
8547
-1858
-9069
2990
-4559
6265
-3819
660
-9812
-221
2937
-1082
-6157
-5744
-6102
9912
9300
1749
3740
5553
-9910
3588
-3819
3308
7499
8567
-3345
9916
-7467
6531
5862
6216
-5255
-6622
-7418
60
-6361
-5142
7303
-2365
-7141
2163
-599
-9827
1638
-4753
6868
2840
6493
1426
-8689
7910
-9323
5041
-1546
6765
1506
-7680
3240
7831
-1581
-9957
5744
1915
3398
9505
4861
4478
-8398
8029
-3275
839
1787
-7123
-6255
9440
-5158
6172
-6007
2609
-2461
-4561
7136
-8448
8971
-5974
-4962
8389
6729
6954
3243
6142
5395
-3731
4850
869
1325
-3892
6955
5714
-3968
-2440
9685
2616
-4651
-7162
-8100
-4173
5861
7260
-1658
1094
-8298
-3914
2429
-4120
-4284
4444
-2118
2614
3019
-3431
-6615
1705
8831
-3421
-84
4342
783
-4275
-8375
-9373
6312
1546
2426
-549
-5436
1688
-7100
690
7114
9416
8259
3456
9382
-329
5813
4296
-1101
-9872
2456
-5844
-4119
9324
-2916
776
3449
7306
400
-3100
-3470
4617
-4932
-7656
-9444
-1697
5939
1377
-8312
-1624
-686
-46
-4313
6557
-7589
-6845
-1641
-8279
4923
6422
-696
1753
-4658
-2307
4790
3080
6914
-7257
-7910
-4639
-9228
2746
-4665
6053
-3155
4003
8601
4086
-9605
-6663
-4541
3982
3100
6830
-3275
-8742
8535
3027
-3968
-4610
2869
-425
4298
74
6563
7537
7345
464
-7086
-7708
6317
-2787
5389
502
6141
-8363
-9829
-5079
-1497
2947
4908
3127
-818
-4271
-8308
-6627
-2251
4857
3714
-9039
-4035
-5948
230
-9987
-7649
-6776
-7658
1375
-2340
-315
6826
-6041
3763
5418
-6250
-3574
7786
-222
-5370
-6093
9372
-5796
-9293
3536
-3269
2902
2961
2162
3113
8320
-8598
-5469
3384
4300
-9934
7426
7663
-9723
2410
-1232
6766
-9092
9900
9454
4005
-919
4670
8552
-8472
3944
-4141
-6804
2726
2137
-1244
-7362
-1843
2446
3636
-4023
-3042
2984
613
-2775
-8664
-8611
2695
8648
2350
-9180
6882
-8421
8877
2794
-5819
9063
-2079
-5051
232
-7274
1616
-9550
-6017
-6230
-6679
-7391
2572
8772
6897
-4068
9181
9920
-487
-4913
-4037
9832
9365
-8953
316
-4656
9849
-5280
-8066
4658
5835
5410
8825
-5786
-2119
9707
-4017
-6003
-2227
973
-120
251
-4439
-5535
7361
4111
5840
7979
1740
-2647
-6213
-8144
4272
-4246
-8348
5498
-6937
-8039
-7478
342
-2825
-4152
7080
-5065
6822
-8262
107
5194
7979
4794
1958
527
8044
-7480
-5913
-3209
-5799
-3372
-7498
4762
5101
7015
3621
-5337
4229
-8876
3983
3159
-7698
3256
-210
-7175
3186
-2228
-6326
8745
-638
7381
-5532
-3496
-9940
1693
-754
3431
-5141
-6755
2339
8596
-4288
6590
-7553
3736
1690
4540
-9070
8180
4122
-4666
9983
-5843
-922
-5448
7456
-7951
-480
8892
-9807
8369
-8618
-6626
6245
7064
6342
1312
8519
-9201
-6902
-4796
-686
-1887
-8698
8854
1293
-2064
-9225
3571
-1059
8272
-3208
2076
9452
-1239
-8518
-4353
-1883
2575
-8056
136
-5701
-1262
475
-3578
1304
-4986
4457
-2177
-4900
1961
-7058
-5539
-1231
-8713
9640
4324
-7988
-5252
2114
-1684
6270
9910
8713
-6175
-7494
6548
-2658
-2093
-7310
-1445
-3246
6942
-827
9415
-2362
8222
2347
-8045
-4409
1473
-6661
66
-9606
9017
2629
-9714
8513
-3169
1006
3170
-8069
-7685
2186
3887
8808
-7718
7890
5630
-7538
8601
748
-3098
9253
8553
8125
315
8072
-4900
4323
-8769
-4478
6442
-8159
3812
6611
4114
-4002
-3484
-2423
3874
-8694
1709
-6158
2112
-6220
-9157
7339
-7388
-5130
-9696
-8285
4182
595
953
7977
-5518
8964
2274
-5574
-9811
9780
-3970
-6323
-7759
3753
286
-8881
8723
-4628
-6928
-3712
4767
-2863
4443
6101
-8176
-9021
-3728
278
-3122
8268
8798
-4754
3709
2705
-239
1264
7060
-2311
-5924
4381
2603
-3641
1720
-5291
-941
-7818
-2817
8069
6876
3591
4503
-7656
-4794
-5917
-5213
-5663
4360
-4903
-4016
2759
2794
5469
2134
-2017
-3483
8124
863
-6290
-6105
-7912
6452
-3360
-2828
3557
1328
4133
-8723
-2663
7913
1144
1845
-8155
8779
-3551
8880
6702
-9844
-640
-8759
-716
7833
4273
7153
763
-6701
-4569
-1426
6439
1442
9585
-3664
1571
-8690
-3124
-9796
-8144
-8283
-1425
-9331
5545
-4495
-7303
319
-5748
1049
-4098
5851
-5421
4213
-4398
-4416
5713
-6523
-9774
-4604
8147
7072
-184
-3300
-4671
3973
-3825
-6630
9154
-563
-8447
7143
2257
8628
7156
3182
-900
-5182
-8072
462
4201
2226
5378
7510
7671
-4024
5637
-7909
-4716
7386
-6975
5202
1168
2889
-8722
9629
7930
-4039
-6167
3617
590
5170
3518
-7427
8992
1096
-8447
-189
9938
-6207
-4969
-5561
5237
2489
-8180
8705
3404
-9624
-2004
-5139
-8727
-7394
-1680
-6663
-8995
-3362
3478
4347
5006
4242
-2359
7902
5170
3829
-3621
2323
-4343
1937
4048
8793
9453
-6782
-3428
-4611
1235
-7838
-9475
879
-2661
5145
4938
7190
-4790
-1473
729
3960
8779
2561
9531
171
-2529
884
6484
-9719
4998
-8062
8178
-9499
3144
-2343
3913
1874
-7398
5422
-6735
6763
-2375
3498
436
8920
1792
62
6261
5810
-2531
6032
-4718
6641
3385
9080
-5404
-4536
-9110
5361
8976
-115
-1115
-5112
802
6451
7292
451
-1383
-7561
5656
-8272
692
3726
-9971
6022
9569
-3468
8309
-1260
1850
-6505
-326
-7622
3470
9445
-5073
4918
9566
379
4101
-1208
2384
-3285
542
-8172
9305
-9560
1956
5472
-4720
-9282
1533
6763
8420
6905
-826
-3743
4506
3756
-966
-1626
2544
2782
4835
-7811
-3671
3498
-3877
-310
6815
2712
7359
-2785
-9995
2808
-1337
5737
-616
9070
3112
-4816
9036
7851
-2653
1166
9970
-2794
-3664
-1304
-329
-2845
5214
-7047
-7253
2131
-8401
-8888
-8000
-9897
8575
-9226
5657
351
-6855
-4262
-9644
-8187
-6726
4726
7353
1343
6489
6102
4313
8323
2007
7667
-8398
3814
-2136
-8607
-3191
6288
-8075
6230
-864
2956
8903
7783
-7773
-3650
-6870
-6628
4098
1764
4170
-4585
8144
-4650
-4345
7796
-3184
6739
-2244
1100
-1657
-5961
6306
-8007
-5071
8858
3984
5410
230
2840
-9819
-7683
-2120
-300
-6857
-3516
6310
-364
5349
-8829
-3797
-5717
9824
-3922
3524
-4983
-5305
-3850
9899
9744
-245
7539
-117
-8608
-1205
4046
114
-2270
2912
-3488
-5925
-8776
-6459
8783
6711
-5994
-8770
1442
3574
-2999
-5700
-8008
-7942
-2448
7957
1326
5160
3242
-3856
-2347
-86
-336
-823
7749
5154
2238
2024
565
-3540
4185
4337
4635
-5354
3791
3839
7862
-6994
4423
7310
3740
-5047
1201
-2268
3337
4357
-5375
-2307
-7645
-7676
4996
-6793
-2156
1727
-8300
888
-7317
1306
-5616
-4597
9093
-2289
-9796
5369
-2992
8356
3540
160
284
-8473
7731
-543
-3568
-6739
1835
-994
1734
3455
3248
-4392
-3082
181
-3934
-8670
-4203
-8304
117
5391
7529
6600
-9119
-3730
4506
-1403
-6185
285
-6560
8540
4700
-3013
-6711
-2253
66
-1607
9579
4590
-9946
4719
-7390
-1546
755
9490
940
5135
507
2346
3477
3223
-6296
180
-7827
3885
-5691
-699
-3919
-522
-1924
4137
-2560
-4364
9754
-3736
-9770
9448
3068
1055
-6942
8275
-9402
-7521
9401
9841
8646
-8311
6464
-5573
6168
-2823
-9257
-4938
-5564
3333
-2341
4554
-1583
6002
9071
-3669
-1463
5259
-9292
401
5153
-483
-2860
-3992
-1510
8159
4642
2713
-3273
-2251
7864
-8990
828
2142
7525
-6489
-3551
7893
-1084
145
-9144
7437
-8052
-3562
2436
-1027
5594
-4675
-3316
7634
3009
4738
-6573
327
5656
1942
-8256
-449
1750
-671
351
2903
-9416
364
3729
7121
-5581
-8907
-6778
-9205
-9631
3227
-6762
-7262
2530
-6933
-2121
3877
-5139
9812
5245
-1159
5654
-9413
9547
-1999
1041
-1007
7522
7242
-9646
-4023
-9812
5134
1114
6702
-1126
-6890
-9218
-2085
-9366
-1102
6030
-3121
-4598
8445
3087
4877
7684
-2984
5175
48
3983
-6933
2790
6015
2774
-7466
3510
5848
-7617
8768
4134
7803
1849
-1852
1593
-5225
-8955
8198
-2078
-9281
5864
1397
-4685
-6101
-8639
-2575
-6518
8586
5209
8950
-5867
7149
3882
-9978
-990
-1490
5475
7078
9890
-3296
5693
-2911
8729
8943
3302
-5417
8871
3851
5352
-8185
7172
-9731
9036
1291
71
-451
4641
1987
3546
48
137
6801
-7544
6097
-8056
-7434
-8139
5695
7365
1538
5666
1795
-8381
3051
6144
-5920
-5685
2369
7827
1105
-3727
-983
363
-7001
-955
6075
5916
8758
5430
-1291
3835
-6284
8191
9219
4380
-9317
-6030
-722
-8495
3579
1188
-248
-9780
-6174
7729
-9571
609
-9297
-5884
5626
6166
-7008
9981
-1114
-9014
489
786
6508
8438
-2828
4345
-1102
4286
-2781
2942
6803
1181
-2500
-101
-1491
-4111
-8244
7034
-239
-5345
-3239
4901
-3882
-5989
-6505
-6284
5427
-6164
9950
-7787
-5134
9437
-5437
5243
5695
3362
1413
8027
8720
-2698
6876
283
-2016
-275
3178
4226
-540
5120
5242
4017
-7542
4849
-1781
3532
-9520
6201
-7349
7800
-9595
6698
4100
-8024
-8161
-5201
-2488
-2889
-8510
5351
505
9284
-549
565
-916
-5794
-7753
-7223
-6096
9095
226
1342
9331
2565
-2691
-5607
8496
-3753
-2486
-9084
-6269
2929
-4249
2204
7959
9496
8205
-6570
-5827
-8568
2376
1937
1195
8417
-9745
4906
-2711
6600
8658
-7202
6588
5814
-7947
8016
668
-4389
-9030
-4404
-7214
-1154
-1678
-5503
9471
2812
-461
2629
-9500
-1353
-5863
9877
-394
-4561
-1928
-6268
7603
-8304
4758
-1809
-9781
1443
603
9722
-5910
-2453
3335
9117
-5660
4922
-4856
48
-9922
-9146
-3956
-4223
-3100
-7145
-3073
6135
-5861
-7991
6696
-1797
-5298
-7764
9618
8613
9862
-6981
6229
6522
-4080
8228
3744
716
7418
3646
7354
1760
4351
-2374
-126
4727
354
9477
6124
8563
-1817
-7172
2761
2605
6451
-7367
2998
-3563
-4214
7042
-3322
5966
5539
-4292
-7546
3937
8230
-7915
-2526
5095
-6740
-5063
-8951
62
3240
4724
3810
60
7440
-3220
-5505
2303
-2244
2675
-5993
-7633
-7994
-1348
5674
2048
1522
8803
8897
4493
-3130
9394
-965
162
5769
-3794
-9703
-1583
2557
-9781
-3014
-921
7410
-3465
-9647
-3582
-948
-3846
5957
7997
-3280
5590
-5721
-9523
-7677
5346
1782
-4344
-1045
3543
-7802
3866
2405
600
7581
-2800
-2565
-4710
-8903
-2027
-4472
-9082
7901
-2949
-9370
-6608
5797
1391
-5093
-5987
-6434
3198
9794
-9186
4142
-8599
-3735
-4307
4909
-7624
-74
-7751
777
-9197
-323
3030
-7968
5519
6917
-7657
9682
2504
5789
-7120
-4948
5906
7020
8586
9924
-8289
49
8506
-409
8759
-8776
-1495
2484
1806
-5717
5667
-6024
9412
2306
-7469
-4256
-4580
-6962
1455
9474
2991
5876
-7416
2562
9760
8216
-1632
-2242
4658
303
7543
9112
-6246
-1450
675
5346
-1714
1127
3836
-1898
8599
7250
-6456
5183
3103
-2022
7339
5344
1349
3875
6911
-5997
-1763
-9719
-9445
2351
-6167
9930
6619
8749
-5357
-4474
-3641
8459
-8735
7594
5977
9340
-4964
-476
8031
-5545
-2994
-2948
8264
3735
-5758
-7041
-8063
55
364
2887
-4500
-1459
-1831
7759
-907
-8919
9239
1414
-9659
-4434
6704
-3806
9584
8446
-9791
7376
-7344
-5326
6442
-6050
-861
776
-8348
-5897
-2618
8385
-1985
-5868
-8524
8047
1567
-4918
394
-7459
8076
-6481
1435
7024
2484
-101
6574
-9127
1698
1466
2224
-3941
3678
-5719
-4798
-6353
2985
-2659
-9448
-5764
-2212
5158
9001
6754
2806
8164
5307
-5965
-6328
-1665
-5879
-2520
5638
-2025
4873
1207
-335
-3107
-572
-1982
7262
6344
7301
-9513
-9028
-4297
-4661
-5206
8701
-9449
1720
2779
3631
-4465
8710
-6705
-8391
746
4107
-8232
-5279
9054
-3161
-6790
816
-5753
-976
7252
-7260
1618
-6061
-6488
-1110
-4388
-5547
-5028
-1216
-5262
2193
4910
5199
-5194
6477
653
-8794
772
-9797
-2798
5204
-8405
-8768
7916
-9094
6808
4078
1133
-8271
1347
7327
-3236
-5735
-6041
-1246
6797
-5406
2953
1573
-1484
7572
-5102
6404
3131
-9475
-3626
5718
5100
5122
-4362
-567
-3136
2874
2037
-981
-3514
-1671
-7967
649
2792
-5437
-5227
2790
1009
-7428
1911
-8266
-2268
-4471
-3342
1785
9675
8212
8587
-2034
8317
-3118
-736
-2271
5232
730
9317
-4703
8831
-6123
-3600
6373
9067
8230
-3602
2983
9491
-4770
-9774
