200 10 30
778
497
228
478
494
122
393
49
53
538
139
546
841
16
141
659
150
609
375
905
508
346
872
948
936
369
591
759
817
542
78
458
147
17
870
805
59
331
91
144
539
917
862
564
390
231
955
534
46
292
515
392
617
371
163
232
682
885
540
204
353
464
260
461
877
825
444
908
124
910
867
5
374
993
35
114
156
90
856
269
351
341
951
318
467
2
605
803
215
743
813
979
510
722
80
620
729
284
412
935
315
662
982
757
243
878
628
913
873
881
290
629
503
136
207
438
780
3
355
188
306
47
845
800
415
397
570
869
362
67
612
829
925
854
200
384
363
242
632
283
405
850
927
86
657
727
590
916
779
556
977
180
999
492
756
64
433
732
795
791
414
633
359
985
933
408
592
812
446
387
220
652
642
257
24
552
205
961
11
975
167
54
261
218
897
104
625
804
735
429
711
267
653
137
280
821
671
796
610
607