9999
6379
7207
6617
1390
8690
7649
925
6695
7898
4156
5949
549
3565
7418
922
130
7661
7281
59
906
5830
5189
840
6590
4365
1654
5482
2869
4000
3888
2580
2555
4868
454
7620
5960
2522
8426
9944
7727
9345
7530
7882
6265
3325
6758
8926
663
7612
3830
2334
7154
7953
1281
3728
2212
5082
6532
1515
5414
5663
8273
5894
6097
2824
6737
9874
7420
1475
4144
8724
5440
5087
2931
6658
6170
4903
686
8721
1081
3180
3543
8358
3064
8082
5096
8649
8907
754
3422
1077
790
6400
7551
2601
5989
7003
2099
9016
4877
7739
698
4273
4105
8610
8132
2343
2265
6420
6522
7060
7974
1079
8131
2472
909
9918
5310
1413
3292
4370
4248
3388
2271
9079
4425
9440
2355
9993
3668
1789
9614
9849
5104
2316
6856
6265
5173
6817
8916
3607
826
8967
4160
5149
518
6999
637
5400
1836
2107
9609
6234
2134
2500
3209
5953
8416
2975
4758
3523
350
1536
7899
3750
6393
5547
723
6389
9632
3975
9047
431
862
4123
9028
6264
4233
4115
3236
8712
7911
2367
9485
4961
5667
3002
8306
3888
3275
2195
8613
2824
2855
5351
6435
3950
3463
5235
3308
293
1016
7080
8053
6030
3577
7949
523
3445
759
9517
5404
3382
136
5187
1039
6762
2115
4734
1434
8878
8583
7161
4168
2891
2611
6561
5214
992
201
7348
6539
3930
3128
5228
6985
3630
4504
3196
2615
461
6092
6697
6399
5010
5062
860
3886
7940
8758
9551
5311
865
6143
4543
7247
9694
2913
8545
9530
5360
4478
2393
2062
9506
2281
8110
5297
3985
7773
6895
6018
2759
7138
8524
4328
6803
3221
2418
4094
9625
3744
6533
1233
6444
7125
6637
2422
5987
74
1248
2964
1094
9139
5018
9987
8142
6213
1531
5148
9717
9658
541
4163
1735
6897
2496
3191
7164
5959
539
935
8388
6628
7497
8959
6457
1964
8033
3891
7504
9190
4331
1450
5403
2616
6901
5741
8157
9008
121
3788
1091
1708
9731
3445
6599
8603
577
8347
9780
260
3202
6890
4073
2554
2552
3683
9429
5439
7052
6979
4880
7304
9922
1611
7256
7945
855
1724
3452
9884
4880
3680
1518
9830
1927
2289
8857
66
5782
8810
5279
5791
1623
1342
2671
9641
192
4737
8599
4779
8533
4023
3246
4004
1423
4067
3378
1742
1651
23
8977
9628
305
1667
1273
2209
6088
7087
6921
8562
4383
7678
2097
2551
3245
1646
6840
5815
8356
5547
3275
523
2804
4010
1681
9328
823
1066
2490
4450
3174
8579
9748
1869
7898
2723
3816
4175
7140
2158
3967
5710
2005
4327
1500
4849
9801
577
1699
1964
3047
5281
9448
5011
6860
9190
9577
6248
6033
6310
7518
8341
2794
210
2010
1174
7699
1617
7085
8892
8244
394
3424
2028
9964
5801
4167
5035
1097
3176
3306
1599
7242
2641
4968
8809
939
1768
513
3603
8329
8464
4377
4285
88
908
2435
7202
708
78
7483
1658
4298
7256
3950
9281
8216
4246
8879
3287
4603
6908
4780
5503
1011
1982
3480
6770
9117
5351
6799
6740
6162
3388
7997
6539
281
846
4849
1349
466
4033
9356
6589
7313
6244
5458
3515
634
728
3248
5480
7245
2211
6450
3426
2013
5843
5740
2471
1606
1539
4053
2693
5421
4688
2994
8603
7543
1012
6154
8785
7481
6422
7966
9118
8133
483
1878
6891
177
6815
7
7137
7827
9111
6442
4156
4339
8398
8338
2861
9788
970
9065
6662
4459
6978
5230
2055
4441
5294
1723
5146
441
7184
5081
7806
8929
5771
2748
4614
5187
3979
4586
809
8454
8628
6242
1810
6506
4248
5282
9911
563
1078
3992
464
3647
4225
9961
7775
4847
3053
7357
5739
6724
8211
2089
9368
8191
2515
1035
8021
2401
5335
387
4918
874
6630
8209
4887
1255
3600
4031
3164
4183
1415
3498
3588
9774
4141
3983
7230
7887
9514
1589
3583
8357
3800
4712
8626
8818
794
5477
442
4511
1213
9283
6247
8189
9335
562
5591
821
9597
445
7613
4684
7965
4903
8383
71
5558
8104
2564
7352
9452
745
6722
4821
7663
683
7878
7195
8465
5185
2634
760
7051
8389
3421
6508
9428
227
2043
9009
2104
868
6682
7963
1561
3033
434
7096
2775
2933
7412
9244
6294
4693
2813
2182
3802
9051
3506
8861
8206
9497
4403
4618
2150
8881
9887
7440
4675
2291
6701
4297
8715
6420
329
1777
351
1211
8951
5534
8415
7471
4528
6411
2146
9381
8831
6731
2949
3756
1269
1773
3767
7327
9368
5235
3371
8500
4449
2485
4089
5832
4365
2149
4997
4209
2601
198
2386
4685
2890
1977
3888
7741
9658
1296
8965
372
4064
8952
236
1376
3747
6133
1075
4014
3732
8656
728
8331
3519
7378
6315
466
2823
8503
2767
8488
8410
3902
7933
9444
7159
5351
5813
6405
6208
9879
4594
354
4363
7397
3644
2424
8928
4620
7096
2170
2094
8418
86
6033
6488
7604
8708
8680
4496
8798
8252
3143
1667
3878
1850
2237
2054
8409
5508
8436
9639
2722
1931
2113
4280
8401
9790
7884
9961
556
7068
4566
8146
2989
6445
6924
8901
747
9851
7133
820
8731
3716
2680
6290
7154
9059
7120
6065
6099
4232
3033
8928
8609
8077
4679
9306
3186
3807
4117
4691
4130
8011
2544
8714
4652
9714
6025
120
5135
2885
2593
8580
9781
6856
2152
1653
6056
8886
5951
2173
8093
7773
5107
328
4813
5211
8788
7059
2070
1095
2361
7009
903
657
9370
648
418
2438
8140
1675
9592
5298
4501
3293
5215
5374
9789
6943
8195
1283
8888
1272
2612
157
200
4008
151
864
4716
1458
8552
6777
5571
9881
5764
414
2571
8194
4625
9112
9427
7002
765
2758
4296
9770
532
3912
2145
9363
6916
6453
1915
3085
7306
7815
2546
1317
1592
3613
2256
1336
7053
7516
5183
7253
5484
3167
3473
7753
7217
7352
4893
2376
4691
3174
3247
3161
6481
8318
6350
6855
5032
4700
9341
5762
131
8360
1565
9707
5321
7439
3760
1639
2276
3851
7682
8061
3700
6059
8390
1580
8152
447
9088
1475
5850
3754
6939
3126
3940
9668
8495
2314
5361
1145
9780
8080
2920
7045
373
6677
7833
3684
1641
2801
147
4389
7711
8393
9628
8833
5473
7171
6726
3678
5557
3360
2145
3641
9964
289
721
2335
9988
3741
8369
3572
9438
6773
4625
3964
8509
2738
8729
7916
8489
8569
1403
7463
7550
9460
463
1140
4151
5190
7980
5970
8908
9924
4739
7815
9327
7455
1353
6533
5808
8593
3657
4564
3390
4613
8805
4921
7217
5751
384
1203
2513
8042
9955
3617
2937
8582
2471
2271
2929
2570
6236
7591
9492
2451
7904
1617
1608
7241
8156
3275
3960
5565
7256
7830
7228
946
2522
7340
6134
5676
7653
9804
3977
5671
2273
8014
4514
8607
8467
6908
1202
1468
4543
6152
3609
2426
1289
3533
341
90
1666
5454
8235
551
5835
4979
5429
5321
1170
6156
127
6025
5720
5120
6827
6822
613
4153
8175
6116
9459
7489
175
8772
1058
6665
2446
5607
6026
9353
4529
1084
8619
5327
7994
6165
8554
2538
7818
9763
5615
9287
2105
2069
5937
5439
5067
4410
7054
7044
8762
4605
2113
125
5202
3471
3463
6861
5486
6206
9768
6231
4381
3703
543
7695
8690
3341
7806
1435
479
3217
7271
3745
2731
3457
6532
906
1601
2206
6925
8538
332
7884
7117
3275
985
306
946
9542
7969
9032
3661
4172
6305
6942
1141
3805
4332
2792
1372
6567
1796
5267
7746
7161
7832
8829
1393
6056
8851
4098
8237
6437
5590
9211
3479
3443
3039
7197
7316
6515
1814
4313
7168
4075
4770
5083
6813
7213
2571
9599
8181
1451
2988
60
2290
5555
8868
3431
455
7300
8238
1344
8262
8722
5377
6298
2342
2640
4914
6731
5914
1103
4610
2449
5693
3809
6993
8967
6871
4524
7067
5606
3275
7386
3591
6912
442
1641
5029
7886
9978
8038
5484
8026
7587
8499
3123
5839
1909
3290
179
8761
7072
5254
8224
4195
8178
6836
1113
8847
3007
4895
4940
8456
1955
3543
3757
6073
3567
5953
2477
6484
5193
4652
9686
9031
7630
5812
7809
2745
2180
6265
5275
6745
2221
6761
9587
5366
6387
8055
705
8582
6765
6526
3649
966
6317
259
799
2088
891
2104
6445
7231
827
1801
4008
8890
2843
4127
3008
3249
8777
6150
3159
7740
6131
6857
338
7187
7429
493
599
1487
6354
1403
5985
6941
9607
5018
8590
4462
1450
9272
8855
7826
6572
6373
3383
9251
8835
6655
8461
8394
8929
921
3990
8925
3902
3424
7133
2201
9286
8333
6182
1587
5394
5440
6981
2643
2530
6813
2287
920
4854
7865
2990
4977
7616
4007
4250
8434
3342
2814
1895
4302
1336
8819
4443
7310
6043
1072
2144
2505
1468
5573
5992
9128
4645
2586
3148
4149
704
4409
7306
2179
5584
1148
2513
733
9114
8140
68
1138
754
3587
1921
1661
8283
5229
8211
8359
2741
820
5826
4318
9190
5501
1978
5127
8717
9767
2428
6718
6442
7719
4999
9343
5754
7835
6371
5715
5905
3020
671
6318
656
282
3701
4550
933
2661
3210
3700
8286
3491
2021
1753
883
7924
9611
8029
5032
9969
2563
1248
6345
2932
2934
7912
6804
6952
5793
5231
9624
9415
1621
577
5768
7436
6126
3909
1263
1902
2069
5094
5939
1384
5776
8060
4047
1318
3231
9441
3083
9167
1716
409
3237
6469
7219
2491
123
4732
6295
8148
5879
2883
9630
7308
2214
5846
4313
687
5922
3705
7085
8659
2951
5628
907
8502
420
7133
1221
8209
3748
6646
2805
8931
2575
6375
1531
8779
7699
9143
8812
2532
6961
8643
6034
4232
8375
7636
8201
731
2781
5607
2869
6784
6524
2261
6816
3101
3477
3143
7679
17
633
6844
5146
6801
2824
8436
8811
3564
4773
4519
4277
9289
4171
5431
8132
7751
1981
5268
719
6190
1220
5244
8662
7197
7223
5528
7937
8769
2261
1
383
7918
2454
2048
7085
1221
7235
6126
4431
5532
5031
4813
2924
7632
6835
7484
4266
7751
5907
8789
7870
1261
2387
9007
5996
9929
2099
7204
7951
7960
2614
8837
7729
4549
9463
2414
3829
2043
7304
4711
136
8772
8249
8834
9742
4728
3154
8914
5238
8014
1938
6285
1193
9888
6881
6589
872
7121
434
6046
6962
3596
7728
7417
6687
8911
561
3551
6800
9859
1471
4874
4999
9152
6406
9607
3119
7151
2292
581
4315
2110
2131
2630
6036
138
2476
2448
8510
5516
3315
5730
5939
5304
4299
6956
3056
429
4255
4735
7091
891
4792
277
8046
4720
6941
8841
7880
9593
5688
9837
2514
7712
1685
5593
4188
4165
5588
8349
4671
6439
9380
5224
6548
522
6939
7869
2200
2383
96
2298
1878
4730
1696
1835
6135
322
1381
2637
3830
1956
2608
2551
3018
7964
2252
365
3988
1980
8311
4817
3882
7448
6171
1952
8827
366
8596
6940
3772
9224
9571
1772
7094
7133
8335
9156
3784
1370
5952
3365
9457
645
101
8802
5758
9755
4966
1422
6124
7789
7444
4425
5277
8113
8809
8613
4494
6018
1227
8207
5661
8862
7287
9011
8558
4083
5765
1443
414
7396
4098
9010
8501
5734
9940
501
4421
8090
719
828
9897
5365
4636
6030
8772
9646
1689
924
5122
9776
7680
8592
8284
5742
8379
208
5304
4630
4612
1149
9841
5817
7615
6137
9701
9850
4857
6380
322
2085
6560
2008
8532
9552
7780
1928
9634
6198
8351
165
288
2043
2037
1096
2564
1476
8069
7328
8651
9173
4664
493
4600
6515
4412
3714
5097
414
6664
5063
3196
6762
9832
2944
1761
1233
7952
3667
7741
754
3848
81
3644
6516
8370
1154
9041
8833
5787
89
3642
3868
791
1218
503
2567
6976
5501
4678
4226
47
2666
7863
3170
5349
1003
4229
3183
5928
1614
4858
2092
2984
2977
3907
2151
5170
4539
4349
6183
283
210
9104
3780
6985
5106
3386
5365
7258
197
3895
5200
9920
1239
1531
6510
5109
7264
5750
1583
2828
7042
8678
5606
4177
1816
2992
3849
2807
1305
2006
3998
2032
1017
3050
7488
688
2934
7797
6461
7083
7900
1251
1610
4883
9997
2385
4238
9997
8469
1378
3192
1368
2723
5772
2562
7867
8999
1384
5681
408
4210
8906
9488
9328
6178
7169
1656
5362
435
2779
2725
6147
3145
7467
4974
8981
9175
6970
3754
4536
6706
8574
2390
734
2480
3702
8281
3265
970
1769
7060
7112
2038
4374
9558
3738
3870
3409
8385
2269
9922
9101
2311
6464
6126
7819
3882
6832
9913
8555
50
3679
586
3084
724
931
9483
3266
135
4228
3936
8644
5988
744
1894
7804
2871
2764
6505
699
7286
9634
8989
2247
8068
9921
6484
3039
7709
7419
5148
7494
3685
4711
7167
4696
4743
8028
7876
4966
7921
5564
7408
5908
1744
592
9401
2106
877
3772
6700
69
3106
1204
6268
6535
8752
1285
7036
7178
9979
3563
3461
6580
8893
4033
923
2700
8359
9848
1316
6784
7919
5753
9986
8126
1837
303
2225
7309
5294
1796
5941
1625
9867
3361
7696
4678
4239
4115
3782
3830
8834
902
6731
385
3517
1714
1893
751
9171
3579
6334
2669
9229
2937
8577
480
2102
4040
334
4283
5708
98
7303
9743
1782
415
2820
8688
639
6954
252
6271
2442
5863
4449
8484
2496
7467
6423
46
6539
5920
9089
3599
572
8305
6403
8706
9145
7640
6097
9378
8789
7347
58
6591
2726
8795
3981
4682
1333
9921
1471
4142
6285
3625
5405
4246
7883
9504
8889
8999
1806
598
779
3132
1457
3617
7812
1167
7374
4200
3405
7616
4067
1010
2881
3624
1084
3982
5231
3795
1037
2948
4331
6253
3289
1705
8769
2264
4095
8827
4715
2146
503
2239
9642
558
3766
7006
7785
9734
986
1958
6798
6583
1468
2022
6222
5840
8140
5516
9396
9462
3553
3527
5635
698
2126
4067
5020
4778
8556
7152
4848
6252
7499
2768
3582
3466
4121
6592
8418
5889
8411
8780
4008
6059
7677
1076
2656
12
687
9728
5068
1339
7353
1239
5819
7892
4221
6848
2850
5139
4843
5271
6373
9426
1760
9487
5997
1665
9187
8558
2707
946
248
1538
1257
2202
3578
8499
891
7168
5527
1754
203
5339
8539
6113
8129
7444
9142
3963
4151
1844
5449
8951
1825
8118
8771
5328
3497
37
9811
1964
4645
5936
6459
9654
4862
5987
416
6416
2357
9258
4805
5382
3811
5997
1411
2991
246
109
7533
9491
7861
3676
4068
751
6121
2538
6595
2728
7683
929
2999
639
5334
2940
6419
7951
29
9531
8620
6340
6227
7356
6033
6751
2263
8635
1336
965
5750
854
9347
2812
3925
7910
7585
4318
5367
8666
1599
197
4541
3882
608
687
308
7272
1149
8517
8149
4276
7992
6409
7562
652
5804
6583
8585
1653
2220
3326
2203
1827
9128
8345
2720
8720
654
8152
4777
2174
9938
1921
2764
8299
8377
4783
9428
4756
6604
7395
2615
8571
241
5529
7623
3502
8155
182
3087
535
5514
405
1668
6517
8347
5545
5887
3732
2596
7754
795
5991
29
5583
5881
2325
8372
8606
4763
2812
4876
5664
2489
3254
2215
7354
786
4327
9547
6186
2056
2640
846
3742
9763
4421
6677
1816
677
9890
9712
427
3168
2521
1896
1573
3681
437
9017
2058
9054
9693
1425
2285
2792
7729
8319
6539
2509
2812
33
8798
5137
2874
1379
308
854
4489
6596
7822
814
1410
259
8006
9739
270
9603
5010
9118
9132
8649
5821
4750
9607
7073
7292
2869
8826
8734
9697
7471
9204
8528
5209
3714
6486
998
8939
3013
5689
8520
1207
8542
382
9188
7111
5408
6692
4412
969
8028
7603
5273
5785
1631
5892
4695
9711
2346
2651
8035
5775
5950
8237
8751
9502
3550
4129
8080
1596
2748
6440
8727
8522
5861
2452
6503
8309
7367
8649
1719
4654
9805
1358
276
6754
4871
640
4491
6125
5650
2884
2121
4433
3031
9308
9388
8072
4153
297
9312
1424
8248
6146
2849
682
38
5041
1036
6328
2852
4082
7661
5095
1085
2056
690
4576
9164
6594
3105
7285
2959
1398
2985
4409
4754
4466
3377
3567
7195
2905
3431
869
7995
5939
5161
4697
791
9645
8485
4710
1716
127
642
7342
7202
9494
2753
5659
3987
6866
5443
1505
3728
3910
7426
9032
4529
4008
7137
1358
9367
2995
5730
2864
7812
1481
712
3406
4433
5139
8712
2687
2886
822
5146
3631
7210
2008
4098
164
2769
166
704
6409
2673
8673
7301
4663
73
3784
8007
4271
8706
54
7892
4441
7994
155
1803
6600
1
1994
5582
3417
8850
3654
7101
3377
320
8554
3919
5092
2779
3255
4538
3316
7701
2097
4677
6776
6898
8842
6748
5204
6665
4381
3716
6152
5738
5494
863
5991
679
8690
1419
5051
2639
2523
886
5786
5544
9119
8287
1890
4
7747
6692
8737
5957
7595
9434
8988
3345
431
7039
4615
5333
667
8822
1885
5862
5928
2883
4838
1655
8235
9355
6318
373
8852
5096
1888
1734
9049
9884
454
5264
2230
4890
2091
8014
5165
1894
7862
7915
5257
2911
7117
2378
5357
4596
5434
2742
4311
9518
8030
6718
6835
5627
3132
2541
9797
7383
4067
1398
3595
249
797
5447
243
8188
7588
3668
3780
1133
3939
368
9972
77
5517
5278
7525
4358
5648
2541
1363
1763
9085
7177
206
1436
4836
1023
3895
3337
1529
1774
1834
8927
7813
7857
4583
2826
2790
450
9047
4153
8892
1798
5147
4252
194
7455
5157
5126
2529
235
2188
9306
9527
504
5068
8626
54
7072
9556
2006
6674
388
8040
9893
4064
6936
6778
5098
1802
8543
4141
5728
600
3153
5286
2421
5935
6004
1510
6130
6166
1844
4084
8355
1584
4039
6817
2329
8924
7442
8004
4399
9504
466
6802
854
1677
7056
2796
9900
323
6859
6989
8699
26
3502
5612
7662
1961
7401
3078
4204
925
4198
1953
8519
5751
6165
26
7867
5284
7407
3252
8186
3031
5529
8124
7624
3177
9344
1301
7184
374
3898
3469
4748
4286
3310
5360
4999
7951
2790
2554
6398
2714
143
926
4904
733
7197
5190
9249
4700
2742
1008
4923
8896
2451
8795
4723
7892
7116
3355
7896
248
6550
5053
7095
3615
1745
86
8801
4545
3849
5010
8567
2944
2838
5555
2800
1204
7515
8346
7327
6591
5055
9805
3029
4900
8937
9829
7841
931
763
8735
8301
4264
2821
7108
766
3539
6234
4228
920
9691
5814
8567
7023
1538
1356
1941
3574
292
1292
6926
6716
2470
8021
4881
4651
7275
6305
1645
1271
528
3753
5501
7503
8453
4990
1924
9555
5305
5176
575
6689
5007
1752
3147
6968
4357
9601
9804
7094
5329
8901
3608
3361
6573
293
267
5706
7107
5466
8048
5737
7898
816
4079
3862
768
7955
9988
694
7691
5748
1863
584
4681
4777
9325
7477
526
1459
3935
9939
9366
7634
479
8702
3188
6921
7576
4135
1881
7465
4683
7313
7885
8313
1058
2388
1402
2703
1382
52
741
9815
2501
7752
8181
6309
9772
6446
6786
7265
1441
6396
2636
2854
5697
1166
7010
1564
940
5209
4553
9638
205
4803
3966
1751
8029
4245
9128
2550
6941
3147
3832
1370
4399
8680
3343
4179
1634
2693
10000
9777
6979
6468
7759
8426
7457
5535
995
6206
9053
1523
3490
1461
7211
3111
28
1443
1100
2467
476
2520
8464
3367
7602
635
1066
6583
9084
3195
8028
6314
4004
3687
284
8595
7957
3652
6072
6633
2427
1765
2228
9198
1671
5590
147
9536
1354
5865
5401
566
7575
4103
266
9544
7211
5208
5924
9985
5117
3233
8317
5374
2804
8001
2535
7050
8449
8827
8306
2314
7581
3507
3618
3962
4459
6392
3602
7969
2148
5228
7781
2662
9317
5135
7230
6939
7272
1368
496
9615
4057
3197
3427
6967
7317
7267
5964
8482
3979
3721
3276
9946
8715
7239
1712
2335
5061
9889
770
684
7442
4754
5577
9325
9747
6989
4066
4735
5739
4171
8632
8724
7673
8038
3464
4675
3664
7659
8028
7961
9315
8298
2180
1384
5213
5117
2442
3721
4121
1325
4502
9704
5566
2712
7758
9656
4728
5791
7597
8349
3557
636
3724
9418
3689
8031
9119
5454
4912
7462
6948
8001
547
8803
8474
6721
3784
8770
7440
9502
6355
8472
2314
9400
1178
5890
3348
9319
3861
5816
523
7370
2441
3335
4975
3562
7219
9890
6105
3524
5132
3430
5245
9955
8720
6907
4148
6323
9753
5914
3579
8961
6059
8723
8765
8993
9969
7124
7164
6076
3120
2316
7176
3046
2628
871
9957
7378
6302
2294
9256
1819
1676
5657
2626
183
8473
504
1884
6690
3701
6045
6052
8401
4806
8254
2905
2544
4693
4483
4331
7291
7290
5232
2250
2061
7603
7317
6621
2378
8088
7911
2290
9988
2680
3552
7953
1814
6611
7191
9173
2597
8516
8896
5010
4847
6576
1551
2963
7199
409
8021
9721
782
30
4803
1441
4697
1006
8735
9559
4076
3659
8799
8577
2449
2374
5463
8555
8294
4947
8511
6048
1182
5995
3722
1112
5410
1206
564
3442
1970
5252
3992
1263
7560
6907
6365
4165
1030
1206
7208
170
9131
954
3975
9329
8115
6288
7449
1193
161
3329
8481
1019
2149
8780
7880
3377
437
1414
2720
5965
6724
8563
4357
4261
393
4501
3945
3499
167
8038
7080
6582
187
1151
8008
6272
2627
2435
6660
9477
5817
9418
1789
3952
234
2021
3662
5436
4637
1002
2436
7729
3747
3819
2223
1990
1932
5218
7854
328
6476
1081
208
659
2905
5437
5123
9171
6206
6525
8786
9578
954
2582
7988
2082
8199
7612
4839
8843
6098
1272
6176
9144
2334
8311
227
5331
5842
7043
494
2117
4110
1866
6604
7161
933
812
385
4033
915
8792
9017
8159
6618
3703
8243
9615
412
9208
9111
3563
2339
4629
2440
2290
8123
2798
4098
2888
4430
6069
9271
4313
2567
761
7368
1470
9818
2587
7836
1519
8951
7469
1271
9250
5511
483
6896
6971
6234
6957
3560
4569
1342
6634
8185
994
1653
3464
9429
8118
2290
8201
6076
2539
7478
5828
3204
4779
6750
5730
7293
4803
6580
8185
5763
4233
5525
5312
1050
2081
3594
5540
7398
4072
7902
132
5271
3414
9080
5231
6972
5412
1063
3743
8571
4497
5282
3841
943
2261
6776
3154
5254
233
6003
1921
5546
5379
9319
2456
7746
4672
6347
3887
4922
4733
2164
5693
5102
4933
5213
6962
813
9857
4931
2920
5605
7168
9508
4214
9141
42
9324
7805
9193
2882
6543
4302
1465
7190
1808
9044
1107
6308
6155
1196
9454
9413
304
1563
6044
6474
7817
7185
7152
7315
6710
8250
4538
1596
4536
3037
956
3061
9581
2472
6492
1959
6199
3801
4681
4098
1576
2287
771
4229
6214
7574
4712
2568
4102
8471
6759
1354
3521
9953
5254
8711
4900
6157
2249
7834
9319
6375
8618
315
5674
4254
9679
8901
2773
2152
3382
6511
356
1046
9351
5036
9073
3914
8820
6574
343
1784
5189
8302
6741
1707
5221
932
8765
3105
8084
5317
5290
7937
1700
8474
6082
5231
2358
1705
9429
9049
9085
9993
3239
5967
7635
5189
2045
352
7640
2471
799
8962
6191
1855
4160
4475
7210
3054
9274
4328
6572
2245
2401
6372
4964
2985
8466
1186
9642
2455
4124
6145
5147
6768
6849
6127
2084
7648
2924
7446
1295
6614
530
8985
7078
855
3269
3318
80
3223
3397
118
4253
5989
3238
383
6235
4266
7607
1205
7410
2402
166
6063
6997
5635
260
4556
693
784
7245
8720
8705
7799
14
7766
2647
496
362
5940
5528
8772
6977
6369
7427
3946
3310
6266
1183
2405
9156
6906
8810
3231
5234
816
5592
6350
3259
6507
5048
6080
5371
9692
655
8531
5768
2555
5568
2765
9846
1950
5800
1940
4471
9662
6018
4369
4981
1752
8508
9112
7808
2940
2142
6028
9339
3312
4399
7300
6487
3659
1330
1991
8205
362
3986
6478
3853
511
4779
2657
3586
3501
397
4145
804
839
5370
2760
6771
2694
3555
2080
9444
120
9497
5420
6304
3194
8693
2253
783
3737
8928
1275
6644
4701
5592
2854
5318
705
9958
4972
704
3699
2880
3764
6831
2560
864
570
9769
1236
761
2643
3857
4485
3206
2959
9847
2195
7066
2917
38
6243
4946
5280
8933
3131
1344
2774
8978
6553
3107
1624
6597
7313
4862
5264
6497
7882
2684
6342
8933
3970
2474
7316
2872
8984
7959
4743
3566
4648
5413
5269
8224
9747
6559
2053
4407
9782
6348
932
2538
3479
729
2687
6546
8430
5573
8403
3338
8996
7220
6617
3168
8771
2785
3850
6972
2167
5608
312
1427
3657
2919
5978
7298
3330
3797
2417
6233
2960
3058
67
5202
5060
6805
9053
1019
1522
6683
296
4119
6407
9591
5039
5055
3411
546
8113
8615
4413
965
3412
7257
6207
5133
6295
307
1123
1329
6627
5942
1474
8517
5843
9142
1799
1694
986
6832
1468
960
3015
1915
3902
4597
7915
7894
3472
8728
8519
9051
3799
6803
4204
5787
6922
5354
1116
4840
2628
6815
619
854
5181
209
4419
4835
3874
9850
2310
2395
4170
2121
3803
5946
5771
3035
1314
4915
6283
3038
9070
2415
626
3125
2211
4649
2776
5085
2357
3496
7991
8233
933
3809
8488
236
1034
5902
4935
5501
5097
6891
1931
1491
9103
663
3831
4228
4451
3971
8978
1274
6800
4725
4115
8431
8176
1633
9431
5733
2173
3620
9590
9969
2301
7521
9577
154
576
6861
2837
669
2817
4900
5476
3095
4149
2483
7841
4029
7595
5212
6078
4808
833
7123
4123
599
4921
3172
9401
2649
1249
9442
9155
4493
8425
5601
8157
6453
7435
6584
7585
4898
1909
2505
4576
8332
9682
3538
1287
1935
1011
3605
8936
4218
7982
9866
6115
699
9062
5983
8573
5757
5205
8021
7722
9840
6786
1063
2650
6793
8575
4190
7080
1396
2458
1468
4099
2139
9556
4637
8292
159
3406
900
971
7480
1899
1957
8649
3522
2492
6700
5512
1710
4407
3552
7556
1494
3511
7231
2965
2569
3825
3239
9455
3026
3264
6523
9887
4944
4796
6941
4536
1894
9429
8419
212
34
886
3651
2106
5765
1592
602
4516
3137
9084
9747
1811
7841
1611
551
9328
8360
2757
596
1514
4717
9396
3242
7908
435
8298
5175
3598
3286
6520
7499
3407
7888
2168
7750
5165
1538
9943
947
3799
5317
87
4051
2436
2839
5833
3922
3569
4184
6510
336
2899
8418
7002
9414
7423
5188
4000
997
598
5156
9838
6502
5674
8194
3701
9777
2993
110
6787
4861
5074
754
4972
9841
6599
656
6163
269
3655
8175
1732
611
2971
7468
7309
5124
9472
2619
4040
4289
1711
6864
7116
5061
85
6846
9296
9011
4114
3998
4083
5590
8851
417
664
133
555
517
778
5512
6747
8288
6419
1537
498
9961
1837
6581
5840
745
2924
2437
9388
7615
8534
1623
5999
9463
9173
848
1835
6713
2299
463
2037
625
4741
2893
1900
2474
3162
3121
3736
8137
6103
2566
3949
9613
1220
3584
5448
602
4960
7207
1138
2936
483
1397
4237
5364
9326
6591
2873
9905
2418
2351
5474
8212
2302
2429
5079
8780
3095
8889
6871
4701
8820
2421
330
3847
557
7553
6100
5156
4224
1720
4043
6689
9695
9400
1166
7999
2880
2377
7079
6933
7294
1335
9761
7944
9950
1081
8561
9906
4765
6765
9096
8255
6082
6775
3657
7205
7171
270
6323
377
5796
7065
9457
4889
703
8584
8691
2800
4775
8709
8835
9427
229
1571
6379
2830
6539
9760
5097
9768
8906
4268
3378
5552
9889
4418
966
5159
462
8490
4861
6705
7033
1692
2386
4306
7970
5909
6028
5888
1759
2483
2361
1175
6546
899
2283
125
9623
1722
137
5303
112
4877
259
2744
6324
7795
5144
3905
7538
9377
6908
1313
143
6218
7162
5307
3048
31
5264
620
5906
5448
2527
5060
812
8341
6238
5339
234
9720
6845
548
6
220
6571
2269
2544
8342
7458
4519
6687
5227
533
5060
3614
3066
5440
7008
9744
2434
9142
3861
2345
8233
2616
4839
2942
5959
6063
8663
3669
4552
5051
3692
2521
9420
7914
560
283
1938
7308
8842
3000
5503
1791
4952
1678
9941
1428
9280
9506
4694
5254
2832
1809
3509
6938
6079
8553
7474
778
7799
7522
818
6229
2553
6579
2402
9915
5817
194
2762
4886
7853
3710
5563
905
7650
501
534
4793
6628
9405
4560
2386
6109
7611
1280
310
8514
8629
3053
5427
3761
3142
3335
1054
6233
8968
3952
7687
2601
8022
7654
6043
5727
5149
3397
3844
2953
5655
5625
1062
2507
3051
9963
4891
384
184
4677
3525
681
8096
727
2593
3783
6123
4752
8169
9072
2091
7942
546
4658
3052
613
8224
269
9299
8926
3007
5070
931
7411
5485
4715
1461
6821
5751
6412
678
5866
3694
236
3842
5766
5000
8105
7466
2945
5841
1354
4407
4473
1129
2905
555
8946
5021
7889
8058
2432
1951
3683
9031
2961
371
7595
2914
8690
6512
3533
9955
6804
5795
7254
5819
3237
6316
5422
3399
8381
7960
9512
9275
5367
2605
1674
4578
8517
6574
234
8678
2704
3424
887
4241
2552
3818
3311
8096
2184
1853
5945
3935
7704
9806
7923
3612
4366
7803
5251
6387
6743
8713
5152
1449
7726
8028
2040
5588
3031
2018
366
9873
9000
1053
7632
1161
3869
9311
1484
9836
9381
6506
9686
8966
9651
8620
1391
7389
4869
4736
530
3560
5950
9567
7794
8578
4285
6421
5764
2484
2666
1552
4357
9618
9137
3185
8452
3710
5933
5973
5616
4860
6462
4794
9074
1998
7852
7599
4745
4056
5715
3992
8631
620
4830
4128
7355
8769
6420
5735
3015
410
6674
6448
8543
8835
4582
3991
9092
6679
8517
8638
525
3283
9596
2219
5733
2596
7132
5053
376
5278
2883
8913
7467
6663
6020
4310
8727
7033
3108
8274
5870
3395
6286
5344
1889
3138
7101
3315
1017
3258
3778
1075
8259
4902
9110
7363
5670
3716
2127
6750
4885
2965
5560
8648
9645
1024
3180
1703
6762
3374
1230
3340
3796
8316
6040
7469
5461
6990
7814
5058
8231
5525
9457
3172
5854
7600
5460
6120
342
8423
5385
8362
132
1866
9127
7817
6819
9115
747
6830
8238
2541
2329
33
8336
7857
9605
6147
7050
6705
8679
4693
9531
2961
1899
4264
8108
3314
1821
312
5506
3855
8312
6444
2381
7274
6759
4362
965
9098
3397
9333
4733
1071
1623
9267
1058
555
7934
8629
8523
6647
7222
6846
4925
4810
4482
5432
4357
453
8407
4194
6891
9103
1049
6495
6537
3772
2944
7718
5760
9536
3548
8825
5708
277
7198
8230
6383
3720
6617
615
2262
6943
6696
2739
6332
1576
9415
4630
7849
6981
8786
4697
6057
5781
6003
1449
7976
9060
5818
7293
2680
4734
1708
4279
9635
9313
911
1215
3248
4651
4476
829
2413
7417
4738
4033
3840
1837
1554
2947
8877
3444
2717
3009
8702
8152
1731
3340
309
1218
9974
363
7119
4247
7828
6365
7362
7841
1387
1221
5780
9444
40
8306
28
3503
6415
7646
9437
5942
3949
8686
635
5894
6647
3579
8762
352
973
4863
1317
8180
8914
5375
1734
6929
4971
3492
967
777
5814
2866
2238
7508
5208
4881
2314
4279
8292
3448
8277
4951
5413
7281
5479
2256
6562
3994
7120
3723
8001
994
9659
2872
4450
3969
6846
88
2078
5460
4468
7748
4404
603
7836
2737
6844
9937
8512
7318
3541
3377
1376
5435
1951
7907
2768
7916
4450
9062
277
6994
7253
5575
9712
9003
7714
197
1537
6193
8554
3402
5523
2156
7569
4257
7940
5344
4131
7583
1811
2231
6215
8777
4311
6292
240
4279
1611
8767
7842
4455
7543
9253
8362
8374
9741
5251
4216
2464
9761
822
5637
7247
7520
6238
611
6484
5272
362
3352
7018
6086
2947
6273
1170
6159
2762
6506
2699
8122
1449
7914
3908
9446
4895
6140
887
9783
9367
2337
2210
6942
1753
7385
9044
7452
6218
7467
9947
9812
1707
1715
9862
8544
258
115
121
4153
1278
103
8253
1424
3247
9788
834
2939
4901
3747
4004
9559
2111
508
2199
6933
5935
7467
8380
7473
1820
7565
1597
5787
9949
5365
8952
3770
6435
230
574
6826
5498
1053
880
6515
6802
7337
4846
5240
7352
1579
2422
8968
3622
8969
3417
3357
5678
8641
9415
7686
773
4833
5205
9371
8426
5258
5187
4138
9794
9998
9404
9141
4912
4064
1520
1980
5185
5384
4774
100
4167
1495
9318
2732
9534
3371
111
8157
6496
104
1788
2501
9417
2144
741
5351
417
6020
5844
5502
8196
3687
7772
1494
1998
1851
2673
7097
2608
3012
1001
5630
1462
2703
8295
3966
1352
9160
9545
7233
7700
8953
1849
4347
9741
9581
2584
7996
9277
366
4299
8569
5146
2965
6619
6483
9987
5188
4352
9956
8532
5062
8181
6906
7705
1433
2908
2901
7312
5562
2878
2062
5319
6372
5452
1212
2141
1421
8064
8610
452
3817
8511
3403
5809
1771
1775
6694
2545
219
2881
4388
9621
3181
5053
9471
2522
8172
28
6388
3944
2848
1613
3486
692
7936
7785
1741
2877
4739
69
4886
9001
448
3235
9584
2559
4430
1864
6775
7142
8412
8762
8551
1414
5843
5889
4374
9720
628
9653
7516
4263
9492
1092
5703
9448
9366
6265
5806
589
1763
9019
6858
8490
7686
2316
886
5576
1487
9816
7351
5117
110
4686
5541
4616
9841
4315
6134
9286
7436
8388
780
8823
3511
6335
6791
7101
7441
3477
4594
5440
9846
1526
5010
4174
8427
847
8262
9473
8477
2621
1731
159
4796
8723
9879
5987
4918
9103
8730
7575
1246
9699
6266
812
9855
7554
7694
2077
4299
6228
1188
6872
7165
5603
2016
1447
425
8436
986
3217
9939
4360
7187
7852
9965
2479
5406
4280
9241
7908
9200
9521
3334
5714
7884
5137
729
5492
6161
911
5298
2291
4987
1907
6100
3968
272
1980
9271
966
3786
7997
9384
8800
4265
5991
2903
5907
184
5322
6097
609
6986
9121
9686
8881
1450
9917
3320
5813
8556
5013
7465
3631
5404
7988
1355
4837
4207
722
1584
7530
5722
7730
3958
2014
631
2707
8998
9633
5385
8623
2352
9845
998
5338
6513
3263
4919
1244
9726
5076
8646
7737
438
5696
7560
7624
5310
6112
1911
4393
1852
1362
9862
6744
425
9204
1123
2278
7753
5769
8677
5996
3824
4889
5649
9123
9505
6435
7408
7096
6943
7246
2521
578
396
3268
3252
90
472
4711
807
7640
7974
6042
2322
3964
1799
3576
4635
9019
6730
3791
2409
1822
2725
1180
4883
9320
3958
4994
8849
6656
1533
5545
7616
4909
8321
3873
788
6077
5980
4010
7456
4318
4365
5464
3614
5193
7798
4647
7490
7102
4878
6986
3479
8332
5011
4178
6077
9240
6360
6477
4176
5490
3098
2927
8001
2538
2679
1148
7926
6709
1765
310
1012
9456
9941
2556
8923
221
6421
5761
6626
3191
2904
3971
7540
8371
1377
4217
8804
8508
4339
9184
4155
6033
4016
7072
2479
2850
2858
5139
7445
4351
2578
7926
2320
612
8006
990
4845
9016
1500
5279
3702
8351
7680
238
2965
5344
4824
623
4289
9560
8197
551
6041
854
5685
5437
7615
8517
1291
8127
5129
1732
4004
5799
5643
9702
3333
2130
2708
4714
1828
8378
8747
3181
9947
5762
3251
5087
1867
782
8293
8513
6681
9981
2081
5413
7920
7865
4796
8871
3393
8737
6498
152
7675
7797
3979
3507
7516
5448
9646
2118
5500
901
2096
2170
2623
2895
1255
6630
4105
198
1665
3523
745
4388
9985
1149
3582
258
4357
5966
2160
4521
1427
4914
6103
9999
6723
3152
5316
3946
9846
4678
4278
3092
9587
8531
3085
3062
4090
7149
1901
6258
130
2085
6673
4273
7067
2378
4257
8272
8495
2143
932
2244
4749
5655
5211
5941
3488
9057
7092
8190
7151
9987
3742
4518
4916
118
5960
3449
5247
1682
1587
8783
5589
1217
1570
7049
3888
1081
7588
2666
2657
5609
1860
7654
5258
1429
4192
8614
8649
6815
2013
8713
5337
2660
5895
9130
6969
9830
5961
6586
6115
2184
5056
4677
4997
1975
9624
145
6673
9556
1406
7654
1593
5324
2158
669
3372
1315
5460
4488
9921
3430
9265
1593
5170
5809
452
2195
2749
3559
9203
38
4754
7834
9725
7097
9604
1839
222
7512
1965
6883
6222
4872
2938
8922
414
8227
6025
983
9199
9183
5595
1164
1886
1671
6278
510
6173
9914
1001
580
6459
9989
4819
5280
948
7222
6816
2224
319
9769
6301
5450
820
7562
3241
1609
8678
5740
3384
5165
9917
6546
4831
9366
5249
9382
6202
2298
2678
4983
3948
8216
4689
9424
3756
1082
1691
804
4615
9293
7419
4094
4920
1273
6842
4113
5367
5431
7811
3857
4673
5824
811
5159
5012
1934
8437
1193
1036
1490
3964
7195
5338
9795
3910
6837
2035
5293
8327
1825
7063
4511
3920
562
5832
3694
8905
7174
299
650
6380
184
821
4518
1912
2212
3642
2636
6035
8882
5444
7236
2858
6308
9865
3040
9618
830
1745
2759
1015
2288
6430
9206
2329
9822
4135
2613
2751
9916
8548
8154
4754
4218
8745
9719
147
2848
1268
5356
5349
3526
6221
6316
946
3875
9909
56
2670
3293
6627
1337
5097
9695
8454
9385
5546
3911
6951
8562
7124
1525
7527
4589
4804
5218
9303
2970
9860
1394
6783
3182
902
506
1274
645
2965
5980
921
8678
9664
3297
7632
704
919
9249
7377
7699
4700
7277
8029
5231
4781
2966
6947
689
7393
8799
5132
8865
8666
2382
3666
1694
9930
9149
8044
7257
4449
6456
6514
68
5595
881
1942
6864
9493
7746
1835
2942
6718
1206
4013
1148
6423
190
148
4975
9439
7598
9619
6698
1768
7875
3466
4527
1831
8023
1213
5982
7138
3582
4077
895
4502
7641
4132
2258
1043
352
1013
7767
4307
2834
4715
4996
1610
6091
6887
56
6269
5253
404
970
7160
49
9630
3566
3343
1750
9596
4082
9375
7982
8389
6181
731
7923
1971
8345
6774
8852
4483
4120
2004
2903
7224
8132
3208
9764
5374
4832
2762
5964
3806
7952
7469
2424
1610
823
7283
4663
4291
6838
828
2133
756
715
17
2609
1208
4710
8656
8868
4143
9584
7862
5845
546
8387
7709
8248
7712
7591
2052
9286
5555
7198
3089
6576
510
4132
5234
6666
6814
2240
3785
3331
8350
4158
7851
1368
8631
7908
588
984
4192
5633
5975
9477
4217
4635
5476
1390
8242
8516
9114
9515
4642
6837
3385
2265
8754
1303
2394
3679
7832
7823
7813
8579
2192
1587
7104
4794
2946
4457
577
8933
8300
1712
6005
1045
298
5895
3071
204
983
9938
992
4977
9101
2478
3227
5024
2042
3743
7076
9074
9438
2555
2588
4553
8708
8837
1257
9819
9493
2467
4225
5225
5622
7521
2758
815
8911
1686
8153
5259
4671
4987
8266
5313
1733
3097
4528
4075
3792
5803
6964
5519
8924
2317
5166
2823
1753
4186
6822
8093
7242
1248
3979
7207
114
4697
2645
1320
5818
4090
7216
9549
931
4330
561
9848
2730
8127
3401
4746
8565
2687
9864
5716
6141
3018
6114
8807
1912
4704
8953
2070
2358
7437
5279
4088
7679
2066
8166
7195
5297
7460
4655
4704
1029
3922
2139
3076
1972
6047
7413
4799
2985
4098
7025
5733
3948
9547
8051
9856
2821
8621
1918
7968
4768
3305
5138
1856
7484
2437
5424
7608
484
3832
7594
8189
8744
731
9577
940
6296
4467
6403
2162
7622
2779
434
8093
7958
5026
1620
6684
5484
2302
6273
8357
4103
8687
7501
6510
1339
6784
2142
5092
5822
4743
8725
387
8394
3460
7547
3953
7436
3454
578
5801
8058
1231
5837
1960
9988
7392
9448
102
8872
3884
5266
1612
4473
1694
3281
9564
2720
953
7662
3242
2300
2768
5421
4596
5512
71
7824
5847
5276
648
9623
8031
5680
949
6614
5285
4766
8506
3010
1955
2045
1387
4802
1625
2460
6236
4647
4031
2578
8187
2308
3313
4550
9812
5018
3190
4495
7595
5728
5836
6156
3773
783
2920
1426
8956
2369
5230
4233
7550
263
1050
7181
2030
9963
6497
3839
2766
8037
4301
7552
4804
9670
3896
8519
9233
8372
2765
6614
2223
6060
148
2679
9484
5998
2620
2634
3856
4488
6816
6683
9030
1044
2398
9613
1342
1709
4452
4007
9770
9894
3583
3474
9145
130
2914
9999
2100
1583
5594
7027
4113
969
6123
1548
8592
6107
9150
5936
4555
7962
1660
404
3795
9784
1887
8084
7678
7776
1148
1895
3136
4159
683
2156
5048
8033
8276
2691
3427
6715
6857
9672
284
14
3220
6126
772
1434
4729
2645
2016
3451
9969
6520
7993
5386
5447
4640
6819
2274
5228
475
755
4638
7607
6423
6208
9503
17
2561
8638
8124
383
4041
9913
4262
9649
6192
3065
4691
1474
3690
9120
343
2727
3261
3412
8834
7387
7634
118
2934
4926
3531
9255
3983
194
2883
7533
4523
9416
1799
1060
6773
7771
9819
4925
706
6370
3528
5470
7977
9957
8335
4554
7697
7288
4396
1571
7690
4595
2658
7110
4031
7647
832
7514
2896
4942
1245
7270
8256
8127
3083
4265
7802
5379
7478
4432
4615
571
8613
3613
266
7445
3175
9214
403
4246
3671
940
86
4635
8789
2445
4677
1371
644
7773
8095
6273
978
8840
7505
8406
982
6934
9748
7630
7849
4245
391
9885
7289
1338
1962
5988
2764
5429
2720
9149
8166
2545
3873
7276
9388
4989
473
9660
2588
3390
6569
3757
3402
2035
9198
7724
1349
7222
6643
9735
291
3235
1524
8993
221
4962
1132
2975
2051
5413
8155
4068
9753
8289
451
801
9422
9121
3918
8583
4844
9045
8755
8816
8511
7176
2051
1377
4399
9371
883
6788
6935
8742
8879
708
2925
254
2756
1957
2859
5715
9135
7231
8196
7031
1650
372
8943
4485
8962
990
6832
2694
4074
6902
5650
379
8052
4373
7055
9446
7222
4785
2606
1660
4094
4680
3972
4532
8367
514
2718
9100
3682
2110
8331
384
4339
734
7263
8682
6249
4425
7711
5724
669
815
9252
2176
7063
3372
6771
9822
5973
4054
1387
8006
6636
4456
6903
2116
4803
9896
7910
2105
9850
6360
2357
9663
8869
5155
269
3821
4345
5967
6134
4928
1363
5632
4997
5927
285
9210
2059
7415
2974
8761
5583
6338
6597
3782
8721
7086
5639
6755
360
5586
4853
1070
4392
4805
8958
7838
5643
2675
8977
949
205
4443
9035
8528
199
4534
3860
6676
7828
1994
4633
4235
8078
4225
7213
3548
2484
4701
741
1299
3501
5917
5144
6438
2311
6927
7835
2955
9687
3584
6434
9588
4179
2962
1444
6477
5774
2516
5433
5985
4890
9369
7070
4775
6156
6490
187
2350
81
9761
5012
6995
1455
3771
2074
9549
953
24
4270
6982
9479
6825
1007
188
1264
5100
4456
5813
3160
7265
4190
5818
5140
6211
3753
4219
9219
8175
3040
3548
348
8775
3123
4925
3528
5091
4907
6244
9931
2324
2471
9241
6302
4940
2718
9633
6936
9344
5119
7954
4717
1770
5182
191
5008
5482
7982
1425
2554
6363
8538
9714
135
352
7084
784
9313
1366
5936
995
4969
7305
4995
2529
584
1043
7097
899
9847
8779
3820
6492
8361
2404
1602
227
2821
9399
7346
942
4141
4524
3286
3424
8549
405
9566
822
9766
5141
4308
1928
1857
3663
6515
2090
5897
2015
6166
3834
8389
1788
4800
2824
5311
5017
4727
7163
7204
5967
2276
6571
5750
371
9272
7693
6138
2839
2012
9448
6253
6857
8533
9320
6137
7645
9499
4693
3423
8492
2241
839
8703
3504
7248
9484
2384
5133
8613
2157
2704
5344
750
9232
4682
4807
900
5540
6512
1601
8403
2107
3489
8186
2321
8051
4823
5298
6617
5513
8252
4634
6218
129
9481
7867
988
5543
7197
9485
9861
133
6323
2400
9380
6940
1569
6811
691
1599
1201
9075
7349
5600
7469
3554
2838
5371
9026
7573
3940
6794
7446
8750
2878
8536
5439
6994
5733
247
7896
5135
3616
7889
3769
932
6665
2597
7235
3160
4267
6789
1739
1101
9909
6014
8015
7643
8217
7361
8755
7315
4792
5082
566
1127
4587
2008
7067
8338
1372
6857
6173
6838
1050
1167
1744
2001
3011
4980
8442
4021
5693
8078
5809
3036
4255
7101
9695
711
6177
6555
6786
3790
6505
8691
6483
2157
4020
9082
7433
6604
5256
8153
7354
5112
1167
4481
9823
5395
4678
4316
1713
761
4719
2489
9437
9157
9016
6665
3161
8594
2309
2505
7696
8564
2039
6291
9701
6292
3432
8465
2760
3444
3765
976
839
3146
1965
8413
5203
3281
5874
4795
94
2171
3182
1741
2523
3934
6136
6156
3830
4397
7313
9276
3679
6064
2811
2109
8473
7426
7513
5943
9071
3454
341
8913
6676
3878
8586
9450
5520
7853
9826
6964
4334
8056
5875
3640
5269
9636
7451
5200
3431
1939
7708
7964
6430
1420
8143
3337
4626
97
8311
6088
2934
490
6462
135
6627
7267
2120
2903
5114
9827
5454
6210
2837
6795
7940
4561
2773
7165
3114
5128
9472
820
9077
1815
7758
2504
8518
5945
4445
983
9229
1329
1047
2374
5358
1376
9885
2296
7825
3418
2597
236
3703
5274
2787
8235
7644
744
5041
901
5738
8052
9212
4510
2073
6503
2442
918
8085
5118
4250
2718
3783
8071
107
7653
735
5557
5576
9118
4058
5076
7420
390
2960
7513
4460
6727
6877
7434
698
2263
384
6885
8062
3061
9462
7553
9521
1038
7666
7505
9829
5616
4858
6159
7483
2903
3967
8216
8785
2052
5424
7137
8432
6512
6127
3997
5212
4394
4147
1643
9584
8177
1808
7601
1515
367
6818
8609
7608
2010
6291
2677
3800
7666
4635
5419
2177
2238
4815
5909
6273
6118
970
5947
1426
7693
408
9794
3349
4414
96
5263
3850
6782
8558
532
7596
8982
9806
9917
3479
842
4616
5903
3364
3270
2842
4287
7806
3655
8656
2576
796
4790
3226
3002
7241
3119
8331
7773
2802
1857
1462
2577
2125
7777
9735
8535
3364
2133
7381
3371
9311
2226
2958
3639
1255
1636
6683
4178
3425
153
4681
4714
100
9917
2797
5885
4634
3990
7262
4997
459
7226
3970
6546
8893
6626
1083
5143
4799
7748
6389
3798
8983
3297
4582
9003
9141
2198
235
3454
4445
5617
5221
8985
8580
6257
8356
6388
3174
8421
225
5977
6734
1913
6387
7223
3693
4025
8231
7278
1758
4436
8452
5451
3111
1468
352
9497
7039
5209
3108
6640
1035
9838
8019
6579
2869
1578
5496
3170
30
2728
8798
6675
2014
48
2418
4734
9682
48
1073
9042
6385
3947
3213
3980
1267
5405
4578
7887
6850
5629
6363
2178
1378
1614
1411
7134
8101
9867
9294
153
7420
5969
69
9028
8453
7352
108
195
9436
4103
1968
1944
6705
7456
5201
2863
9178
4262
8958
5554
8066
6269
8489
7715
2159
721
1515
5464
7442
5353
410
3684
4774
9442
1605
6215
5490
2186
3277
604
6374
8700
5177
7764
8566
5769
2424
2171
3135
8381
6141
3363
2782
5865
8175
9301
3473
4701
7153
1657
9889
4458
7073
5190
5852
4151
4581
2956
805
8304
5020
3918
7490
252
2180
3414
5202
4799
1569
3366
889
1585
4526
7140
3919
9201
812
7118
1004
3748
3959
1396
971
4721
7494
4047
8202
9614
3480
8581
733
3808
5772
3639
936
4048
3526
3460
8539
7166
7283
4253
5897
300
4674
3898
2669
460
2116
8497
7877
3988
7668
7818
1871
4765
1072
9290
6880
584
9261
4117
9590
6216
9488
2752
3192
6136
2839
3640
8299
1774
2606
5184
9010
6471
1200
1601
9953
3140
5448
2316
2192
6156
984
2950
3043
2225
8805
4963
9092
8631
9611
7983
9242
8303
7057
1745
5042
6425
9841
4648
8444
1407
8531
7185
6840
9387
9797
2029
4805
2225
4855
1379
8841
5853
4837
2294
3788
2366
635
5657
9680
3527
8752
2401
1101
3479
9904
2249
1773
37
2739
142
7789
274
7757
2684
7373
6913
7489
1321
9130
3860
2060
776
4438
9869
9868
1723
6691
155
6534
4984
2009
3686
8697
9263
5331
2686
7593
301
6664
9527
7013
5971
4289
4509
3080
604
1474
7820
3109
1944
3254
1500
9599
2286
1246
984
6082
8619
5080
1169
4432
3641
89
3578
63
545
4658
4335
8950
6138
1049
8554
9471
1677
748
8823
377
7125
5273
4139
790
2062
528
4757
3297
362
1457
3286
3464
379
2662
5787
9800
9910
9609
6778
1088
2670
8111
8613
4966
7125
801
8971
4100
6583
5036
8737
372
7853
6213
838
1714
1638
9263
2648
1314
747
7594
9932
9044
3732
3601
6228
3560
849
4353
6665
7521
3850
8785
3989
6619
1139
3196
5546
4959
130
3257
4391
4433
764
7077
9797
7716
3308
6525
398
1214
8632
3993
2361
2442
902
7306
6905
1892
6186
8457
3597
107
6964
8538
4286
9018
9860
8956
8219
5852
5947
8468
4944
2083
7299
5576
8325
4370
5846
6023
6939
6532
8541
3835
1095
889
3567
3619
9201
9737
6986
5300
7550
1601
7251
4730
8906
9367
9185
3634
8438
9107
3926
9937
7431
4591
5355
2742
6464
2619
1044
2930
1019
4924
2819
2957
925
923
8492
7096
7740
1069
9777
1250
9422
6265
7397
2436
2439
7779
5827
3618
3385
969
39
9093
1651
5418
3951
8974
3792
1583
3130
7072
813
707
9977
4155
6045
6766
8430
7281
2442
7274
1891
189
448
7681
4565
4840
9988
9638
5606
6583
4424
2605
2531
5130
5769
3206
5
6243
1556
4353
2752
5912
6257
4205
5808
9445
6928
5022
6561
5456
8977
6518
7298
6754
4790
9983
3851
8046
6432
8398
737
5527
8883
8313
6979
5671
2004
4423
3892
1257
2256
3613
6291
6790
1531
1466
4770
8212
8366
6057
3114
4269
1833
1206
472
4683
6207
1658
1130
2301
5847
8375
5110
2452
2081
2231
3307
6053
5280
7291
3623
6178
4860
9497
7476
2713
8256
586
6183
5497
7467
903
7744
6351
8111
5135
9836
6048
4264
6234
6862
8630
9364
6213
7311
7296
2097
1874
1090
5239
6785
5371
881
1544
8049
6186
8260
5773
7875
8548
3865
4085
5671
2878
384
3651
3902
9499
9495
4555
6654
2381
288
4540
4288
5047
1639
7814
1380
4256
887
8701
7951
493
9631
8827
7377
4548
5745
4275
2614
4373
1682
7674
9003
5012
3399
8163
5390
8534
9600
682
942
7065
3138
4883
2218
3236
1944
1042
9373
3485
9479
7512
635
1241
6173
1185
7331
8075
3374
8496
1065
8091
7456
8732
5859
925
3982
6282
218
298
2628
7914
4819
8479
6933
2465
9136
8647
3062
6444
3935
8522
7727
6419
2473
6752
5951
224
7815
6534
3611
7027
549
6643
5022
9371
2326
2933
401
4568
9722
5471
359
4961
300
7069
420
7593
8865
7683
9182
2621
7018
490
3329
6197
888
3992
9493
2360
3510
9887
8050
3890
7147
592
6275
1524
8265
39
2259
9962
2274
2277
6575
8318
7588
8318
4438
3271
5809
5563
4449
7796
4816
7845
8153
806
9555
1477
9050
9386
7361
6598
6354
4304
9862
2816
4893
5520
6642
3108
9830
42
7205
4182
5205
1618
4346
8262
1964
7181
9856
8148
3443
8897
3676
6122
3243
5363
1683
3633
3883
3163
2056
3996
1404
9657
8456
7803
5998
8887
3972
4243
9126
4994
5109
3230
6000
7939
2278
9292
4375
3238
5338
3911
8162
9547
2421
7083
2696
4711
5577
4783
4612
9532
3111
9342
5964
353
3387
4045
9643
1182
903
6038
3965
5610
6747
2753
7960
7623
6007
2124
5953
1549
2209
2773
8784
4392
6967
1778
7986
3916
6070
4411
1271
8240
3693
2680
3571
2075
5801
3609
4709
4088
6038
1601
5072
3905
8805
8810
5951
7074
8731
4148
1177
2527
1400
3492
3754
1266
6075
4699
8039
8697
6168
1125
5876
2944
6385
3518
9313
1188
975
6802
6779
2385
2619
2816
3998
6274
1436
4743
8685
4123
8585
3036
5396
7907
3843
8322
9843
2464
5986
8974
1506
9191
6212
1261
9878
8089
8488
1456
4083
4799
577
102
9671
2537
4256
383
2167
5356
5450
3186
1921
6310
8239
3767
8079
8521
8906
4882
1499
512
1749
4636
157
4705
7538
5320
3997
7875
1987
9403
9997
817
4197
8566
9100
7201
9411
2734
5602
7059
654
4340
241
7944
3962
115
8955
1764
2855
6098
6649
7518
2311
2601
6320
3902
4704
5117
124
8531
4974
6068
6162
2170
7783
4465
9257
8288
6685
6334
737
849
6477
8837
4260
9891
6153
2899
3150
7237
6295
6698
7119
5677
1597
5378
8880
7025
1200
4194
9025
3889
5068
7251
9226
3888
6363
2677
8990
2763
9714
4980
5626
4090
2637
1303
5994
6844
1311
597
2614
6337
5220
6610
1346
4048
8163
6985
5012
1493
1419
8215
521
3652
7358
2951
7320
2910
8057
7034
3754
2563
8727
6465
9542
2733
7915
2135
5436
8617
7096
9018
2057
5007
5604
814
7195
3879
3598
7449
1583
6505
2271
8878
7465
602
1512
9461
7604
6289
1149
9341
6490
6012
8338
6569
757
4037
5062
8833
6017
6194
6201
7413
1772
4433
8029
2446
8406
7278
7805
9086
3476
5083
9988
8819
5406
9161
7757
7269
9958
5337
9837
5620
8943
9996
8298
2141
7488
2714
8372
3347
3423
4597
3943
500
3551
6025
9456
8114
5790
6960
489
1838
2057
396
5247
9853
8429
957
744
1790
1227
4047
4932
1745
1259
3892
6848
8468
4453
6298
5410
5754
9284
6769
8970
3165
8781
8250
8440
6692
7384
2014
3267
1916
1666
5431
9568
8386
4309
4834
5962
11
6165
8717
7403
4391
963
9202
1773
6897
1122
9137
6246
3351
317
8602
2206
7416
5675
9242
3347
8827
3838
5317
5646
2683
7945
317
9525
78
1583
2186
3190
9547
991
163
6896
7937
2831
173
9503
801
5564
781
370
4679
6709
5520
9738
8170
134
2914
7684
2687
8988
3662
9824
3968
5110
9
17
6329
5299
6692
4208
2226
9394
893
7263
7463
563
7263
7130
2908
4005
4153
5354
6562
6640
5668
6824
9130
8219
8996
4089
533
3390
5529
6650
8482
9265
1399
1868
3331
9137
700
4485
2463
4815
9108
9507
9096
5821
6835
738
8019
985
4562
4652
1430
4051
2345
1956
7183
5283
8320
3520
4951
3741
972
5066
649
1779
7514
5044
9950
4669
465
5223
3229
1906
6199
9371
9011
7648
691
9676
1364
4247
3611
4863
470
4183
1069
5787
4005
6098
7055
7198
347
7464
1714
2768
7421
4077
2154
981
4160
793
8778
5769
6403
2083
3884
7950
2142
7594
3764
9160
9967
3146
1631
3619
231
7039
4362
66
6351
7722
5007
3277
8566
2975
1919
3424
7202
8540
1902
5240
9964
3506
2576
9693
6822
4614
6567
9367
5158
3623
9328
1031
6730
3871
8593
2471
7432
8323
986
3601
2019
4030
7039
1280
5320
3207
4162
4843
9327
3558
4163
2783
4184
8176
527
4503
5647
648
1986
9125
3933
9470
8460
2173
4244
7130
2904
2965
763
5602
1750
70
5538
6326
6062
5300
8433
1734
5491
2188
5494
3036
7506
7089
1760
9289
1604
2029
2674
5862
9544
6733
3732
4863
5475
6764
1343
1758
6522
350
3999
5067
302
3464
5799
602
5816
7440
2239
5996
1992
6975
4654
4669
5390
9196
9765
7148
5211
1725
437
1794
9491
8874
3843
9658
2779
4881
8386
9535
1755
287
452
4899
9058
9522
5744
8271
9710
9659
9600
1444
590
4248
4462
7596
6099
5838
5006
7550
8870
8626
9828
8707
2620
5517
5640
5365
5747
6966
3602
2893
5411
6923
3556
7321
3423
3539
1172
1957
4826
21
8319
2041
850
8211
2478
8896
9621
4917
1088
8139
4143
846
6386
5392
2036
7090
8756
6902
3801
4620
8195
6470
5662
909
1831
4253
632
7378
8943
6342
5411
7197
7604
4485
1605
565
9626
831
5850
6356
7941
8837
4426
395
5981
177
8818
5656
4256
1281
9097
1775
680
5047
1209
8175
3222
7653
7932
3013
9842
1724
1528
5095
2463
6329
5889
306
4914
7534
2668
1555
7183
175
100
7037
8420
5823
6929
6372
9889
4188
7460
3433
7729
7483
3551
2070
7322
4622
3702
5384
7838
9249
4201
995
9925
6263
6364
2586
6558
8662
2053
7193
7654
7742
6920
9393
3719
9620
777
1652
5458
1308
2666
4532
2608
5517
2202
6207
7591
870
8440
3860
20
1878
5724
905
2641
335
1390
365
177
5927
7879
7707
6717
7493
6356
4840
5644
5220
8649
4207
1477
2845
1539
9352
3104
8312
9477
6937
194
8031
245
376
3372
8676
5356
8318
217
2169
1596
6675
1359
6736
9265
3133
8349
1042
1611
1964
8254
2760
414
7623
3359
4463
9498
7352
9610
6632
686
7301
7243
418
8444
8020
9306
1837
4620
7195
252
2670
9661
2710
3626
4388
1927
7323
1016
5100
6818
231
9562
2084
8090
9067
1610
6435
8630
7834
6063
9632
8077
2887
5790
5885
4549
6398
2999
4555
4135
5796
1019
6021
5265
2430
6334
3346
7539
4933
2496
6668
7958
2356
7493
2847
3380
6750
9630
4441
3892
7392
6089
3499
2645
9444
8076
4952
7625
2222
2701
9574
4
2003
6701
5914
7211
747
949
5304
1300
4885
5859
1827
2531
4477
9086
5543
8798
3603
1804
1249
6933
6025
9469
698
6343
1453
3384
808
3595
7729
1712
8659
9760
4367
4275
142
2421
5871
3603
1781
1317
2769
1813
3308
8438
2056
8699
4163
1727
531
6324
8890
4712
2619
1032
9675
6164
8311
7674
5568
6658
2479
1937
5691
1491
5019
4601
3908
3105
1048
6435
5873
7710
9907
3040
2318
7864
5534
7220
7821
6904
8299
2303
7328
1939
8358
7018
8635
930
3903
770
5824
8542
1005
605
5870
9279
5326
7314
5837
4533
1144
9493
4064
8417
180
3044
5981
4520
8246
9021
6625
9523
5475
2869
8851
3101
2937
861
9579
2663
9905
881
2558
9187
4234
9206
6695
754
5232
4557
761
6008
1997
6086
5345
7051
8960
1145
1068
344
2180
6912
7792
1504
9994
2383
4519
2510
5682
1239
3633
8487
8480
8233
1040
1111
5237
2293
684
5404
3474
2056
7338
7838
8968
4572
8709
3490
1801
1959
3474
3003
422
577
7893
5096
8520
7300
4201
295
5093
1916
5022
2982
1683
8502
2792
9961
7262
241
4999
9771
8567
1231
1321
5867
8336
484
8191
1086
6593
3390
9914
4350
8684
6953
7439
1082
4612
738
1057
3713
4801
8973
418
8020
2190
5567
165
9396
851
9613
2879
7466
7521
1908
155
1931
5935
2410
6262
5879
3888
8124
9970
2053
3801
5808
6226
4388
8710
6101
3031
4865
5317
2462
2574
5437
4512
6742
16
5336
8892
5623
116
358
3529
365
8167
8083
2734
468
4944
6369
5413
9698
5340
1358
9613
1623
970
5750
3407
1521
8628
2313
790
7418
9455
6486
8818
8435
1510
8694
5188
8946
1319
65
1159
4815
6417
5835
5212
3974
8610
6425
9955
4410
1320
5512
345
4422
6684
8964
8586
890
4315
2830
1276
1921
7446
1290
8946
5207
135
7949
1008
7645
8082
3837
9976
4796
6104
7604
2704
8142
2076
1349
2573
9072
7444
9695
2987
2773
2778
567
7108
1208
8565
5919
6151
1958
2548
374
8618
9665
7010
3951
2816
8027
480
7444
4739
8367
9926
7271
2813
1230
1975
2640
8715
1425
4455
1181
5828
9715
8833
4159
8400
1043
5895
8467
8936
6386
7104
168
6566
6221
8508
1363
1081
8836
2636
8211
4568
6809
6049
1201
3505
3669
2578
2880
9373
9811
6074
9253
5129
3144
8542
57
4312
3069
5997
8183
3314
1343
3306
3410
2135
9977
8977
8047
674
2867
7844
8641
9248
2118
4127
7488
4750
1899
5070
7088
930
2857
261
7705
6861
2170
8637
3660
110
8272
5503
4339
2663
873
1484
5118
9711
8423
5131
6469
2999
8277
2449
2570
2305
4404
7703
120
863
2578
3831
7731
6628
1196
484
942
4395
2815
2043
8252
8868
5529
112
9112
5134
4769
6799
6358
9051
8385
6675
488
2435
9701
5964
1249
1471
3141
9261
6510
845
4450
8402
842
1589
1916
8375
