10000
7399
9445
3544
6711
2484
7346
6943
5187
5658
5062
6568
1138
3311
9782
2866
3056
5737
6454
3856
6551
9266
6283
6655
5516
6540
9434
4119
7626
2429
7732
3542
2595
5520
9630
9159
3520
1008
1120
4316
9653
200
3898
5609
4099
6207
4290
4234
995
7848
9986
9959
7155
2409
3044
8128
8991
7041
4503
1279
1890
5753
6565
9091
8429
1175
4757
8737
3223
5893
5868
2563
8539
3342
6813
8203
2317
1395
9150
324
1692
660
2879
7990
2118
8412
2218
7702
6313
4951
6170
8176
8321
9626
1721
4629
1995
1873
6018
8707
2687
3484
8838
8205
840
4536
3587
8466
677
2226
4556
7424
2905
9710
2908
1948
1228
1803
4042
9553
6226
3237
7587
761
5854
6548
5737
4315
1503
5027
5449
2735
9562
9637
3336
891
236
5422
9720
9699
2652
8579
9968
494
9630
6651
9044
3152
6792
3269
1209
413
4993
1867
8434
786
8845
98
3415
5887
6028
7595
877
4959
1928
1692
1888
6679
2607
6056
7458
374
4451
6712
2495
6879
7112
7400
4516
5571
6012
4328
774
908
4129
6681
8320
7595
9430
651
157
9618
2723
8826
411
664
743
9301
1775
4982
6327
2021
9946
1105
3868
4325
2928
1544
1257
7593
7898
3480
2984
7597
1874
8807
2423
4128
7736
7221
6467
7923
224
3086
8774
4017
8776
1183
5217
2298
4833
7986
947
151
5852
4653
1272
1559
7523
5064
6555
8552
4536
3337
394
6282
5712
8217
5678
2600
2310
6013
7898
6219
2815
527
8418
5942
7581
772
9872
1504
4625
4506
269
8076
7793
1817
3436
6181
1366
1181
4821
7306
1224
9275
6227
6825
943
3979
2637
5740
528
7058
9743
2867
9632
9293
3527
7784
1778
8252
4143
4954
6485
6648
7312
1576
7408
2927
8745
1737
4268
9373
5087
2716
8954
6371
2226
4672
208
5836
3528
366
8190
5644
3614
2490
1321
2394
3235
4728
4268
5742
8185
5409
4486
1659
7242
7206
2330
4998
6343
4512
4381
6693
9207
6172
1686
2175
8032
5333
775
5859
5472
528
2115
4964
1269
9878
8737
9636
9895
1864
4099
8315
4869
6407
4216
5412
1592
3567
9659
9003
8177
574
2954
8563
5930
2479
4546
458
6606
6680
260
6099
9517
4804
5463
3526
6190
1885
3558
135
8004
5947
197
973
8979
839
8505
8509
4376
9814
7228
2684
1295
4370
8384
6282
8484
4076
4503
4945
6405
6796
1543
1289
4861
5672
4464
1223
6944
7130
2315
9780
3913
7425
4736
6268
5677
5209
7096
6493
991
8316
2459
3582
6953
5008
1381
233
9809
7879
7010
5033
4578
5837
6524
2538
4269
6609
5919
2906
4444
7625
437
9083
9927
6910
528
5327
5803
2668
2948
5037
2791
2323
1728
3418
1876
9836
9693
8858
5516
5899
3785
737
7546
5053
9670
6293
3550
5824
7311
9904
8836
1443
9488
6908
2146
7219
2316
5046
1884
9569
4228
3948
3819
2425
2999
9423
4427
620
4284
3576
5804
7935
1700
9692
188
1046
4349
5849
6936
1943
7308
6196
9032
8502
617
9170
1484
596
2619
3391
4434
4177
3628
5808
911
9018
9657
6403
9543
7154
7383
8591
4526
147
9952
1498
2954
9911
2997
6406
5703
4832
2909
1510
8279
1485
2698
5673
5004
9237
9730
3453
5159
385
2848
2324
9183
7841
4554
6381
5437
4611
4270
9449
4943
4564
3809
1459
6528
2507
9044
9828
3510
153
228
3932
4243
7435
1643
6512
6802
2215
649
8202
3725
8808
532
7379
4756
178
6248
3832
2652
8998
6166
5891
9507
2485
744
2884
9633
6147
6459
9261
9368
9327
4061
2677
1299
7701
3389
6565
6299
1345
288
9221
6512
3608
8107
139
6720
9165
9692
9223
1206
8538
9902
4953
9336
4313
1012
915
2062
9867
261
704
7696
5541
2899
1699
4493
700
8182
8431
6829
1636
7380
1828
6049
311
4775
7280
6416
9728
4085
5429
7281
8196
4010
7209
2392
8017
5203
1872
79
3796
2333
7972
2403
5440
5135
9273
9791
2705
5125
543
9021
7903
232
7275
5149
4763
1990
783
2927
6163
8735
3412
4713
4890
9924
3683
9892
4074
3146
6578
4987
1156
7899
3540
9501
3681
1447
3137
5042
6661
9144
3220
8839
5259
7731
5849
4527
3362
9654
4338
229
2211
5287
2942
2773
8850
8300
6674
7875
5257
5876
794
8313
430
5205
9283
9933
114
4765
9351
9759
3863
7858
8233
2726
7399
2821
5454
2101
2445
5312
3710
8563
835
6343
4508
5199
1360
5936
428
9210
5586
8096
7234
3144
7793
5098
3509
536
4644
2761
9390
3766
6495
9784
3038
5567
1252
3055
6626
2928
1480
7649
2172
1165
8135
1520
7656
7666
6226
9225
2978
6598
7756
4409
7626
2082
2074
4219
8929
3245
5554
5321
5173
6691
9276
8506
6350
1012
3957
1794
8480
4179
4451
1247
3030
538
1800
2806
8231
2264
4621
1435
4898
8227
4656
1669
6521
7534
2860
4080
7097
9686
6056
6466
1084
3538
5472
8041
3988
293
8775
8683
8198
1118
3180
154
4172
1290
8203
5875
7360
6848
8759
1882
1732
3518
4152
2131
4193
6062
3547
4748
6378
2439
1167
9379
6795
8404
8682
7880
1843
6807
1694
6288
4466
8717
1542
5285
400
1535
1492
2267
1786
8419
2330
5709
281
4278
2552
6435
6579
8266
2604
7230
2325
81
258
4751
4024
9086
6029
4012
744
2399
80
541
7997
8781
6522
3071
3043
1481
6195
5070
6113
6636
2550
4270
5209
1883
3209
8227
7413
3357
8470
1976
8263
7179
529
9201
9320
2421
6651
248
211
4555
9784
6878
2718
1914
4578
8365
5909
3442
3641
3457
5699
5738
6579
3687
2582
2798
389
4206
6521
5126
5828
4455
9896
7373
4789
9011
6750
7258
7824
8074
6388
4049
3901
1177
5153
1236
4069
7979
466
5050
2707
7213
4922
3760
382
8006
2327
7162
8470
7214
8081
3672
5355
9479
125
6898
4111
8405
9603
4797
3384
3130
8117
4056
8735
7508
2787
5480
6566
1471
8185
8327
1350
7582
9595
5333
2781
8109
763
5405
2553
1959
1722
204
1164
2095
623
1351
1090
9768
6817
2783
396
1938
4758
7689
3983
3161
384
5593
370
387
3978
9525
6588
5162
757
1571
6790
5442
973
4968
2091
2411
5956
5960
5958
4189
1915
7120
3725
3352
5262
4272
1162
5711
4811
1208
4921
6011
6434
6207
1536
6802
7089
9943
3645
6858
9962
5035
6283
885
1233
7042
7501
2257
1045
8668
4004
8880
3495
1715
7463
9234
4219
5542
4754
8332
4425
6155
9978
6301
186
4114
2179
2915
6730
618
6063
3213
2956
3324
4256
9068
5213
4881
5362
7827
3087
7646
9596
7659
3069
2044
4694
5907
7460
4401
9656
4426
9958
9431
7344
5039
6851
7158
2280
363
4276
5588
509
7548
127
9023
9314
7616
2264
8730
2093
3430
6414
1655
1402
3438
152
3050
2920
6150
8903
8193
2698
6082
818
3461
9431
6172
9272
2912
8177
1029
1861
1327
2279
5998
5185
8836
9795
7440
950
4279
1828
3886
2757
734
1332
8202
6782
5255
913
6862
5854
2446
4420
3753
722
7822
7648
4471
7943
1066
9303
8981
9104
7246
1657
9801
1745
7957
7093
3521
3885
8473
4383
8021
7727
755
2185
7327
7356
4155
800
1462
7856
7955
4608
9991
2680
7427
1111
766
3467
4620
398
115
7969
5878
5499
4569
6430
3096
5238
83
181
8281
3740
4944
6779
3300
573
3637
6363
7337
9379
6758
8555
1308
2769
1828
7232
9394
3378
815
5123
6002
2287
952
4730
9294
4890
1406
8255
5422
1576
1748
5340
4037
5670
7784
7869
9681
2750
6312
5115
9595
4177
2455
7660
5429
7108
6670
8677
8653
9020
1163
9791
2151
8234
2128
3021
8020
8294
2944
9705
2501
784
4427
2467
1133
6538
8620
1192
7621
424
3060
5217
985
1030
5874
4136
9344
8722
585
5416
2447
7766
9892
5720
8363
7753
9162
8384
3232
4863
282
1295
9753
7570
9208
9500
8404
3496
2662
5539
3857
4153
1889
3831
4536
3198
3263
9774
8843
7780
8798
3759
3490
1603
2374
522
8341
8383
7989
805
3311
7826
1438
4575
7990
7887
5843
2125
1194
9417
6140
2300
6945
5017
7917
9300
5187
7054
8977
1426
7782
4086
155
3603
2231
271
3414
3021
1476
794
8522
8132
354
6106
9266
9831
9266
5909
4567
2790
1907
8589
4883
8640
4587
6732
1713
1843
5234
9418
1428
5662
2493
8848
4782
8860
7757
6074
914
4113
8653
8723
3777
3452
6609
3255
3938
7148
5618
2468
3028
2696
3178
2398
5435
9835
6364
6175
1654
1611
2532
9303
270
9037
7898
6569
2938
8331
6857
4076
5635
5313
2120
6862
364
2316
1630
1453
3361
5047
7563
1970
1321
159
8297
1921
9849
527
2201
2640
5300
7945
2340
8487
8735
5399
7515
4955
5532
3051
3054
9448
7518
6542
97
1867
9578
121
993
8541
3723
3486
3504
8478
8627
5679
9512
3365
2036
7409
154
7166
4549
2416
1102
1307
183
521
6329
6756
2329
5572
2681
2394
7251
6315
9361
105
930
2604
4363
3256
1747
2027
2299
6001
4180
3137
3672
4104
7819
744
2313
1797
1698
6189
8586
2681
4110
979
9064
4706
1023
7920
4239
5932
5727
4802
7958
6667
2862
5647
5517
4353
8363
4777
9583
1908
5195
3829
6568
4147
2642
2731
8212
7151
356
9275
9310
6789
910
8511
6419
1675
7541
9042
6161
2124
6897
6853
9107
9823
9042
1737
2269
6025
2258
5007
2728
1088
7542
5188
8474
1996
1167
8611
2247
2458
7737
2626
9897
5256
5115
8532
2134
9734
9154
7391
4736
6904
2533
2357
501
8471
4209
9971
195
9970
5421
8781
9147
5720
2215
4033
7357
225
4284
9350
8570
7495
91
9261
9355
2497
8513
7512
4419
9955
7609
1880
4811
8283
8437
6492
9846
4140
3308
1928
2269
1505
8169
6985
7783
3913
9344
5432
5244
5756
3037
3962
1581
556
8482
9164
3626
5930
1017
1444
7487
3153
5567
8835
5600
7182
8728
2247
3807
6893
3248
1183
4653
5084
1480
6078
689
4063
9005
1962
4591
2636
4859
4336
6708
4042
2670
5476
1150
4944
8451
9985
4545
4807
92
414
6009
1586
9834
4461
182
8901
7672
373
6323
9643
5113
3917
1751
6534
7690
1195
8656
6479
6803
3409
8508
3520
3910
8214
166
5858
9012
2706
2482
5656
740
5283
6884
5628
7788
9079
9870
688
8070
6997
4460
6638
1382
4291
4632
3176
1830
7374
3276
8282
6344
8678
3496
4852
970
3623
7885
7574
7000
5211
8066
7628
1500
7313
751
1668
1950
2284
676
758
660
2730
6460
4828
5377
1506
8598
4628
9038
3683
5486
8194
6764
6810
2699
4257
4947
2501
1173
440
7176
3780
8630
6231
7407
5349
842
2843
2007
6975
6310
6735
9651
2812
2421
4187
4519
4909
1500
1945
9097
4537
8459
5539
9628
7836
2299
5961
8346
5296
6765
750
3476
5875
5615
8433
9449
9843
9575
1058
1713
3007
802
5194
9373
348
7777
9103
1263
9760
6309
119
4433
146
7921
890
8102
2313
5033
6999
4704
6993
7806
1652
6683
3222
3802
8006
3970
5830
3281
8127
2060
1348
6729
1429
5353
1479
4782
8326
2524
4221
1368
2719
2189
2658
8655
9500
8640
347
681
5844
8276
5428
336
1954
2942
8132
1953
3578
4564
1220
4617
8073
772
3536
6306
7230
6880
9865
5351
8451
4620
8347
9280
531
2476
7154
6932
9893
3428
3639
5053
1682
7189
2046
8422
6996
3720
2916
5674
6258
4973
6046
141
2154
572
3283
2995
9289
2564
2668
5449
3894
1236
7262
6318
9047
3340
842
5699
9533
8483
1104
2871
2600
6587
3960
5210
7140
295
6082
2432
9452
9827
3036
2686
5411
9264
4587
7535
7735
2751
1892
4518
2354
8392
5643
8377
9953
1657
2129
1821
4480
9670
4981
5445
4892
7230
2393
322
5477
6931
3116
9925
9951
5705
9542
7946
7231
4292
726
5047
7450
6261
7070
5086
6597
1388
1245
690
7072
9782
4300
6148
3562
1887
3663
8185
9614
7155
5813
2794
4468
2806
9322
2335
2233
6061
2252
7569
401
4193
9554
901
3569
885
6155
6068
5409
4714
6777
1142
7108
2652
6427
6288
1444
2972
616
9880
1720
619
2437
6478
6744
8721
4013
4862
446
7474
6015
1104
1184
1138
6443
824
4848
1199
4089
6855
9838
7005
4107
3200
3673
7036
2683
337
3122
5139
1875
9531
6367
2142
2390
2948
2974
3718
8517
5045
9601
2398
8788
9559
8784
2335
6808
2522
4367
4385
9494
5080
9332
8659
8750
9051
2166
6985
195
8556
9376
3683
3874
7168
1906
9344
1783
365
126
1273
9691
6906
8416
3439
8426
3726
4659
1693
864
9079
9314
3334
1994
1121
3793
9586
8636
4115
5990
2317
6448
2752
9405
7655
2958
4520
1527
3653
3731
2965
2172
9620
1275
5278
3022
6446
1781
6472
1283
8822
2254
5879
7589
8078
3158
5246
516
1440
7059
1080
2611
9576
8161
4764
8779
9233
6813
1866
2607
759
8900
7790
2359
3897
2438
1569
189
8794
2505
289
8596
1626
7911
1507
3631
6516
2071
6179
2457
7075
6834
8711
4434
319
250
3377
1354
9556
4436
5590
4285
9048
1168
7616
1673
9763
2409
2895
6940
7790
998
2358
1105
3407
1398
9024
4463
8553
4929
6561
2833
9461
3582
8306
938
8494
7962
7281
1099
2557
3843
8670
7820
7573
267
8954
263
5341
7114
4754
8806
7344
9847
2159
6077
5585
2894
892
8039
3028
2098
2350
8732
8739
2291
2277
5927
9315
6360
7502
6231
9762
5244
3720
9900
5004
7268
7308
1986
4477
2426
2062
4683
1760
3026
2978
3247
8097
5302
290
5800
4649
5729
6526
5527
6168
8490
251
2492
9442
7808
1853
2689
7848
2579
5134
8911
1610
3946
7672
9092
4358
5818
1988
3844
1182
282
8493
762
4300
3512
5432
4138
6545
6640
5218
6594
4447
9277
4525
7296
9655
2779
1734
4776
7666
1015
5822
4700
2619
9329
9382
7423
7497
7051
8158
2360
8489
6558
5541
3278
4805
4027
5635
3650
8250
3368
8457
6835
1399
3231
8397
5681
7084
3224
8656
4914
9247
842
6192
6452
5493
8873
499
123
1849
2835
6291
5903
6277
9202
3533
7464
8192
3943
602
4411
471
7745
7445
2868
7711
950
3831
2537
2578
8676
7672
1133
4228
9804
3471
8058
7466
6278
6508
5971
4998
7501
5071
4204
6639
7964
1939
1069
3877
1120
4990
3015
183
2961
2152
3807
7096
9608
3358
7204
2515
2200
8030
461
4645
5044
9058
6482
251
9279
6793
8622
8873
3076
7118
8907
3529
1416
7983
5955
1891
3622
1917
3879
9582
7342
881
1238
3910
1655
6047
661
9512
5937
6591
3754
4072
5173
1067
2442
4309
4353
9365
7301
6935
7218
8519
7402
479
336
5539
7905
3779
8723
8144
7481
8280
3666
652
5601
372
5327
8283
2815
2379
1460
4605
3814
9915
4017
8109
5132
1300
7726
1367
2858
9067
8858
2536
4857
6991
8861
3235
6636
7313
2507
6113
2042
3821
4961
8194
493
2910
6435
589
4232
1729
8587
9379
6564
7604
7303
2475
489
1381
8714
1335
7504
9820
9318
4991
8420
5406
8036
9589
9260
86
1745
8164
7428
8662
6731
535
231
4597
9547
1155
4079
8439
7924
5203
4191
7454
8915
8627
3143
1195
9155
3125
4410
8746
6423
6584
6924
3978
2235
2291
2436
2776
2341
5488
6112
6773
112
3654
9820
5876
7139
606
854
4715
6663
7382
8032
1795
4007
5789
6466
225
3298
8431
5253
5089
6160
6707
7809
7790
1159
8204
8924
2029
4296
1077
3529
8552
2087
1785
5409
8186
6548
5029
3282
2582
4709
9941
4776
9818
3750
9923
1922
4474
329
2431
7665
8705
8461
8538
4718
5449
9341
4307
4917
9218
3969
4644
4452
4346
9142
9841
5499
8849
2725
9358
3853
3596
9487
8523
2465
7694
3722
5996
4516
8119
8993
6711
9898
4694
4899
830
5043
6872
6162
2815
7481
8609
3131
810
5790
7214
6981
735
9393
9626
1272
4096
5694
5840
7447
5051
8037
5003
2377
547
7577
1719
1367
8868
159
352
6500
4393
6341
113
9392
3188
357
8190
3617
1024
9166
2940
3756
7118
3581
2196
2957
1603
9510
8199
174
6876
7714
8437
5138
1848
8961
858
5971
4594
1931
129
9414
1425
8002
3812
4201
6092
2240
3183
158
1585
7004
3880
7393
6836
9601
6844
2799
2085
205
9869
1866
9400
5007
2808
2166
7855
1942
6150
7539
7129
9583
6237
5386
5632
9765
1303
2542
594
8861
6583
9364
2118
9715
2766
3517
855
6267
8783
2820
1313
9622
9614
8239
476
6237
2340
8690
786
3101
3871
8499
9386
7772
5979
3067
1685
9768
6208
5151
8168
927
3674
8635
3310
7715
3222
6731
4147
6895
1257
4666
6708
7451
4512
3172
5259
8240
2611
6357
1190
3815
4491
1334
7423
9696
8449
5721
681
3488
5994
9553
3170
5777
6350
5270
5678
6021
2820
9954
9433
9568
2769
3755
6532
8447
7065
565
2903
9659
1040
1547
6766
4109
2034
5986
9267
7613
9709
3805
2597
8004
8591
9402
1692
7016
1104
1308
2182
9167
2430
3350
3912
8585
3942
5628
5569
2627
9320
9110
8971
8492
2260
9594
6480
8946
722
132
2118
5673
1164
2717
3352
5900
2771
6345
6418
1404
8116
1802
7318
2443
3670
1915
9095
7517
947
7125
8486
4452
1404
5784
207
3642
197
9789
8973
7518
205
5389
1221
6466
8962
9739
6880
9767
1174
5298
3597
8464
2713
5443
7281
3392
1610
9111
7040
6405
6934
1267
7028
1156
9608
412
8335
5671
3662
8646
5913
7180
3304
6044
214
6149
8106
2451
9426
6078
5674
1681
7321
8339
1327
2726
5011
1901
693
6096
5897
6533
3138
4039
1392
1922
5923
7712
6078
1118
2354
9393
7327
6794
3254
8063
5474
8689
4248
1099
6120
8381
328
264
3281
6461
1847
9094
2291
1020
7440
1070
5523
8928
5278
7956
7344
2612
732
2809
5208
586
3809
379
9546
7969
4242
4944
8794
4591
7877
8182
3565
110
8875
7814
5969
6276
1679
7970
6202
3284
6756
9959
3660
242
3418
6300
1664
4515
9355
225
181
1577
5726
3267
6131
6403
5964
1326
820
961
5100
2235
5398
856
7879
5831
739
1160
940
1933
6898
911
2783
3225
305
4115
9735
6695
4634
5082
4609
8575
7012
6282
4018
2527
4569
3058
5726
9277
7049
8486
9871
9635
3010
5344
3379
7171
6289
2250
8809
1704
8697
3948
8376
2574
9564
5325
711
5258
5308
1946
8772
3809
2410
1397
7262
8802
3451
1884
5953
8376
3385
259
8964
771
9925
1213
8724
1774
4604
9254
1027
7123
3431
5774
5984
4628
6609
9262
5585
2715
5806
8528
8042
7764
6010
7761
3031
2424
8591
2290
3392
7042
4127
5883
9807
557
4159
3944
7228
9475
9675
5868
5494
5015
2660
8074
4931
3608
1802
4621
6154
1392
2358
2271
7721
7075
3738
2604
3483
2135
9861
7121
1962
2883
9761
2769
8938
4409
5398
8084
3354
380
8225
3003
5562
2213
6539
4186
5929
9416
9688
8465
1778
7601
9881
2306
636
5625
7154
8213
9286
6932
7992
1474
6609
8944
7548
6287
2930
6442
91
4813
3517
1799
938
7888
7501
9478
7634
9037
1867
8883
8013
3164
3076
2709
3307
1456
191
7558
6095
8582
4161
3291
4319
989
9033
3822
7727
9366
8957
1766
6409
3479
1701
1708
822
4146
6872
4901
6036
7180
7473
4087
5894
3230
1624
1448
2990
5374
4901
9218
5455
5490
5023
2258
1128
529
4523
8678
7424
1131
1082
6572
6008
4210
8596
4194
3246
3565
4634
3799
6187
612
613
1745
1483
6545
9756
6053
5798
4964
6768
2557
2057
4693
7594
7104
3373
2502
7965
3390
6686
4146
4544
5403
9384
6173
2086
285
917
4114
1037
5704
2895
7532
584
9247
984
5106
3960
934
4357
9062
6727
6140
5494
168
2097
7234
2729
3613
2878
9363
3321
6665
7552
4487
4210
6487
4933
3081
8447
7821
9552
921
8338
4786
4879
3822
9619
2451
8638
6527
7517
6110
4402
3682
3903
638
3199
8511
9346
6499
6029
3745
9769
8439
940
8410
2309
8967
5913
7955
796
2934
2847
9269
7370
7292
5253
811
7803
1962
896
3320
648
9969
2129
9692
645
8586
5022
8813
4191
4533
4744
7604
5533
4824
9652
779
857
2326
5343
3834
3654
6600
1624
7627
8612
765
1717
5193
955
2285
8532
2242
4810
9273
9001
2094
605
8423
5649
3869
9776
5857
1668
2636
939
157
2803
5976
5094
4581
2952
9384
6005
5688
3076
4231
187
4528
9662
1809
3218
8396
5240
2427
209
9482
5421
8249
7904
4413
6176
1730
2339
5434
9731
9618
2072
3425
6073
8709
5896
7980
8839
133
3448
1210
4018
8038
3733
2938
3012
1785
9865
2965
385
9407
4703
6871
3801
7806
5443
9419
5516
9658
3375
3480
6262
5011
4969
2862
8272
1037
9936
5106
2797
4908
8473
2115
7595
7054
8557
6125
4040
1627
6529
1112
7796
4528
2168
4496
2436
503
6060
1162
8883
9924
9506
5522
7141
1721
5528
7944
2269
9435
9393
409
3899
5788
6357
2939
6408
6804
5968
2635
8375
9662
9952
7813
1428
5700
4983
5212
7290
7865
7140
8930
7104
4278
1930
2710
8876
8991
2102
1674
2988
2620
8294
2887
8797
5677
1077
4692
7700
7678
4169
7514
5291
7662
3581
5505
2101
2264
4355
8623
8057
333
3833
5531
308
6145
3787
7240
4415
2281
9688
6400
7660
3395
9540
9027
6272
9960
2069
2401
6461
9802
5352
3866
4128
3877
4925
5742
4509
7677
2841
235
828
9627
6876
4773
2382
1528
1167
5321
1367
3967
8067
4704
7804
9219
191
3189
7116
4373
9333
1576
2372
8761
5784
864
1660
1649
5792
2359
9082
684
1171
7656
2978
9264
352
7746
7609
8138
1490
2068
7342
6305
9633
8054
6059
4629
6851
2927
3134
1671
3023
4417
3357
5459
5795
4032
8995
3844
3266
5703
4772
9140
3977
4177
5296
5702
6064
8576
3526
4465
1291
4663
4767
1754
4947
7669
8338
8871
5500
899
3472
3714
8172
9517
5995
9055
5572
791
3805
4592
3211
3386
1764
3813
357
6439
4994
6201
1708
7158
9342
2436
6879
3744
4740
780
9028
9054
5164
1761
5211
1244
405
3586
6429
6957
8931
1355
2179
1362
180
2701
5069
6803
6420
6294
8867
3390
4525
2100
5850
2608
5203
8807
6432
6601
1613
9784
2985
200
8122
3497
2918
8949
3526
4945
792
9859
2478
9155
3517
3134
4598
5022
9983
2866
1859
6765
942
87
104
9103
6601
5678
1644
257
450
8447
5212
5411
9957
6802
3441
4754
1898
9074
4525
2507
3865
4111
3323
7138
2557
1740
9395
911
409
235
4397
2729
7664
2923
4543
5628
7228
7275
8951
2641
4221
4829
9031
7562
8546
6125
4259
9908
626
2529
1850
3694
4911
7222
8819
9323
4181
8865
6929
5190
3133
1319
6005
2516
9112
5414
419
7580
6448
6961
1664
8825
4913
1682
5525
2050
2869
2137
8010
8466
7670
2328
2192
4100
4408
5444
1616
5877
3187
611
9413
4686
1202
7794
2738
3759
586
1596
5695
1365
670
9894
4934
507
9694
2007
5835
2592
416
877
6698
5983
7130
4617
6880
1335
5667
8755
9543
905
3158
7029
5531
4758
7351
7936
7017
8296
8195
3669
1538
4070
2480
1628
2187
6562
9195
4793
9534
3631
5180
764
3478
7040
3255
5462
8249
9818
6381
7575
1278
7317
714
3437
4619
1309
9976
8859
6218
9728
6325
4585
7021
487
9404
4681
1517
4081
5043
5521
1449
6105
6786
2291
8792
4161
5512
6906
4236
3481
6216
102
3991
6815
8835
8808
6711
4251
6507
5575
6751
4609
6200
5245
2389
9096
4758
3060
313
7748
5404
6094
9403
597
6323
1139
9348
1593
118
5160
4842
837
1547
1091
5481
6351
1794
7686
916
1663
6145
6258
9347
525
7671
6526
630
3877
6339
6887
1842
4568
9676
9372
5192
9393
1843
5112
282
8044
3021
7880
9501
4835
4967
1660
6804
3118
8128
1725
4680
4476
7411
4494
2887
1307
7701
1652
8870
4655
5918
4115
8852
5669
5032
2883
8809
7618
9065
4251
4090
7856
5457
6666
4557
4052
4704
2138
6538
5581
8407
7732
365
423
8767
2859
8451
8743
5178
4628
9899
1496
4181
8108
7643
271
4682
7644
7694
7103
9103
3248
8943
3585
2625
9139
3751
8230
5740
8103
637
4910
3011
9261
5981
1950
7676
8328
4613
7286
4514
6246
6792
655
7824
8848
4077
1549
9306
3675
6606
6585
9780
2771
3374
7579
1213
7952
2566
8836
3579
2415
4539
5988
5484
2662
4845
5201
2588
9315
9861
1831
6970
9557
7799
1264
3529
3395
1822
7512
7151
3203
391
3451
7392
4468
4596
5129
5480
9281
6754
8667
9113
168
2310
2637
3579
3576
7132
3747
5584
8662
286
7522
5299
3792
2238
9620
9301
367
621
703
2340
4629
7329
7457
6842
5832
2053
2591
4581
9470
6840
4849
4768
3035
3881
8549
5749
5819
1190
2639
604
7429
4176
296
5811
9905
3111
4226
9235
8148
5846
8418
5377
9491
6227
5647
5361
3079
5875
4527
3014
3724
6124
5558
5522
6756
4613
1202
4447
8858
1586
6855
6361
9509
2598
6589
6919
988
7561
3422
3041
7133
1940
1755
9334
9058
943
4639
2685
4835
4397
6132
4233
1243
1732
9238
5272
3693
3119
8521
5256
2064
2884
5732
2161
3919
6311
1204
9268
7829
7403
2246
6449
5535
4253
316
5532
6420
8973
9479
3441
8116
4515
8950
415
1979
4342
1087
7095
9515
9923
8736
1681
1189
4378
9974
2461
8246
5415
469
3813
4124
4460
9957
944
8032
4809
1349
4263
9229
8484
3198
2854
622
2368
6545
9760
9847
5287
7908
4649
4536
1107
7750
7963
8734
9035
8497
5025
2832
4670
8905
5867
7537
426
9959
9947
1470
192
154
8126
6872
8950
9930
8334
5859
1435
4499
2890
2531
735
5952
7228
9051
856
3588
2797
5374
2895
5649
6990
502
444
2792
8291
8136
5931
5958
1007
2854
5616
7702
5278
3812
5777
2323
5455
571
4331
1993
7233
9500
6846
1882
7769
3538
4643
2676
6717
9094
6537
4708
120
7409
7364
6967
3454
8239
726
9964
7579
134
5625
9712
5505
2808
9398
9508
4340
2010
8268
4947
4779
8788
7047
5094
3491
2705
5514
851
4950
2561
8692
7972
4121
175
640
168
8003
2319
3347
9160
2431
4200
1798
1127
191
3994
858
6537
5299
8223
9332
8149
5600
4684
6443
3362
8101
2076
5213
2126
767
1751
4475
9470
4879
5321
4640
9489
9574
3650
945
1292
9365
4116
2806
3720
4302
1571
9679
1426
4089
563
3137
7873
4271
5086
8361
6015
661
6538
7023
2072
8725
216
5715
10000
2801
4880
7174
4292
9777
8960
6625
7670
5432
7038
8722
6295
7889
9389
4035
7222
8381
9630
2897
5824
9095
5345
3894
5824
9290
3675
7030
408
7099
9820
5082
2223
5280
6979
3303
2819
5310
2889
3420
6921
3301
3670
6074
2533
1326
558
7115
6058
5334
2590
9962
496
6647
2669
9139
3793
8742
4307
3474
4467
8280
1694
1886
585
3794
5324
3879
6567
6047
1651
1635
5407
2401
314
3765
1351
5919
3195
194
7760
1601
156
8636
2543
6299
1801
5794
1566
5684
212
1935
804
1401
3881
5386
7747
9281
6540
494
371
8152
947
3659
6669
9502
9909
6291
2050
8628
3534
237
3319
2319
6518
3240
4070
9819
4914
3603
9898
7416
5432
7244
1504
2387
2029
9475
3263
6723
6393
545
4354
788
7003
2823
1199
2879
8094
6991
8398
2532
4279
2984
1525
798
4722
7415
3475
1338
3681
2308
458
8901
6292
7188
9602
2686
9222
1847
6501
6136
7359
7743
3445
482
7237
9248
2269
7949
3760
6222
5072
8714
9914
2251
3461
917
1301
4934
9771
5992
7577
1957
9792
8293
9195
4248
4142
3965
6979
8145
2021
127
7610
662
6813
2677
8874
1550
1130
5719
4246
2442
8217
6000
2268
7751
4444
5344
5604
5195
3256
3680
4154
7632
8369
4159
5970
7711
1794
6995
7493
5160
1456
6852
4458
2111
7392
1782
440
5943
7725
382
9480
2254
243
2301
8135
6423
345
2421
3473
6910
511
8284
5620
8352
8761
5701
9904
5883
2425
6831
4912
6799
2356
9010
8315
4785
2183
9299
8960
6312
1746
2840
8801
7216
9228
2608
1048
7673
7480
7180
5516
3579
1893
4904
1250
7841
8624
1905
9107
3094
7610
7315
7774
5679
2879
4204
9721
3886
9693
6452
3096
1001
3136
4327
3432
9221
212
5837
615
481
3040
222
7679
154
2279
3433
2947
3222
579
5043
602
5623
7681
5455
1146
90
5810
5843
9658
3776
3221
7735
8854
1067
6903
5747
9530
270
4871
2673
9570
8430
2432
3518
8881
4404
1805
8031
3235
8792
7107
6509
9693
5328
1262
8305
2548
7763
6987
4984
8932
4523
4004
3658
7858
3002
8313
6291
2740
1212
9062
3706
4498
6023
4597
9500
9260
2510
4185
5235
1649
8292
6640
8462
8853
1136
8116
633
3262
1794
7948
181
1614
7729
8429
3178
5163
5515
2170
9268
3013
4275
4989
1242
8959
8996
7950
6673
5207
6177
8239
2258
7946
9706
599
6621
7672
9732
390
5221
8212
190
2036
4280
9555
473
8470
7266
87
7368
8358
2819
7056
4767
2630
2059
4070
4975
9766
6675
108
8624
2607
149
8181
7192
4845
765
4725
4099
6610
7131
4441
2048
8426
6085
1826
4444
3247
1716
1010
3641
4087
6795
3700
978
4315
1519
7611
4329
1923
6496
5343
778
4607
5368
3101
6660
1141
3328
8755
308
6910
4870
1036
6756
320
544
1351
7714
7971
5348
5212
3601
5081
9040
8317
1066
8959
938
7097
4191
7857
3346
3327
492
1244
763
2278
8207
6953
8797
3642
1082
6094
3685
3414
6528
9204
6298
7503
8067
461
3790
3276
9594
1886
3615
468
5379
8027
8665
695
3680
8344
7311
2149
3447
1819
5314
6746
9905
5835
8174
2509
9089
404
2721
5265
2206
3127
3703
3514
9960
1407
1932
4711
6358
8077
8981
7900
5451
7472
6959
9233
477
9325
5384
1065
7285
5244
2962
2222
2299
7273
620
4839
3981
8692
6558
9222
8663
9651
799
5211
5065
6487
7283
6153
4724
7216
8849
7785
6200
5325
7325
7258
7108
861
9387
5642
1255
4890
4874
3274
2335
6882
9610
5981
9615
8312
5643
6441
6524
4215
1421
6857
287
4043
4365
3209
4231
9225
6965
9362
8293
6725
3639
8085
3052
7224
2765
2228
9537
3307
1407
7209
5209
8433
5096
1108
4496
7984
6214
4195
3270
7860
7180
4465
6759
6455
3581
4588
4051
2194
3248
4832
5041
3575
2604
8180
669
4471
2492
4961
3321
5663
5082
2195
3748
9433
1227
8384
6862
9134
7429
5619
1496
3450
4748
7528
5177
141
1204
780
5382
1340
9425
8811
5972
7348
6751
6733
7413
7775
2415
9448
9547
2649
7468
5058
5547
6188
1460
1951
5836
7093
9288
3773
9319
8639
942
3250
6011
9944
1401
3474
3772
9140
2326
5226
1626
7302
7979
3237
2153
9298
4587
816
7531
6771
827
6693
5768
8049
5743
1388
8426
3078
2531
6396
3073
2342
3041
7285
1574
2109
2090
8019
3506
668
4926
8316
6748
8608
4159
722
5547
9950
2737
9824
5787
6808
4131
4466
5588
9776
2551
8984
1288
9471
9281
606
2709
8431
6766
2735
9639
8686
8118
6142
229
5110
4148
2434
8871
2849
7751
7238
3976
4557
8951
8802
2122
6653
6247
7621
1623
4029
5919
706
8887
5411
2319
7444
3975
3608
6671
5468
8783
1026
6463
5481
2301
4318
9233
975
803
7846
3834
1582
5098
7392
8094
7347
3029
9713
2031
6458
299
787
1125
7816
7563
2950
3279
607
1640
332
1331
2707
2566
5832
6122
2132
5802
6481
1293
2593
5172
2448
6115
9896
1221
7620
657
6910
6366
342
7597
9611
4858
3908
6969
4691
2642
2987
5916
3541
469
1651
7763
4422
9702
3419
5175
7830
4358
5627
1574
3819
6471
8777
6730
8522
8094
2157
7594
3456
6763
4291
2972
6963
5492
5766
9721
8845
4940
5794
5904
4523
1496
1848
7185
7146
1343
3521
6833
1458
193
9228
8358
9191
4367
1791
2806
8870
5472
8567
2183
3962
675
8831
5552
3150
7112
8291
7481
5500
1732
5393
3481
5818
5777
9683
8221
8146
5050
6818
983
2444
8844
5301
1767
3554
6306
5417
7821
2780
8638
8958
9294
4697
3046
9307
7110
5522
7843
2132
6659
3984
3668
8910
7817
5193
2006
7996
3631
2327
8675
9372
2104
3497
84
625
9500
7813
6334
8058
8891
9016
3456
8022
7928
7360
4541
9376
7747
4808
1891
5787
2087
313
1870
9854
9690
4823
1582
7387
1495
89
9017
6865
9707
5959
9103
4256
4179
4539
8741
9141
9362
8861
7367
9906
2749
5229
9122
336
440
1356
7248
3966
709
5640
6366
1361
3974
7107
7396
6125
3146
6454
6397
8770
7467
9445
220
571
5808
4283
9724
9546
2130
7690
6403
5208
5882
3716
2513
6949
9237
7332
8015
9058
6444
5847
9214
170
4217
886
4880
318
1662
7492
4891
5715
4037
3111
9007
5103
3406
3846
6589
4347
5662
5799
6578
2487
957
7847
4028
6844
9975
9839
8710
2641
7267
7025
91
7713
7357
2289
4584
7246
2606
1252
9527
3624
9706
1744
9638
6283
4968
223
9229
1656
2483
5777
4080
2432
4888
5397
1038
5460
1222
2594
3192
8222
8926
4756
307
6248
3575
3277
4753
5401
5962
5487
7271
986
7338
7947
5566
6830
9615
9487
1149
8723
8969
1310
5059
9755
4270
1852
1169
1987
2833
3922
3932
7086
9097
9487
9994
9884
3720
7697
2961
9725
213
3799
238
5514
3518
2078
6673
1389
8521
4557
940
5202
6898
459
6859
8501
870
4233
4090
6746
6571
3080
1745
4830
6229
601
2260
8780
4990
7878
5731
3239
9867
9359
7587
8770
8243
778
1945
9036
1253
2484
3439
4222
1509
566
808
9431
1237
7383
6262
1835
503
7226
4770
8243
8213
6236
5998
6760
5156
538
7989
1034
8329
2929
352
5895
6438
9908
1014
3530
7563
1279
4923
1333
2824
5243
6999
9444
1642
7188
3370
4788
4903
9933
9745
5586
5778
4885
9040
9474
7372
5307
7956
7849
9966
8213
3301
2269
8183
1955
7443
9771
3051
782
6551
6282
8133
5535
3999
8702
9552
2446
7506
9173
3502
8062
3178
6266
6173
6852
1880
1499
1662
8487
5610
8665
2953
9276
8074
1112
2353
471
7796
4116
3397
9866
8907
4965
8802
8306
9119
553
4409
7012
4218
1610
9276
5290
8778
6724
923
9664
1766
6185
1004
588
6525
5019
3593
7929
930
884
2439
9865
319
87
2003
2353
7898
5315
2236
4291
5489
2520
8875
7293
2362
6211
4928
1816
4577
9635
777
3882
5665
6412
1615
5296
2434
4592
452
6505
596
3106
3059
2309
1743
5912
7251
298
3005
4616
278
9452
7874
7162
603
4861
5689
7896
8563
4286
8167
5112
2841
9397
3595
8124
8650
1494
6105
9056
3538
9476
6055
3370
3801
1546
7377
7153
5946
6744
169
2608
5226
9407
2756
3499
8751
8882
6261
8481
5208
9303
1301
1111
9500
2117
9898
2529
1633
4925
8021
7669
2863
6641
6727
9587
5360
338
3620
1058
9609
7557
103
2161
4189
6756
3287
6200
1080
2905
9279
2182
1743
5837
924
3548
9511
6887
1620
6341
7723
3336
3506
2152
6805
1505
3857
8299
804
5056
4875
4537
6163
6200
2846
7103
7802
9833
9293
8512
5261
704
7150
1210
4097
9277
1918
323
4906
4331
1045
2410
8147
7350
9614
2193
5815
2423
9821
9788
7283
6941
3563
8841
5936
9229
3198
194
9858
1325
9983
1971
794
7228
1586
6588
146
2856
5570
282
6276
4315
2033
8222
9652
5937
2751
8678
8254
3621
7185
6714
807
3885
1794
8649
7131
2367
2434
2865
4649
5552
8098
6372
6342
967
4995
7877
564
8429
1557
9323
2445
8234
2417
5165
1378
4568
3876
4064
6820
1804
6039
7174
2944
2876
8247
5499
6116
9617
1661
1133
1603
9870
5459
8106
1079
7266
5855
6578
390
2711
9794
9959
8265
1805
9297
3075
835
8197
4338
675
1901
7716
1635
8470
1791
2834
9927
9012
1404
2378
7055
8694
6036
2835
4034
7000
5134
6562
8879
2887
9310
786
8982
8137
3162
7283
6503
1548
5748
7315
7975
5114
6889
7342
4905
5060
1482
4496
4924
8829
835
1519
3166
2719
1295
5455
1547
4281
9886
7820
3077
7966
5198
1528
4620
3331
2917
9414
2296
8344
7409
4644
4427
8194
8013
5344
3928
7570
1427
4322
7460
9413
2192
4545
7442
6926
8030
1080
8602
7216
4536
9579
4772
7990
6640
2527
9003
945
4648
1555
3443
3107
7899
7034
1742
8641
791
7576
7723
3762
6858
8840
7745
1417
3050
7431
4745
8855
4989
3536
4615
5703
4388
715
780
4328
6699
1600
9303
2820
8257
2116
5902
3303
2148
1651
2436
6726
3164
5371
704
8400
4541
5451
3371
1584
1987
6705
3199
6851
4124
2560
8059
3683
8982
6281
4757
1695
4035
5564
6334
3920
6016
2514
6861
9314
2550
7013
8363
418
9135
6260
434
8849
8457
3231
1733
4920
5837
3556
2794
8696
1319
4782
2504
7823
440
4435
8928
3109
1688
7768
4811
5691
9148
7268
3407
9449
8369
3758
2153
1378
2693
1762
1431
1562
4112
7142
6598
7339
3100
5479
3126
4805
6871
4802
2173
4747
1343
6096
4807
8513
8435
4074
5878
7982
7572
4621
6076
9786
2040
6117
6129
4202
2180
4440
5647
5446
9739
4411
278
5603
1965
6367
2178
6887
8003
9242
3933
7549
8142
7355
6584
1540
2731
8699
5928
4927
8616
496
4451
1810
1673
119
6367
8659
3969
1115
4064
408
6309
9942
6674
2059
5184
6899
5481
2298
7912
9535
9154
6357
3913
7945
8241
972
1345
5572
5812
4271
108
5196
8727
2100
6116
4875
3884
4377
2245
995
2754
694
5099
4846
4673
3376
4927
7841
7593
6572
9555
4082
5620
6958
5265
1281
1309
5967
8311
8365
8214
5588
7180
4356
5089
1406
7171
4564
7469
622
6878
9023
4881
9938
151
4299
4318
5184
4573
1385
6600
3198
7872
4465
9672
2934
2972
9190
8124
6132
6924
2346
2203
9601
4545
6286
7448
4493
3093
5655
9896
6345
3379
4882
4049
9582
4944
7553
8693
8281
4049
191
2916
7239
8936
1069
9732
9727
5561
7218
9624
905
8567
2728
6686
5975
2008
786
9874
1740
9011
5907
1011
9010
5753
5068
5380
8498
4564
2041
124
7882
4492
1529
4118
6814
3364
7163
9196
4844
3664
4700
7773
9874
3551
1959
5608
1668
4590
3154
3606
1742
1592
952
4313
7643
5089
7528
5186
1214
9182
888
6838
5904
1844
9560
6121
8007
1928
7948
9358
8528
6386
4416
9197
8709
1998
3075
9742
5033
5227
1488
8549
2232
7354
1068
4588
9323
3208
1598
4868
7348
792
5428
4738
1333
7620
5466
1407
7982
2268
5238
9771
121
1440
6509
6423
9806
5113
6803
8994
9692
6817
7675
1182
3331
8062
1965
1813
826
5250
747
3611
9141
7343
7003
5465
8577
8017
4675
1790
6576
832
4536
4572
5823
6858
6581
6146
8112
3980
6665
1236
6509
227
2699
4327
314
5068
9683
2666
5864
7944
9202
9292
3588
6421
1847
426
4631
1947
6527
732
2756
3104
150
2537
765
2316
7840
5699
9171
1525
5582
7620
1870
1724
8120
6907
1082
7659
4538
7560
5249
6375
6061
9240
8786
5671
5112
6029
9965
1184
8477
2743
238
6438
4918
2682
6686
1107
4347
1181
8711
2680
5026
7917
7651
9061
8011
8186
8626
4378
2132
6257
712
8657
7032
9986
8096
1319
2199
4311
4866
8770
400
6553
3558
5337
9970
6819
6002
6750
4202
1307
5264
9840
6431
4539
9377
5859
8479
4901
1577
2922
9711
2681
1093
9918
1088
9843
8783
8419
6171
9934
8426
9017
4012
665
5554
2047
5764
6754
3840
5169
164
3620
290
4526
9486
8528
6974
7168
3975
8794
9455
1183
6407
6338
3090
235
7743
7114
1060
6659
4016
1838
3038
6365
3962
2115
4597
9544
6406
6630
4175
8379
2413
5268
8506
2621
2751
869
406
372
2455
6438
9202
5505
7272
3831
4888
7840
3450
3766
5013
9170
4987
6573
925
8543
995
3941
1584
3431
1141
4876
2762
4045
9596
5094
8526
9294
8575
4901
1285
5131
934
3557
3871
1638
582
3333
7215
5306
4192
5412
9047
3427
1013
2761
6297
9758
2596
6022
2859
2723
6381
6180
1346
3872
6914
417
9701
9620
6740
423
5367
6130
2497
1982
267
9333
6512
1211
8059
6746
7976
592
3948
9729
3434
8453
9950
929
7956
5322
5181
6635
620
2692
3590
7770
1572
7284
4816
7310
9710
6895
2286
7060
3062
3475
1059
7237
1613
1259
7679
1455
3746
8796
2505
8885
793
9437
7382
2737
7451
4803
4833
9550
8338
9158
1690
5852
1661
3030
4059
6927
756
7757
5263
9182
9753
9267
8864
3147
3025
8388
1379
870
2751
3318
6476
7745
1843
9540
1223
2216
4036
7878
8958
4875
6169
122
9468
6200
7078
151
2828
1308
2893
3840
8338
2230
6066
7615
1717
2822
5616
2303
8578
6625
7344
2118
7846
753
1299
4624
7910
1276
8472
2257
6317
380
3908
8435
2341
1446
8427
9021
830
1584
1421
1060
360
9601
7234
9750
7895
1278
8523
2980
8984
5775
7637
279
9494
5003
818
8881
364
3320
4800
1436
9444
4209
1303
1685
2654
8577
2148
6604
7165
8986
586
557
7551
5229
662
1484
602
5829
6004
3287
5597
494
6690
9342
2147
2123
526
4334
613
4286
2616
8823
2098
7204
5419
5040
6463
7889
9107
6894
9902
7272
5541
833
4530
4288
582
2039
2132
5533
9775
5649
1218
1061
520
4398
5529
7389
7906
792
1030
391
398
5226
5687
4165
3781
3852
3753
8029
7289
3774
3080
3536
4154
2675
5252
1804
4539
3673
7462
4569
6369
7306
7810
6564
9217
7208
5383
1131
1607
7891
9723
3456
9794
5528
4236
8456
5705
1811
5486
5313
3654
9678
3570
9797
4238
2429
8897
7663
5748
1838
520
6475
137
5758
5049
1839
7202
7804
7718
2003
1455
9710
5493
2661
9282
2856
8210
2814
7649
6109
1061
9148
860
6206
1643
759
3101
577
9829
3663
8287
500
7591
5377
8116
1058
350
2046
1905
5757
5010
3171
8531
5961
669
8287
8210
6435
8916
3738
6992
6935
3255
3315
2036
6183
4490
1332
7447
3697
601
2141
1900
9164
4845
2971
9936
2550
8746
5700
3497
2199
2004
5088
396
2293
1454
7616
2215
4355
2070
7500
2037
3198
5158
2603
8155
8631
4021
5226
3970
403
8035
5955
3756
6668
8097
9752
9443
2039
7129
7500
968
3813
3371
779
6962
1857
7670
1877
7535
9532
1828
9136
978
6611
8061
9793
4280
1852
3433
7603
2395
8105
5942
7417
3582
4973
7492
2135
4093
7251
5977
9230
6516
2163
9734
4148
297
9440
9204
1010
9599
9201
1166
3748
1178
421
3923
8527
3882
7917
6725
4331
2214
7175
9798
5010
1903
5953
1239
7644
8392
8307
1498
3269
6788
6366
737
6042
4027
1390
6753
5688
7379
5483
8274
6976
3377
5359
7748
8233
8417
3313
5007
2757
4724
9069
3282
7941
581
3162
3552
6533
6418
4966
693
3862
3662
791
1216
4720
5060
6052
3394
6847
7703
5523
4761
954
5800
8980
8462
507
6409
6233
3131
3437
5360
4869
9313
4301
2277
3242
2542
4473
6580
8012
4589
3410
1334
5832
7067
4726
7488
8824
7697
9688
2943
8437
1796
1672
8861
5102
2532
5071
9103
3827
4768
599
8467
1075
6493
3789
1099
3485
7434
4525
7981
655
3048
1630
6555
4389
8045
844
7374
672
1078
6123
9228
5629
3586
7685
5773
7635
5248
1216
1067
2680
8380
1473
5659
5525
1403
9292
8430
6751
4677
7407
2398
1068
1263
9897
4680
231
5841
7634
506
9538
5133
544
9553
9900
661
8785
2268
1236
9246
2403
2753
1966
1526
2228
6844
6598
6906
9428
7442
1188
9988
7597
869
5455
2247
4350
6339
8453
4219
9274
6610
8631
5212
6150
4832
9105
2746
295
1600
5086
4650
3356
2671
5128
1014
9462
6472
1665
5288
6561
6720
9999
8901
4507
3424
2660
1829
1371
9652
6576
937
5597
6314
8966
6730
1407
9902
4356
1175
5440
7152
8932
5386
3414
7806
8043
3052
6030
8837
3636
6951
1026
5573
6070
1927
1985
9756
7520
4223
5990
2521
188
714
8847
4377
9225
5947
5064
3729
3553
843
7774
9231
1987
1475
6063
2444
9843
8976
8917
5904
3636
7632
1382
1113
6283
8583
1365
3674
5994
7722
9323
1270
818
3334
6926
5915
5599
6134
7743
1736
9425
2399
4752
7190
7154
4804
7545
9124
2929
9129
645
5699
6041
4900
5545
2853
3714
7037
7655
1925
564
1673
947
4659
831
8484
183
7681
1005
3408
9390
2591
6820
3533
9310
313
5178
7748
5341
4386
8473
929
7293
5382
6305
9080
3984
4644
4572
8056
3043
2636
8361
6160
2076
7280
2235
907
6475
9926
7095
1208
876
6371
236
538
9058
276
4533
7543
4901
4338
6386
1857
3331
1544
5375
1903
347
5927
3542
8639
1269
9720
5431
5015
8959
1732
7889
1440
692
7641
5255
9579
5974
5370
755
7744
536
8544
510
3280
152
8079
8838
7611
7356
848
6698
3153
7431
604
4179
3504
4237
280
4718
7464
8182
8014
4476
9131
6923
2337
9136
3289
6224
2649
535
9440
2997
2387
4455
7017
4734
7132
5811
3207
1729
2723
8404
503
7036
1529
9513
8555
4733
4920
9107
2192
4171
400
8567
4882
2384
5363
8152
9788
6863
4271
2779
6036
1312
3960
6793
9408
4260
4112
7221
6463
8264
5267
104
5164
9055
237
6652
9803
2874
9797
3193
9100
8888
6477
9769
6966
469
9758
8548
7754
1906
5602
7421
9408
1147
1516
8455
9237
2999
244
9281
5879
6417
3025
1593
8150
8973
3703
7807
4696
3420
7461
238
8430
7915
9386
1725
4026
1521
9085
6233
9420
5435
8195
9706
9981
6203
7483
9499
6666
8194
6713
4901
6552
6642
9879
5012
8452
1072
4038
253
3426
1022
6878
633
4715
9191
2604
911
4270
4827
9520
8689
6989
6991
5902
9689
4256
1822
4552
2360
9338
4079
9143
6122
7288
1440
7351
1436
4460
7283
8202
7697
2240
6427
4849
8437
4019
5549
7631
9782
730
5522
4888
8262
400
1518
2343
8733
1371
1618
3679
1230
7449
8626
6125
218
5457
4878
4467
812
3644
1733
603
8063
7918
5359
4518
447
5011
2503
1628
7884
1937
2179
428
7587
2251
2619
8581
5617
8394
8965
967
8549
2229
8183
6639
8966
5171
1772
9718
127
6342
1991
110
8234
6188
2474
9211
1996
7330
9387
6874
1937
3624
977
4014
2527
354
1150
5551
3770
2267
2449
2270
2807
98
4520
4587
9566
2592
4862
491
5227
7300
1048
1678
5173
5934
9519
6116
9179
1177
789
2606
6352
5579
2998
6875
5331
4505
9021
1858
7463
8421
3093
2895
6678
1069
6538
5602
8237
2582
9996
8704
7443
7235
2994
4316
8799
2698
8159
1060
9940
8613
1003
7977
8628
372
4294
7847
9530
6848
3324
5075
6762
8368
7229
3132
6257
2290
4792
3745
937
7723
8921
7969
6386
4000
1374
3252
8290
4317
4515
2284
1376
9635
8405
7428
8966
7568
6135
785
2186
1157
183
4549
1480
2286
2695
9746
3276
9713
6059
8380
5342
8534
318
5149
3048
7079
5684
7786
5378
832
5607
2874
1026
3668
2232
3141
731
217
9108
8113
4716
134
9645
3941
2728
6034
2095
9408
5783
275
5499
374
8838
6574
816
8344
3101
7879
4449
9369
7243
6938
2728
4739
4695
5021
511
95
632
3908
9037
6597
7284
2057
1999
7953
1076
3240
6546
7429
8925
8536
1142
7258
3968
7866
8094
5817
1270
2706
2666
8126
8636
9715
7273
4656
2347
3180
2141
1848
3571
7323
8697
3650
7403
7132
8902
8363
2116
2794
8499
180
7225
7712
5691
765
3902
2885
2294
1660
6753
8829
5240
1860
3991
2892
2329
8610
8998
6667
6530
9215
5775
2340
4769
7843
9336
4712
1349
8383
2096
9486
5705
8543
7226
426
9298
7860
5331
8639
9533
3609
6722
5552
7539
4055
9452
7393
3521
5935
7233
4505
3145
2549
1404
6674
1327
4707
8551
2216
1352
9970
2094
8689
1521
947
4913
286
1908
3005
970
7342
9416
9032
6622
3421
7699
3904
532
6801
2082
6598
8476
250
7227
9291
1335
7940
2552
9490
4001
8823
5624
2949
8467
6761
1649
431
4091
6474
5865
7892
8392
7481
9479
8290
3730
5284
8347
351
6672
6122
2693
9392
9188
8854
2203
7191
1915
4741
8430
148
9304
522
9422
5449
8377
4363
939
8255
8297
3166
2328
2065
2633
5710
4084
3334
2121
1818
6040
6834
8415
9371
1148
6745
4851
5329
3985
5711
8896
3615
9396
3473
479
9086
8366
8062
6089
1131
3934
7416
4069
8806
9542
6779
2763
2778
9455
2420
3151
5210
9900
5006
1297
7398
8281
9959
2467
7502
2098
7990
9991
79
9771
5831
5373
322
4734
3738
5345
8666
9704
3232
4080
2751
6894
1577
1410
3766
5245
7460
2779
8364
9109
7789
9591
876
2146
9701
9744
2930
4981
900
2675
546
3587
6424
4935
1857
4474
8243
3227
4422
7290
7076
6400
8576
3173
2543
705
2441
565
5534
1299
5714
2217
4615
8017
3090
2203
8258
1033
280
1203
8431
9780
3357
7225
2737
9539
4156
3675
83
3132
1223
5061
4235
1087
5757
5461
3058
1545
3024
6777
7193
2104
8459
4212
8952
3290
3890
3361
2417
4524
7260
8833
6294
9448
8625
299
2262
4654
1542
574
5176
2781
8251
376
4817
7104
7567
3767
8505
4569
2264
3082
4511
5827
2008
4597
5337
9867
3261
1504
8512
3251
1163
3673
277
3531
6554
3543
511
9429
2357
8231
6535
3075
8497
1255
9367
8512
8632
8049
4003
6961
4645
3512
6809
1134
7355
1937
5921
1185
7497
9629
9079
9959
3443
9035
7103
9927
6369
426
1090
4887
9713
6162
6839
571
3531
6449
3009
1785
2314
871
6929
6031
3609
8659
9834
2517
7251
6672
7935
797
3013
8968
7868
6800
4460
735
5730
4142
146
3568
9063
964
4516
8777
3020
9034
5531
6423
4856
4282
7356
3788
441
993
3383
725
5847
7318
6683
6466
4768
8817
4223
2055
6955
6046
3319
5021
9849
8581
2114
5256
2849
7861
8744
8048
6625
7785
3107
8048
4567
1323
1508
5412
4729
6854
7738
2115
6727
1590
9448
5307
9637
1145
5178
9790
1216
1337
7268
1993
3922
8462
5815
8958
3519
4401
662
599
5819
7800
4617
2642
4178
9958
2273
85
7482
2950
7663
8953
5936
8532
3801
9708
4042
2028
2691
1623
3457
2129
6605
3225
8451
5414
5347
9164
1070
5697
7661
4938
9206
6406
3482
9627
8277
8211
4283
8456
3888
9821
3403
7649
78
610
9271
428
5552
7535
5604
3910
7023
190
8033
1191
9382
1783
7777
2003
3286
8888
5054
9134
7987
301
9224
3974
4503
1386
838
6674
8968
2691
1204
2585
8961
4855
6923
7419
871
3930
338
2371
2849
6419
9909
3192
1192
1322
6992
8629
3842
5339
4863
8802
1067
1834
1228
3595
3206
3305
6230
124
7401
3905
4715
5215
7493
7456
4063
3239
7080
4906
3313
8696
6234
5010
553
4849
1922
5500
5719
6839
8841
1867
5781
4695
3362
5827
3303
7443
3590
8025
9751
5633
9168
2615
7595
6182
6997
9983
3717
5287
1781
1035
3512
2111
4687
3964
9321
9305
430
2447
8805
5476
1246
5156
188
8176
8793
6391
729
5055
251
635
9603
9209
7121
4620
8955
5322
3136
7820
9402
5327
6665
1808
1239
2885
8476
442
8259
3163
297
5852
5374
7532
8500
8701
7291
6824
8990
5241
1087
415
9470
2942
7012
3712
9552
5638
9598
3115
2614
7812
6640
4411
8262
9735
4259
7342
1180
800
8488
2274
2632
5566
7606
4398
3050
3810
675
8243
5037
5218
6059
7118
7916
4692
3208
1946
6146
9261
300
6324
9177
7677
7711
3411
9052
6037
7655
6262
6469
5018
8675
1326
9133
9551
5390
7275
6852
3509
8078
2294
1276
2852
2198
870
2282
3682
324
4890
543
1639
7730
9521
3359
9140
573
3197
3065
6794
5740
3111
6637
8287
5765
1651
8284
1283
3295
1640
8025
5858
8655
7436
9427
3099
9679
472
3521
4974
6652
2476
9238
730
4788
2889
2459
2134
4368
545
3852
3544
9428
933
3143
5285
4803
772
3789
3748
6271
8848
5182
2158
5890
2315
5788
1443
4670
1999
6161
5054
9424
7324
1527
5207
1645
3328
5139
6316
3303
1362
6432
4109
8699
5455
4945
6381
8394
378
411
7383
581
7125
1189
2963
3141
9570
7849
8893
1465
8799
622
4831
378
6387
6941
9724
597
7317
734
4754
1250
6422
7153
1004
4044
7883
4339
9356
6539
9650
1410
8019
5608
6478
2041
7977
8410
394
5762
5655
3593
4939
6672
248
2647
2659
9259
8516
5740
4952
7409
3068
7590
8074
3611
955
8065
1522
4594
3788
6276
4590
2841
2115
4129
8366
2646
2901
7636
3522
9545
5094
4906
6891
7517
5881
1297
403
2088
5443
6158
9488
9937
8639
6446
8845
5244
7307
2545
2072
1322
2882
7849
6302
6193
8289
5178
857
6121
1066
2557
586
3932
4103
9230
7875
3340
7706
8389
4913
935
3825
1740
2691
9930
7667
4139
305
4726
4300
4979
9956
2731
3843
9727
5117
7339
6046
3714
6324
3358
6342
7874
7990
4143
1523
1078
9862
6501
3077
8447
3216
7527
9154
2294
8670
8502
6338
1992
5055
5279
3986
2918
9607
2036
4415
1731
7904
9504
1177
1902
8092
2024
6357
1524
2383
3254
7441
5559
3553
7888
4548
8263
5014
5815
5668
6106
3028
6441
5902
8743
3215
3915
3025
6550
2112
4514
4386
9306
1980
9431
1407
5388
9359
2090
8616
8263
6752
3203
4696
3208
8502
7410
4170
3091
2184
8290
4548
2220
5328
1256
5914
5920
8860
2742
502
2168
7922
8408
2661
1342
218
9156
8809
4739
8132
6595
6504
5024
6914
8788
468
4205
7859
7100
3102
1808
4710
7569
4549
4524
1673
7986
3786
2633
7420
4027
5613
9182
3950
1370
6688
5287
8546
2285
6619
6593
1145
4888
2273
1730
4014
3994
928
7048
177
4333
7959
9670
5895
5991
6852
5511
1488
2425
2686
7261
8887
6903
4484
2396
9906
615
6052
3528
5018
7887
8505
2098
2172
9188
4743
1550
114
522
3050
7287
1254
5160
2727
5799
6406
1480
328
7824
7518
8711
7953
6784
5764
5893
4333
6569
5323
4472
5861
9344
9165
6416
9539
8920
9253
2802
6969
8275
5770
6951
9161
5866
7563
5381
5053
9325
9503
7296
1450
3092
1086
1585
3631
3320
5400
4097
593
9147
3312
6612
3386
8636
455
3471
3763
7159
4258
7110
7330
2801
674
9920
550
8391
8933
8130
7236
7879
7844
8634
9923
6343
5974
1004
4538
2120
3172
3780
8397
5232
1436
5265
6165
9769
2897
6122
4450
8318
4447
902
9019
7370
5131
9014
7923
866
9648
8205
4734
7902
283
8650
1731
8139
1567
9684
117
2775
9108
6594
806
8749
6450
2270
5998
9740
1371
5046
4275
7669
5079
5744
5239
3541
670
4175
7437
6575
3961
7792
5185
4727
4468
9007
4067
2637
7111
6362
3821
9030
9172
6752
2548
7450
6958
2413
3730
146
3712
5900
5659
8827
2947
7230
1010
7401
5994
5393
2468
7178
1924
946
4485
6058
3791
7542
9327
1948
3438
6337
1015
390
6361
4206
5627
4937
9041
6672
4855
9013
9490
965
2771
9195
8819
274
7969
4459
2054
3463
7043
3098
6600
7639
1668
3552
5628
8199
398
8895
603
9063
7950
9475
3894
6432
6671
322
7422
6808
486
820
3649
287
8744
3829
8883
2921
2044
753
5833
2281
9417
7820
8969
4382
6563
6666
4152
3706
5397
6845
6283
7880
7682
3335
1762
6029
1096
236
6318
1626
8263
187
3734
2398
1379
4762
6549
3477
7391
7087
7471
3281
7358
6560
5285
6345
462
2626
4963
1482
6983
8968
6663
3884
3863
7524
3719
1179
3288
3507
9630
6900
7097
9077
7115
4664
6034
2538
9024
2271
4892
3231
597
7813
9855
1017
8847
9391
8013
7340
4534
7264
2452
2398
5373
6154
4335
6028
6509
7083
2861
8094
9719
7194
7519
1686
8809
6501
3444
9471
4927
5718
8112
6539
488
3284
7475
1633
4675
8722
7166
4024
351
182
1156
1901
3021
6945
8848
1481
162
8736
7278
4444
5539
1010
9785
3027
4926
7612
1302
5392
1755
8689
1047
1005
8516
1755
6633
2558
7498
8706
903
6094
6587
4392
6077
9283
3034
1845
7734
2344
2406
7423
7130
6881
3055
5874
7075
1667
2240
4654
7724
9505
1006
2921
2598
7453
3987
9995
617
5547
9172
7294
5006
4045
3839
2739
4796
6245
6842
1534
4356
1594
1226
7943
7381
5151
4259
1340
8005
4105
8233
9197
9289
7986
6509
2963
9683
2397
3064
4606
3917
2667
5450
306
4653
783
3281
193
8403
9240
7861
7797
2632
8164
8882
7230
9952
3152
9744
6594
820
2878
2591
3735
1146
1504
5426
4058
7118
803
4684
799
8742
6642
6596
2136
6480
2682
4114
4839
149
9279
9036
3249
6253
1328
7911
9605
3451
3161
9349
1559
6034
6381
8708
5769
9657
3643
246
5498
3721
8189
5445
5069
1469
767
5933
718
3823
4858
3204
1326
7260
8973
1004
8842
1365
4417
8246
1935
9521
2529
7341
477
3347
1883
5877
9178
5394
1491
6787
7797
3693
7817
1650
8293
9871
2852
1820
9865
8729
5092
3198
3785
8375
4414
7966
1668
1251
8139
6998
1941
1475
6408
9526
5083
4373
4678
581
6424
1044
7932
686
9187
3829
5767
8688
7634
1616
8399
4104
7864
9049
4627
8508
5330
1204
3199
1115
6856
384
742
9738
4459
4904
3399
5897
9470
3088
3006
3683
4401
7685
2465
9632
2520
7751
1420
5362
6110
5890
1457
4085
7990
3180
1451
6087
8126
7995
7289
9761
8303
8945
7436
5675
2091
3200
734
8496
6113
1206
298
8472
5973
6357
2630
9390
5802
5123
578
1196
7138
9384
2210
2399
3549
9361
3167
432
7950
7604
3615
4104
5956
1940
1432
8668
400
5254
3850
5956
453
4302
6804
130
1605
8685
8789
1275
8425
4742
1625
7131
2836
9819
9356
9017
1853
9314
3999
5030
4158
5708
8340
7352
2792
2812
8225
3108
7056
2158
390
8339
5319
4606
5147
1126
787
5898
683
9328
1736
6135
8118
2734
7369
6999
6916
1217
5387
3434
2389
4450
293
542
5247
5119
650
198
3792
3527
950
5783
1427
9616
6355
6492
2200
7746
1157
137
6177
2988
7507
428
5017
7573
6360
6283
9622
8531
9530
3343
229
7057
522
9126
2794
5354
6588
7003
751
6202
3160
5865
2055
9392
3796
263
8432
6025
6466
8994
331
8101
5442
1472
2487
1523
8900
4188
3610
7043
1284
8762
4280
745
121
9944
7339
5529
5876
3043
6110
6073
8058
836
7211
3395
3413
4466
4191
1419
7188
3173
2691
3184
2547
9082
8472
4064
8391
4403
9978
3844
6637
9135
7939
7029
3829
720
6765
4198
2940
3292
8820
1880
6742
2086
6484
4157
7317
9900
9045
8454
9856
5787
390
1446
9468
9178
7401
5458
8315
1937
774
4802
2172
9745
2235
1559
8367
1633
4120
209
3054
437
7985
3204
4283
6711
2594
7607
8122
6514
1330
7946
3458
8623
7536
9517
3850
2008
9810
5427
7850
2851
5576
4122
4896
9863
9031
2504
8728
9728
6449
3268
7490
1165
918
3064
4771
3673
2906
9738
1375
2035
9646
4254
9749
6750
3903
9366
3252
9918
6609
1493
4916
1517
9777
3765
8475
7756
4666
1890
2585
2636
6884
2800
4863
1654
8407
9009
3321
272
2743
8196
8239
9290
5062
1511
4059
656
6991
8663
9954
8742
5226
8589
2413
4299
7167
8895
4622
3197
6044
5232
6326
8589
6282
1078
2013
5895
3380
8911
4986
3607
4617
5034
4431
509
2716
3237
1561
8595
1827
9990
1343
6697
5180
5603
