2000
149
812
621
249
653
986
182
560
225
932
550
204
291
976
818
625
286
918
98
441
14
819
743
480
773
312
662
740
409
417
35
551
853
546
748
504
873
712
117
127
628
166
79
788
65
177
498
613
909
821
341
497
335
43
855
445
661
97
306
512
563
139
552
21
997
302
322
107
171
411
98
381
75
406
141
510
580
194
178
240
683
796
751
693
757
752
380
853
328
452
970
2
385
543
520
829
604
109
687
342
667
226
909
578
883
212
470
252
858
736
88
231
265
233
204
932
941
590
636
912
471
830
532
897
226
19
544
867
172
134
785
616
195
346
787
831
506
451
203
990
120
371
304
86
630
187
530
73
666
191
611
50
817
927
364
287
374
468
532
2
314
462
957
426
987
776
226
229
761
136
189
863
476
75
345
20
364
184
797
530
587
181
1000
264
388
177
618
744
435
362
973
602
798
111
941
683
27
517
680
881
928
147
188
820
290
514
731
887
954
605
829
915
596
155
932
910
425
639
586
973
860
70
191
878
545
363
582
689
622
249
279
758
606
930
563
302
447
828
260
188
674
509
235
152
389
87
313
529
476
643
906
634
93
981
990
527
832
538
482
904
802
420
771
987
957
482
549
614
688
215
330
49
19
266
981
71
886
301
165
788
123
968
67
74
118
949
813
940
717
373
730
378
746
114
390
670
761
747
995
543
310
547
776
930
18
955
543
442
578
277
606
373
784
364
579
163
978
34
420
411
564
741
696
44
577
15
771
196
679
707
557
628
217
320
175
626
616
975
216
43
79
255
242
547
412
878
648
621
191
366
416
468
990
945
844
207
782
636
265
977
914
185
251
973
813
696
260
689
406
206
259
819
793
501
398
521
663
420
831
687
571
234
111
714
588
635
820
484
560
637
605
879
873
364
267
82
764
505
86
660
237
356
440
51
583
835
441
155
142
271
693
445
738
704
218
603
813
316
98
53
439
734
898
566
379
676
165
716
787
296
876
428
775
131
216
993
977
202
352
400
87
804
821
393
410
755
35
499
577
318
760
382
567
346
184
206
762
517
85
518
208
698
793
579
323
717
226
687
964
548
345
732
730
42
219
685
880
64
387
477
280
517
601
735
851
204
46
966
334
403
916
277
624
356
457
539
329
359
43
118
242
702
423
274
795
528
317
880
347
344
426
358
781
167
935
305
486
132
871
297
756
453
974
764
702
562
104
803
283
343
622
586
447
691
986
228
920
630
204
850
311
354
324
193
858
831
308
161
445
15
383
656
135
668
92
150
348
314
552
799
573
390
668
688
253
462
573
974
91
146
801
524
399
216
605
263
574
503
828
865
301
38
362
983
801
651
617
586
892
258
249
85
358
660
619
811
318
276
262
311
901
344
711
649
58
619
950
283
496
744
105
423
806
960
121
788
976
499
529
637
592
781
370
752
184
401
388
553
558
845
263
58
744
179
753
76
498
653
987
488
613
594
373
4
674
939
468
388
799
30
289
905
138
425
904
417
775
580
194
263
123
325
593
220
335
823
68
377
779
399
910
661
937
714
150
849
35
461
785
456
669
130
69
765
313
108
44
687
687
137
712
425
513
277
797
259
492
728
296
692
294
912
431
330
833
918
725
999
12
21
478
774
966
232
660
298
830
929
83
284
347
949
277
191
50
81
292
188
508
772
600
903
925
660
125
631
854
953
749
990
636
383
217
766
952
303
493
181
301
644
770
288
658
310
761
678
459
981
316
721
876
176
431
860
218
720
362
133
621
779
347
247
204
833
143
871
91
722
248
385
419
710
192
179
818
219
747
268
760
350
152
833
65
875
702
807
6
597
561
393
998
480
803
846
455
569
809
704
960
23
945
568
503
198
703
514
481
602
276
341
804
478
574
183
188
443
294
691
696
430
711
747
487
275
190
817
672
657
822
876
901
151
69
526
712
277
855
749
551
488
208
689
864
37
151
270
412
363
983
230
835
677
213
553
723
410
848
625
516
169
968
198
234
460
56
594
693
335
927
948
332
340
465
250
67
446
155
513
677
798
164
503
434
825
543
409
93
656
30
479
523
443
676
634
590
227
598
880
507
59
124
246
951
790
93
209
688
356
850
693
718
169
868
360
390
310
175
625
998
80
405
961
30
608
65
27
954
18
123
109
595
610
804
909
540
368
165
696
182
184
681
102
275
880
426
364
190
591
95
819
259
75
1000
249
370
235
695
387
380
314
548
861
29
651
866
27
245
563
432
582
755
76
598
912
20
526
64
953
799
716
230
127
527
241
210
80
508
418
352
82
371
639
186
535
978
161
215
377
994
554
392
266
589
796
978
677
211
320
180
114
986
835
881
615
62
768
462
938
488
525
777
208
406
693
420
34
616
220
605
811
592
361
208
370
880
981
667
115
992
481
191
23
306
86
515
734
984
691
89
508
644
439
851
927
971
953
949
508
624
586
695
346
616
325
334
406
639
220
915
818
709
890
426
896
98
762
360
340
300
750
371
342
370
594
599
987
119
599
577
944
159
973
60
897
628
555
165
745
194
992
518
375
481
911
865
219
186
754
685
533
435
709
641
601
348
997
527
988
196
782
459
736
47
246
661
385
292
863
288
262
452
996
895
764
594
67
181
863
197
468
305
980
636
527
472
924
354
132
401
172
568
892
745
534
598
13
386
765
339
987
206
358
613
539
14
780
174
532
813
858
819
810
116
442
410
454
9
468
344
249
602
793
379
18
580
642
697
958
908
242
559
978
364
52
845
38
108
652
276
645
445
613
167
102
304
32
14
750
27
164
888
834
650
886
552
955
259
103
709
356
725
534
848
72
173
892
155
934
805
463
791
894
997
609
271
670
471
316
130
821
725
223
971
735
137
492
659
842
476
557
258
894
443
273
454
932
54
812
209
189
724
767
33
844
159
935
75
140
667
623
238
135
839
48
688
870
978
345
839
760
963
193
433
951
813
935
914
489
10
747
970
302
85
703
848
623
412
288
76
445
465
707
886
481
756
689
367
466
362
801
8
34
708
189
601
223
884
661
837
854
394
440
418
811
240
721
341
273
461
139
289
733
131
541
292
140
861
642
576
636
948
436
39
894
228
31
507
722
296
357
160
361
405
569
341
190
424
970
428
141
485
806
310
803
107
306
790
784
270
81
279
780
124
867
368
141
146
809
23
462
552
16
258
153
993
144
444
766
935
746
365
907
995
557
364
572
441
2
843
447
612
244
511
247
748
277
119
427
118
369
102
272
759
268
641
370
320
99
227
264
102
777
614
284
477
997
166
55
337
537
669
684
390
502
944
684
723
479
111
709
239
389
429
237
596
329
201
641
394
397
38
809
787
482
918
378
136
277
654
775
151
150
803
135
355
582
748
897
791
45
374
690
80
622
669
807
680
957
31
266
989
396
757
526
668
921
65
534
806
214
100
635
168
439
464
829
84
270
528
436
148
776
567
41
768
243
862
668
555
675
472
124
21
330
132
35
937
503
485
353
868
514
141
228
719
984
163
512
164
879
881
857
687
800
944
645
423
561
73
625
779
720
901
447
317
780
652
820
425
653
206
502
659
709
746
765
933
432
374
184
16
141
936
543
112
602
220
282
94
795
855
192
612
534
326
874
719
899
274
872
841
356
321
380
678
118
45
80
146
793
947
891
12
450
320
936
557
447
37
966
60
390
571
815
290
743
31
396
109
185
237
347
981
618
27
460
813
782
857
271
441
535
509
400
619
90
406
911
617
53
315
213
451
32
620
295
944
648
767
314
286
317
271
238
407
899
103
250
422
740
649
21
232
449
131
437
109
71
202
533
267
663
170
757
30
329
6
271
425
711
551
626
236
98
631
765
169
305
941
478
983
919
220
3
128
18
336
754
786
481
322
646
821
123
626
770
933
367
596
893
673
619
785
57
472
621
427
321
300
472
162
364
715
943
662
484
238
942
148
416
568
464
855
706
487
903
171
289
640
735
680
111
468
746
34
297
386
520
185
111
683
799
266
452
276
435
515
108
167
754
397
847
615
63
781
149
604
309
451
804
287
663
105
534
347
137
234
144
850
24
62
278
172
217
310
940
1000
377
69
330
721
40
695
402
778
740
108
607
712
934
525
423
821
601
126
535
730
663
761
410
514
697
173
925
781
898
70
67
761
165
437
180
549
966
528
394
912
657
7
95
854
882
486
220
246
113
278
590
449
232
456
709
276
431
434
316
580
485
110
623
988
834
202
834
364
126
486
438
672
525
662
891
786
372
778
157
973
509
75
3
89
653
821
810
385
331
841
567
59
149
601
625
223
921
629
606
885
992
321
802
431
173
80
408
814
934
644
176
979
730
449
581
691
529
145
217
545
721
373
120
66
119
434
36
128
246
64
976
119
443
663
627
895
618
243
766
100
691
7
83
77
78
333
911
426
961
4
930
670
926
125
995
942
687
636
485
510
83
938
742
899
664
210
429
274
522
279
644
777
357
260
804
244
53
719
164
652
652
640
529
169
286
766
962
55
221
477
415
462
540
658
746
221
40
782
538
135
872
394
711
56
461
823
640
20
987
920
390
246
413
