928
18
13 6
32 26
74 61
44 60
59 88
98 77
23 4
40 30
17 43
40 51
86 57
17 22
94 58
17 88
6 28
69 30
71 9
24 82
35 54
7 88
26 20
62 51
26 33
49 30
5 72
37 66
41 80
89 13
60 34
73 43
38 61
94 17
93 24
84 17
77 43
48 71
23 8
94 45
50 98
30 86
1 96
77 86
49 39
41 52
77 94
31 13
54 90
31 22
83 97
40 37
14 82
78 80
75 76
63 33
98 90
21 33
12 5
99 16
39 93
2 55
34 56
14 71
51 34
6 23
1 7
76 11
85 81
92 61
55 25
4 86
47 79
56 15
71 47
20 49
93 82
3 47
10 46
3 26
88 60
20 53
71 4
49 49
6 88
19 67
94 80
53 80
1 4
97 40
93 79
7 87
28 19
95 37
5 25
80 55
65 34
81 15
51 47
39 73
86 25
22 13
42 74
29 82
9 3
25 3
59 43
39 61
91 31
22 93
10 57
23 28
66 77
91 4
17 54
79 2
6 24
34 71
84 86
25 69
36 81
2 11
78 22
83 91
2 4
69 96
40 1
79 48
86 1
8 6
65 50
47 22
62 38
76 9
99 16
75 15
85 27
97 84
79 71
1 71
89 67
98 61
73 74
64 81
24 5
44 55
61 82
30 50
79 10
94 5
38 9
31 36
67 97
32 32
4 93
44 1
71 9
72 52
79 21
87 32
61 55
15 83
21 8
53 14
1 14
92 22
25 78
19 5
26 67
94 47
57 74
58 26
94 47
13 92
63 60
46 63
36 64
52 70
68 67
18 28
54 98
40 70
16 59
1 26
15 23
97 48
47 61
51 98
68 23
65 43
62 55
13 26
6 36
61 31
94 61
100 73
37 68
2 88
38 77
98 74
29 45
99 92
66 81
82 91
56 61
73 41
92 70
42 48
40 41
11 4
90 34
35 43
41 42
87 54
60 75
55 97
17 26
97 84
91 42
52 66
63 27
86 47
31 48
20 38
68 27
30 65
13 37
90 82
56 2
61 4
18 86
15 8
93 88
75 26
5 8
71 76
14 30
98 16
68 21
95 34
47 93
92 87
43 27
92 7
24 84
48 8
17 20
35 95
64 6
27 14
22 98
26 33
68 20
10 19
56 11
15 67
56 90
34 88
93 18
28 68
24 26
93 57
97 87
32 84
98 81
45 39
28 91
52 4
25 66
71 30
83 54
69 20
78 11
94 67
24 47
89 3
11 33
95 54
60 40
69 54
29 27
89 33
50 96
10 22
15 68
14 60
82 74
85 80
61 91
18 52
78 38
35 17
38 14
61 38
94 23
40 94
14 51
13 34
33 80
83 89
5 77
47 11
64 6
19 88
28 5
43 90
5 23
63 47
58 60
37 67
61 31
90 52
99 41
80 9
97 17
16 10
99 58
60 26
83 42
33 52
39 22
56 43
2 97
23 25
44 9
31 47
23 68
71 91
74 99
63 83
78 50
56 63
18 77
97 6
73 53
85 21
20 2
45 3
37 85
10 78
66 79
60 17
59 69
31 67
66 27
22 64
16 58
57 73
11 88
70 61
68 52
28 7
51 58
17 34
65 31
38 78
93 4
8 44
55 98
98 53
76 86
71 94
96 31
24 8
85 100
70 9
67 35
73 4
38 17
72 21
53 99
28 73
32 83
39 74
75 46
59 77
25 56
16 23
30 90
14 80
47 11
18 33
19 98
27 74
2 10
58 67
45 44
54 46
44 96
39 87
33 91
93 91
61 66
20 59
35 6
68 77
9 66
24 11
82 8
49 89
51 23
96 55
99 16
6 9
12 24
64 30
74 33
13 27
42 99
10 20
22 83
34 37
58 42
22 7
34 4
29 63
75 53
34 28
63 4
88 75
21 98
9 92
92 69
66 49
75 92
47 51
69 95
25 77
41 24
27 48
5 88
17 86
59 59
23 76
94 54
28 9
74 32
62 31
8 13
18 41
33 17
90 40
20 19
36 83
19 83
16 3
90 92
49 71
23 46
91 57
9 68
13 29
83 25
22 35
27 67
14 56
16 44
85 64
10 32
92 98
65 67
40 55
15 49
32 57
60 91
27 85
83 72
18 37
23 26
94 54
58 22
71 6
12 63
48 56
49 95
15 55
83 27
83 54
97 57
88 85
14 2
63 75
13 4
48 56
50 75
12 56
96 29
71 15
9 42
16 35
39 82
81 2
21 42
69 55
53 65
84 62
45 98
33 93
8 45
18 19
76 100
2 20
22 43
75 10
45 56
75 9
38 81
33 48
42 44
69 63
44 93
13 95
43 88
51 60
72 22
51 57
62 48
13 21
29 69
32 90
69 17
41 50
45 23
50 100
7 91
96 35
27 92
8 4
2 87
58 67
33 43
21 39
2 22
75 34
77 6
35 89
30 58
25 58
24 48
49 50
16 84
87 1
85 41
60 79
62 49
66 91
34 5
97 90
79 24
69 12
55 55
29 77
14 93
76 34
65 90
70 55
54 15
58 67
77 47
17 74
27 44
46 51
64 76
42 28
67 99
96 90
1 21
8 84
13 57
75 94
12 7
6 62
12 12
58 49
6 13
77 63
18 41
65 69
4 43
70 77
42 79
61 97
96 15
1 15
60 46
66 31
55 96
4 67
11 37
86 55
47 24
11 61
21 51
50 8
29 48
15 5
89 96
78 89
81 21
26 51
59 61
36 2
2 55
57 97
18 80
94 70
96 52
46 87
51 7
51 1
78 4
35 53
92 24
8 12
46 47
98 1
66 48
76 6
58 92
51 43
17 85
87 47
8 72
24 92
90 42
86 18
97 47
72 8
18 24
11 68
49 90
47 39
20 16
9 89
17 49
7 58
14 29
92 54
1 3
65 52
78 19
71 19
49 97
44 39
67 39
44 99
19 87
1 15
63 95
34 47
50 37
97 6
85 62
88 93
100 56
79 28
92 22
27 91
66 56
85 81
73 26
11 85
78 19
7 15
96 78
51 64
36 63
47 53
96 52
55 12
74 40
25 13
2 95
54 98
59 44
67 14
73 37
53 82
63 26
100 94
75 2
90 59
95 82
22 38
24 86
13 53
78 48
30 62
42 1
84 21
65 68
2 83
10 5
13 26
12 88
10 6
48 30
58 11
99 97
41 88
73 17
49 48
17 71
14 40
45 91
19 29
89 89
49 60
51 99
40 1
18 37
31 9
61 76
25 73
66 11
34 52
45 82
85 37
67 43
4 49
26 7
90 32
9 73
88 41
22 93
82 74
30 73
36 26
23 87
49 97
43 70
83 66
44 15
95 62
76 20
24 21
50 26
60 87
54 98
54 60
13 54
37 82
77 81
31 12
17 81
41 15
63 77
77 40
51 58
36 58
31 33
98 97
94 26
88 16
66 55
7 75
75 79
34 100
87 36
19 30
92 1
91 77
43 74
20 2
64 36
10 46
29 7
81 39
56 26
99 51
93 55
46 80
25 27
11 95
74 43
72 88
27 99
73 1
29 67
19 80
41 33
45 43
19 87
21 34
48 73
46 69
28 42
69 22
86 18
89 42
96 36
80 65
29 44
64 94
7 12
62 3
51 43
30 37
99 55
56 55
22 26
37 48
60 45
69 87
84 40
99 24
46 60
94 27
44 71
41 97
95 68
18 29
95 58
79 80
78 83
98 53
94 21
14 95
23 87
68 51
90 87
77 62
42 78
92 25
58 7
90 21
49 66
26 73
75 46
25 19
58 76
77 80
9 37
28 82
13 69
15 4
20 68
51 76
6 57
24 69
1 28
8 98
71 7
62 68
65 25
7 8
43 68
48 95
19 53
23 89
64 20
53 55
34 65
18 23
29 62
51 57
36 6
72 64
71 32
51 81
63 21
51 92
79 42
68 96
37 13
18 36
40 20
18 85
93 57
74 99
25 99
76 77
86 9
31 98
49 11
89 18
14 12
59 89
20 51
8 28
27 26
5 57
85 56
16 80
40 37
18 12
67 42
79 60
26 34
71 2
54 28
21 68
72 95
27 10
85 60
58 79
33 97
45 27
19 1
75 51
42 88
98 30
88 12
98 93
44 68
44 93
65 31
87 70
78 40
95 67
48 46
48 21
66 91
91 30
34 22
31 81
2 63
14 77
32 91
46 99
7 38
10 94
100 13
87 37
41 12
54 43
45 61
38 72
90 11
62 13
