988
4758 1330
2338 3786
2953 4915
2282 3273
4068 4662
4588 3757
333 527
1870 3653
4773 171
318 1448
1991 4220
858 4214
2461 2035
4206 399
3581 794
2042 86
4084 196
4785 2420
565 2782
4411 1935
2178 2662
4747 1867
3491 3716
4359 3173
1779 4900
359 2371
3493 4842
912 3891
629 3240
1342 858
4245 4960
3962 4184
3425 2922
938 922
1742 3296
93 1232
4518 96
1844 2741
4925 4944
3760 2858
3764 1271
4902 1780
894 1274
795 3596
2026 4052
1053 2756
137 3663
1088 4265
3219 22
4208 333
3549 3431
488 4358
3212 902
21 951
4830 2449
4793 2108
1563 1347
4235 3645
4816 3228
1898 2155
4325 2565
2502 119
1343 781
1551 4685
483 996
3877 1472
2790 4678
704 2450
1214 1351
2082 1082
1321 4962
973 3533
3598 3668
4678 389
2320 4298
3605 3555
4362 4419
3245 4854
2026 4750
3580 3819
498 3206
3717 3999
121 1371
4013 4728
693 4620
2841 2698
3693 3291
3074 4291
4418 4257
1559 4047
3346 2880
3824 853
2893 1275
2362 3699
2121 4175
1209 4518
586 519
2964 4190
3121 336
2776 1354
3436 868
394 3851
3517 2172
392 1593
2612 27
3964 3512
611 3867
4386 3555
2360 495
2933 3365
342 4553
3994 486
2414 3562
2136 4207
3938 4982
1140 4980
4219 275
768 4136
3358 1667
3079 3649
2974 174
2799 727
3544 65
1670 4249
1335 3640
37 240
4620 355
4697 846
855 3887
4208 4183
3468 3518
3774 4760
876 3514
1834 2915
1864 4732
2677 3660
3805 3772
1821 339
2734 2047
2688 2059
4725 4204
539 4157
1250 3159
3810 885
2631 2822
2712 4835
3806 2919
1062 996
1918 1417
3316 174
4555 3531
4051 2010
2698 976
4839 1983
2651 670
4763 2283
1267 1563
3463 2767
1629 2848
3751 4280
4436 4873
4054 4983
3954 3075
1050 624
3146 1266
2496 2997
3756 639
2949 1758
1314 3334
1378 1244
4887 2555
1684 3485
1125 98
1131 2157
679 1339
398 1133
3640 2713
1977 3589
349 2124
4246 802
2052 3004
1710 3832
2178 4402
29 1236
2102 1629
4326 4945
3025 1648
4661 1616
413 4992
3719 1426
4244 3668
4772 3494
4527 225
2581 3662
1287 35
138 2449
3580 4786
3473 1709
2626 4077
287 3593
1951 1664
3770 865
4246 1038
649 3271
4248 3181
2783 4065
2043 4469
3472 1052
3800 4422
3306 3590
3397 277
4143 2613
2528 4476
3996 4747
1705 1703
4654 2190
186 3057
4161 1069
431 1486
2291 4365
640 289
1116 1179
1891 3987
994 894
1802 3503
4234 2194
2574 2542
1933 2733
2797 1216
1406 3559
3217 838
4966 1316
3438 1452
2143 2034
2497 4530
882 3168
879 2013
4806 2085
1886 2806
3429 2929
924 551
4077 4860
3310 361
4541 1256
1750 2417
632 2942
36 2921
3027 655
1770 2549
1982 2392
3996 4733
3958 3471
1794 771
3550 3980
2376 2816
2639 2028
886 3890
145 684
3364 259
4133 3154
2503 3929
371 3539
1145 3497
2693 3436
1304 3561
3269 4298
3614 515
4338 3064
3465 503
316 3861
4551 707
4760 4679
928 104
3315 202
1684 659
4945 4586
869 4044
3736 769
3636 2038
2016 1866
1311 1415
2408 4406
3204 2519
1091 4074
2716 44
1762 3273
620 3015
4660 2591
4960 4388
205 1876
2637 468
1997 3986
4089 410
1768 1764
3373 2982
228 3113
389 1843
2186 3103
2478 681
3469 3040
3399 2366
3017 4800
3388 3744
2346 3931
1066 711
2467 2411
701 3900
737 4711
888 4789
3171 4179
2464 2003
2548 637
4494 2839
2917 3555
744 1579
3837 912
4528 4650
3640 1131
424 2292
1436 2208
4620 3952
1958 4387
3878 816
3572 1569
1758 2520
2694 2826
3985 918
1084 4965
3208 2228
2883 2097
2930 2448
4137 3367
109 998
3656 3536
510 432
4253 2071
2276 888
708 376
2959 399
3297 3570
1043 3119
3765 318
2429 4531
1584 4448
993 446
4112 2519
78 4229
4060 4451
1391 4239
3006 1140
4868 1799
2920 4824
1491 2558
325 3350
3893 4408
4085 1649
4027 3776
4113 2660
1079 1500
3279 2949
3346 3569
3342 2354
4478 574
3645 1313
4351 2403
1430 4650
1612 4884
3337 2746
3300 2914
4586 4809
152 4546
1539 3572
3454 1284
3228 1891
2725 2127
382 2089
3467 978
1303 4010
1164 462
3595 1410
4088 1575
3276 1829
3049 4976
1082 4293
889 561
3596 1355
437 4666
4485 1943
4594 4238
795 2663
3047 4665
4925 3074
4430 4009
3051 3868
1564 2675
4701 2725
1217 3384
1161 110
2753 312
96 3739
2398 2538
2021 879
3894 2858
232 3903
2498 281
1257 1746
1842 4224
4779 582
404 4750
2672 4618
2049 4706
3694 1346
3273 1341
3376 4292
3252 4182
2097 3796
3359 3833
3525 4283
3006 1411
429 3409
941 4115
1556 4884
2257 4999
2652 3513
4432 2613
1115 3399
3663 101
3149 4724
132 4986
4256 549
412 3408
4698 4945
495 4142
2443 2786
212 4539
2965 3690
2502 4633
702 1053
4446 1596
829 4179
766 3589
4368 3946
3155 1628
4858 374
3299 3334
3290 1001
2697 601
4471 4208
363 1617
2417 4246
3543 3532
1459 2483
3248 3530
447 4506
328 4545
4978 4461
1865 3915
1901 1712
4003 2098
4752 455
2563 494
2092 3241
1635 2300
2448 3999
700 3485
901 1743
2889 769
830 4777
4480 51
2634 2334
1932 1636
395 4963
1573 26
1743 979
2577 4424
3861 2180
3889 4261
3541 3432
1002 2576
2138 2582
4316 2526
2768 1711
3032 859
4046 1900
4248 3472
1759 1264
2108 1458
781 1249
539 3098
713 3577
2654 491
1246 1730
2877 113
2185 4872
18 276
1012 3535
122 3582
3939 4306
4440 4812
823 2342
4829 2178
547 742
346 160
480 958
774 1527
4283 3879
821 1434
2721 812
4525 4501
3374 957
1514 485
3686 4847
3955 620
574 1269
3383 2924
2099 2032
2808 1741
3134 3060
4110 4325
4086 2830
3439 1730
907 4593
4732 2824
4797 4496
3811 4569
4213 2833
4975 3170
1035 2094
1396 3232
540 1138
1696 991
1105 933
1911 2375
2344 227
4034 1387
4445 1686
1583 3222
4424 4586
1681 210
489 2901
3448 3357
3301 355
878 1601
1875 4228
4448 2337
681 1103
2278 3708
2521 1035
1342 3177
1030 819
752 4644
3339 2481
1525 742
1827 3634
4971 508
3412 4934
2820 982
2063 1960
3975 1836
4540 2192
3200 3299
3937 3645
884 231
4024 2948
1588 2604
2017 1133
916 1981
2050 3672
1177 2001
4909 2115
399 2038
1475 4553
3071 1734
4329 4089
1319 466
1945 2254
2727 3235
3717 555
2953 2441
3082 3546
2737 2385
1959 1523
1877 2783
2573 2517
4999 1484
3844 3078
3139 3684
2541 1197
1997 2712
1517 3711
561 3445
4493 1945
2694 958
2315 3947
4240 4202
1253 3442
117 2926
2701 75
4637 3331
2387 4845
4741 3054
4797 3888
1655 2559
321 3740
4305 3804
2953 3887
4237 4022
1261 964
3360 4690
1016 1122
2742 2447
111 4053
1441 56
4167 4954
2932 563
3343 3164
3715 3614
159 4828
4768 1504
1613 1240
4169 1828
3306 4500
2956 326
3239 1276
4282 1588
2149 1304
1031 1380
2464 3980
4846 1663
3804 3096
2163 993
4035 4783
4901 731
2603 1337
529 4679
1340 4761
3165 199
3363 4583
508 309
2308 4511
3291 4611
1376 447
4792 375
2218 125
3108 4477
508 4477
3115 339
4506 867
4757 4328
4049 3389
4233 4355
3418 2939
3450 732
2323 305
2379 1405
233 2549
1176 1148
1466 4079
4139 2756
4327 240
399 4827
1312 2118
909 1673
3023 3487
4583 4683
4413 2251
1183 4860
3400 1983
3533 723
3914 1322
4035 1710
3612 1880
2795 4913
2174 4121
315 4138
3220 1001
3898 1469
2104 1897
662 2460
1408 4656
4538 2016
3719 40
4801 3905
4444 469
4476 1075
2362 1550
4477 3702
1291 1047
2141 2571
4171 1481
2061 4020
4406 3749
2718 4918
2596 2074
2300 919
865 2818
266 1910
3684 599
669 331
694 1387
645 4835
759 706
2990 2853
3263 417
1660 2175
4715 3869
4494 1527
3592 1131
4978 1487
387 9
2976 1538
205 3139
3043 598
308 4687
146 2629
2886 2377
1809 2262
4719 2468
3871 1148
4540 3729
3511 3457
2651 3714
3999 4651
2580 2205
943 4722
4720 2068
1469 1571
2975 4824
1100 4828
3198 3704
1232 1280
849 3770
334 1509
549 177
536 1132
996 2401
3765 80
2457 66
2386 2169
2263 3880
3317 4201
4395 552
1146 936
1942 4467
977 4842
3459 2848
116 2239
867 1419
1598 1322
4994 861
3044 4655
428 3849
2127 121
4576 1471
3831 4847
209 34
2205 1452
3584 1949
2122 2430
3168 3457
783 1640
214 2278
3244 3324
1336 3479
4974 3765
2359 3861
4152 3551
4212 1202
2870 3122
3484 4955
27 4314
2494 3471
1367 2307
2316 1336
973 2201
3853 2245
1154 3049
2617 1632
2191 76
1875 3964
440 1071
1200 2981
2571 1264
435 2455
4455 3232
2665 3741
207 2178
1543 3383
2373 2539
2008 2187
1329 283
3851 3525
3530 516
4281 2047
1398 2021
806 2483
662 3027
2918 1720
3623 4794
870 3630
976 4386
4747 3009
1550 4158
1957 1089
2987 840
4326 4357
2726 845
4391 2234
3954 4481
3132 2887
516 4779
3423 4125
2535 2550
2281 3840
4713 3866
276 2139
3548 535
3482 1149
946 4589
2525 4312
1944 1694
2040 2610
1454 3129
2340 3209
734 4480
3779 3154
2077 1455
4295 777
1217 1569
2438 760
3810 4493
4262 1707
1358 2225
4684 2112
652 2653
99 1029
1763 4353
116 4166
223 92
1432 1189
180 1120
3660 4588
2987 1726
4320 3037
4252 4366
247 1776
1804 2888
4844 4928
4702 3192
3665 3460
2023 681
1217 3477
3029 2799
860 1651
4953 4096
4852 485
2030 4210
203 873
2734 1375
2756 4528
1406 269
2200 4195
1925 4065
1539 719
3405 926
146 2948
2458 157
4780 4439
3259 4925
1019 4177
4585 4169
80 937
2447 4105
4659 4066
3926 4557
2588 3073
2615 3583
2922 3968
1489 3689
870 498
1901 4985
3044 4661
2329 308
3636 2088
3634 4918
3731 1553
3375 2363
2126 4732
1142 4957
2969 2167
4018 1630
1369 704
4984 2043
384 3438
1171 4580
2894 476
4595 3644
4368 3341
1346 4355
3842 4395
692 4533
3000 2492
4139 278
2562 4784
3703 953
1093 4436
234 2105
603 4760
4105 2289
1434 3441
2075 2761
2573 742
1826 1129
410 618
1155 4157
1632 2852
1471 710
3269 510
4612 4733
3549 2508
4683 2674
1416 118
761 3916
1830 144
4202 4407
2634 1062
1394 3896
3461 4560
3966 4857
4381 2934
1399 1535
2031 392
2793 4718
4952 2005
1765 647
840 3242
1355 2840
4771 1567
3952 1219
4768 2504
3130 2048
4715 3706
251 4749
1997 3413
130 4814
680 4137
616 3185
3027 730
4696 3039
2333 1270
2873 2390
3555 2246
2562 1967
4837 4735
326 3659
3526 4230
1330 4184
550 1230
1349 3534
3657 3370
3886 3695
1772 1365
1466 1398
4459 2833
2448 1815
1502 616
4695 1236
2608 605
1222 2069
4835 85
774 1136
1849 913
1408 4056
740 89
501 272
688 554
1627 4084
3734 865
3533 722
4821 3521
152 111
399 3593
2959 1271
1031 436
3758 3633
2517 1448
765 1967
747 2039
