710
7261
2968
4558
1431
6095
6678
9116
9381
7685
9964
6837
9010
1696
3975
4664
8798
1590
6996
3074
2544
9805
9063
7791
9222
6042
1007
424
5989
3445
8957
6890
2226
7208
6413
9540
3021
6678
7950
2385
5300
6625
1325
6201
9381
6784
4717
3657
7314
5830
5035
8009
3975
6095
4452
1749
5777
9646
3657
8586
3339
4134
4505
3816
3445
1643
4134
2279
8480
6996
1855
5406
1431
6254
6148
1643
7367
7950
742
8745
6201
742
742
318
1484
5777
5353
3445
6625
4717
8162
5565
8692
6148
7579
3551
7897
9593
7155
7897
6996
3551
5565
901
5936
9646
8745
848
7738
6413
8109
4134
6307
6784
2968
3021
9063
53
4929
6943
3074
5936
6042
3710
8957
106
8109
7155
689
6731
954
2491
5724
2862
3975
3710
2862
6678
53
583
2915
9169
9434
7738
8003
848
7632
8268
7791
2650
689
9540
6148
9805
3445
6731
2915
6360
4240
1855
901
2968
6678
8798
6148
4982
2332
9381
1113
1060
3180
7420
9381
477
2014
1113
7844
9646
8798
2968
4346
212
6837
9805
212
1643
1749
1166
8321
2491
6095
8109
2862
6307
3975
265
8533
1060
424
6731
1219
1113
1166
9858
8003
4293
8957
7102
8321
7632
8162
8321
8374
9381
2809
3498
3551
9169
1431
3021
4346
9116
1537
1219
371
2703
6042
3392
3445
8533
5777
5671
8904
7208
1219
3922
6148
4929
8851
8957
9964
9063
2226
9063
5989
8904
3233
6148
7420
1590
742
848
9540
8851
7314
6572
8692
265
3445
212
4452
7791
2438
7102
1113
5194
1325
3657
3233
5406
6625
7049
8480
5671
3339
2968
8427
2438
2491
424
1696
4452
3657
3657
1590
6466
8533
5883
6890
9858
7367
4823
7049
1961
159
1643
1272
1166
4346
5141
7261
8215
8745
1378
8586
1590
4505
2226
4081
2120
9593
1855
8692
1219
848
2703
1113
371
6360
6519
1590
1484
4452
3975
7897
9540
4293
3604
2968
5300
530
1802
9434
5512
9063
2226
2756
7208
9116
6784
9964
2120
9805
8162
3551
2438
8215
4293
3660
1908
8957
7632
2385
530
7261
2226
2332
9593
477
1484
1272
2809
6519
8056
3233
5989
4346
901
6201
8692
8851
6254
4346
2809
1219
5724
1219
4505
2756
5459
6254
2703
9805
5777
9222
5141
7632
8427
742
8639
7632
1537
6784
2438
2809
7791
5459
8586
2438
3021
5512
1
9911
9858
9858
9699
9699
9858
9752
9752
9911
9911
9964
9699
9858
9911
9699
9752
9699
9752
9752
9964
9964
9699
9752
9752
9911
9911
9699
9964
9805
9699
9699
9858
9752
9858
9805
9911
9805
9964
9805
9752
9964
9858
9752
9699
9911
9699
9752
9911
9964
9699
9805
9752
9911
9964
9699
9699
9858
9805
9858
9858
9752
9964
9699
9858
9911
9858
9964
9858
9699
9911
9858
9752
9699
9964
9805
9752
9699
9699
9752
9911
9752
9752
9911
9699
9805
9858
9858
9964
9964
9805
9752
9752
9964
9699
9752
9805
9858
9699
9911
9699
9964
9858
9699
9752
9964
9858
9964
9911
9964
9805
9699
9858
9964
9911
9699
9858
9858
9858
9964
9752
9911
9752
9752
9911
9752
9858
9858
9805
9964
9964
9752
9752
9699
9699
9964
9699
9752
9699
9911
9805
9911
9805
9805
9805
9964
9911
9699
9911
9858
2756
53
1
9275
9964
9328
9169
9116
9858
9169
9222
9699
9222
9275
9063
9328
9328
9699
9699
9858
9964
9540
9487
9381
9381
9381
9169
9487
9858
9328
9752
9275
9805
9063
9222
9858
9063
9752
9169
9063
9434
9540
9858
9434
9540
9911
9805
9328
9381
9858
9381
9540
9063
9646
9752
9116
9434
9911
9116
9275
9222
9169
9964
9911
9116
9964
9805
9063
9593
9911
9169
9964
9328
9540
9699
9275
9699
9222
9646
9911
9434
9328
9169
9275
9911
9434
9593
9063
9434
9752
9911
9858
9540
9752
9434
9434
9275
9646
9169
9275
9169
9434
9540
9752
9646
9593
9858
9169
9858
9169
9169
9540
9487
9487
9328
9964
9487
9275
9858
9275
9911
9540
9964
9328
9116
9434
9752
9593
9063
9699
9964
9752
9275
9434
9063
9805
9487
9911
9222
9116
9964
9169
9434
9699
9699
9275
9752
9699
9593
9381
9646
9858
9964
9381
9487
9964
9275
2120
212
53
