935
487
2351
5997
3236
5400
4952
4645
4638
3031
7698
5458
450
1871
3476
3260
5476
7127
6323
1890
4576
3653
7644
891
9836
6513
9560
3046
8275
8759
201
2074
7630
9227
5893
3775
7735
7909
7986
2408
3507
6160
746
2824
9261
2098
9094
5700
9250
7975
6554
4054
4256
1440
3706
2644
3633
5457
9188
8213
230
5813
8731
6869
2281
8701
1282
3938
2513
8216
248
7936
2887
5405
3051
2406
2862
9547
2353
1176
9862
602
5549
168
8986
8778
637
3298
5745
9381
5581
6370
2389
7378
384
2561
2545
3574
8050
5157
4520
2522
6445
2587
1208
6368
6249
6909
6898
1121
1881
3998
6944
7508
408
7316
7983
8446
2909
1475
2859
5876
8996
3025
7963
4742
5224
9858
1862
3851
7789
9731
3724
4990
6464
7308
2028
3267
9512
1529
9218
8503
4437
7946
4290
9308
8817
8898
8708
2477
3031
5428
245
8016
9180
5505
6531
8007
1009
5239
4815
4930
6508
7193
2784
5192
6918
4705
5242
6012
7441
6071
7275
2600
6649
7623
5770
101
6514
7749
7915
3215
6325
6909
9268
1893
704
1340
7761
4059
2870
2262
5558
9011
782
8044
9373
8363
6286
4067
3010
1978
2538
5073
1027
6851
7590
4616
5629
6719
6605
2963
6621
9149
6515
9734
6277
2180
931
3076
6776
5616
4090
7067
6325
2913
3347
4846
9236
3300
9674
8054
3023
3595
9330
1966
2618
4910
2196
3742
4254
5937
5110
3423
6335
8559
2677
242
3622
9110
6325
5409
5976
789
6645
2122
1421
2317
2044
1827
1741
7458
5080
2618
5921
8419
5139
4928
4274
550
8726
9061
5792
6012
2945
5480
2296
4963
7327
496
7084
9062
3561
6238
9349
6704
6016
1627
6275
808
5936
3112
8571
663
5296
4738
4009
57
7125
1615
4598
260
3752
5936
4856
2337
6270
5024
6629
2003
9926
853
9014
3146
9456
4483
3898
2661
2933
6170
2539
8121
5503
9268
127
5481
4801
5617
7227
931
4148
8293
4291
3946
6773
6820
2714
1780
4187
3984
8464
2480
2648
864
1246
4915
1207
818
7640
1351
9804
7132
3549
3578
7439
1259
8334
8342
3480
2981
4159
4606
7530
8225
8803
2572
346
4852
6306
4391
2561
681
3575
4736
5126
6808
6947
4535
7494
9885
4461
288
3046
7703
705
3812
4606
9239
6140
3937
661
5180
2490
7167
6716
7654
4358
1198
9276
3465
5760
5763
414
4896
6157
5761
9737
6135
235
5661
3328
8494
8505
6497
1600
2625
9752
3220
3353
1642
3333
9275
7207
7798
4926
9563
1622
7375
9138
1533
7125
2460
5692
705
536
2749
4502
895
3726
300
7402
6407
4395
7068
7081
8702
7089
4553
5516
8191
1678
6954
1211
2469
5071
8108
1705
3211
7516
375
8004
5988
4895
234
1500
7205
4511
4468
5043
1025
7364
4541
6443
5710
2522
7114
6852
7967
7691
702
3912
9597
2672
7659
7635
1694
1852
5341
9740
5861
234
7835
4120
7700
5288
3058
9028
7645
8499
4299
3545
4572
1334
1289
5197
602
4835
1456
5025
63
5872
9491
9114
5434
8684
7813
4492
4470
1736
1435
5311
8169
4982
4148
9794
5660
3157
5449
312
5957
6584
4908
278
5785
5431
3187
8434
8191
4362
2273
5320
1735
875
5379
6363
138
6697
8399
9531
2899
2108
9749
7594
4434
2227
8620
3190
5062
863
782
6355
8003
7581
7424
7115
9938
1422
9156
7028
8978
6316
1464
3375
5017
2346
7388
8523
7059
1072
637
9134
4842
2321
1579
684
9506
5445
7421
3
8346
7665
334
8935
5381
9615
4812
9219
2969
5628
5003
196
9211
7286
7488
1547
3052
1626
4707
984
6956
4633
9524
4936
6423
3899
3718
1184
2967
3853
9929
4126
765
4056
8498
6032
6113
7497
9878
7067
5757
3160
940
2838
3514
1190
5397
5251
7798
9769
3510
7095
2257
8461
3535
2538
9001
6280
3906
9989
5640
2555
3544
3513
7643
1573
4114
6590
3312
7043
3770
6737
4662
420
1952
4389
262
1137
9737
5370
8543
854
3434
3039
9165
4637
5619
6763
2284
3906
8376
8409
4336
2976
9491
5496
829
8912
1893
5278
5031
8187
3648
9068
6708
9785
8754
4995
3544
1424
5719
129
5482
1298
8917
2916
353
3616
6490
191
3322
7001
4456
9722
7652
3666
7008
9999
4372
9897
8953
9340
9038
1807
7800
6094
4628
2554
6282
5338
3710
1149
8662
9281
5244
3397
7471
1016
2792
1780
8799
1154
6981
1040
3137
8604
3453
5561
6024
2848
3467
2951
6580
9673
7417
2010
4035
7653
5286
6873
3369
2454
9517
6675
5608
2515
5864
4476
5439
5494
5837
7219
2346
9960
5140
2141
2323
1645
5486
255
2427
9335
8910
4306
5720
3835
5196
9802
2683
6348
7981
8483
2207
1881
9797
1149
8969
265
4435
9724
1465
858
2257
8159
6170
3835
960
7354
9837
2629
5706
8945
680
1807
5876
4514
256
5182
6193
4139
2730
418
6701
6826
671
4277
4260
220
4572
238
4939
7334
4286
9701
983
1074
7616
8362
5186
7926
4886
3153
2658
8766
6988
5760
6500
4780
6601
972
339
3646
2779
9281
1187
2446
8908
8383
8209
5346
4749
495
2323
7803
2465
2582
7250
5072
9694
2505
1329
7622
4792
1572
399
8149
5665
5853
5221
2696
1189
7288
127
4959
809
1293
3958
5361
1340
9840
3867
9822
4105
1381
4818
9802
5200
6819
8117
8726
8432
8909
127
3932
6190
7750
4753
9370
4795
5041
9298
1375
4655
8093
2801
3958
7476
8828
9745
1871
6889
6984
6143
6224
295
6985
8312
190
5829
3322
6057
3595
1730
6151
750
6919
2008
