1180
409
680
1057
798
792
406
360
249
123
387
239
238
226
762
876
301
479
313
537
537
1118
131
557
317
480
374
1121
568
165
186
966
359
739
255
284
312
392
1067
555
488
355
769
919
951
1029
717
1101
523
360
987
592
642
172
992
649
999
1057
717
670
713
980
574
704
943
770
401
572
889
872
695
368
382
316
370
323
503
541
646
1067
228
534
264
1030
126
725
482
309
1143
840
258
1056
542
724
321
202
965
1022
1109
516
469
560
553
1104
663
264
274
911
210
598
291
977
999
256
699
988
1075
401
273
631
315
483
313
509
842
337
1015
216
334
848
260
693
991
910
524
1038
686
289
962
1022
1137
1006
543
639
1137
838
592
873
492
615
196
527
651
956
717
471
338
569
513
706
242
859
356
669
706
587
390
255
831
824
117
910
979
272
499
338
669
170
1116
124
426
148
823
407
538
978
523
755
312
687
950
863
468
120
201
180
734
839
1126
747
1011
954
781
610
529
533
166
863
902
137
841
339
516
678
756
707
1064
623
274
585
188
410
1076
433
881
915
786
889
860
539
661
216
215
892
117
318
851
976
719
106
738
608
771
157
604
583
725
458
587
605
674
1057
487
623
930
157
267
901
308
426
359
121
641
764
267
574
328
347
263
299
600
700
750
162
541
1003
209
396
697
616
1067
1091
1107
484
882
124
247
311
111
1118
333
509
334
822
1009
979
277
1071
556
328
374
291
613
714
722
576
721
1048
540
888
406
559
1082
528
910
569
473
579
126
264
1053
440
944
604
526
475
401
899
1072
731
293
802
799
998
920
975
652
981
346
774
498
1095
799
619
919
770
990
491
286
330
674
517
242
688
265
1053
584
239
218
371
924
1025
298
335
967
545
1034
122
230
662
456
858
178
151
861
1110
666
249
498
203
496
637
656
1045
298
572
208
622
905
188
633
1132
155
558
711
1111
178
179
1096
845
114
637
103
432
1032
663
1032
571
376
259
276
271
900
638
403
627
666
213
1069
147
550
426
1000
1150
373
996
351
452
213
159
240
557
315
346
430
701
196
437
625
852
164
124
872
993
253
1139
589
319
384
562
749
545
741
1021
549
902
155
712
219
556
1098
460
1091
1037
961
629
566
573
542
791
738
160
876
289
173
141
139
278
264
1016
1001
721
197
1127
838
779
123
243
931
309
567
1047
697
254
460
474
1071
312
101
980
165
973
819
309
933
996
957
636
226
240
886
537
533
783
408
1082
592
392
1137
989
625
994
103
513
304
382
159
778
316
432
462
654
323
850
934
199
133
1038
1149
552
1053
613
1032
1029
626
589
559
1103
141
860
576
666
468
881
615
699
396
955
896
631
1075
211
528
817
1064
293
197
155
256
268
1061
1071
877
638
955
715
347
1002
692
1110
995
1025
240
400
595
876
431
892
323
1109
810
593
337
238
1149
602
873
620
416
1053
121
734
236
652
829
1095
525
1077
471
297
705
257
365
356
586
379
836
715
618
236
371
584
932
313
697
177
1086
680
161
560
154
959
531
830
275
1081
890
694
858
328
319
140
686
658
528
761
1078
850
609
708
268
696
958
683
309
1008
386
847
1123
613
143
545
989
1124
506
663
1050
676
100
711
560
342
915
479
224
103
248
114
733
186
847
327
367
552
202
989
207
1124
1036
123
551
565
927
942
907
1068
900
233
511
896
489
331
138
511
619
301
204
1146
921
365
508
266
1014
307
996
693
247
584
759
951
297
999
252
859
679
314
467
1138
910
1095
884
465
489
294
771
368
504
688
424
282
940
263
1128
642
642
238
265
285
173
721
692
461
1060
722
761
1064
788
638
671
128
397
122
185
115
965
935
868
555
940
1108
706
638
825
107
618
409
938
983
149
569
746
461
148
744
731
1050
983
385
328
1016
122
851
674
283
225
468
747
883
322
436
123
556
808
357
576
552
827
260
413
942
118
584
620
492
794
145
927
296
189
362
600
550
111
815
736
298
975
528
680
1003
536
890
1089
791
485
378
257
433
401
373
766
113
395
150
219
505
666
576
1095
143
473
651
972
1022
547
416
493
958
429
1146
334
923
806
978
370
566
142
989
628
440
851
159
299
779
1150
910
1037
853
969
1012
853
366
870
906
476
795
866
218
872
1074
646
281
364
899
839
622
893
422
1085
1039
1075
310
1127
409
363
609
861
228
885
462
937
286
315
1120
646
440
245
776
650
251
959
540
1067
372
614
358
1003
913
1136
1027
470
580
237
813
469
201
1086
971
992
427
266
638
694
974
291
218
664
709
874
1041
325
376
542
949
977
985
186
695
452
895
1068
602
136
340
563
492
661
174
476
482
950
339
871
207
499
225
548
654
914
824
656
894
423
500
996
976
576
569
453
408
403
838
906
1093
368
740
339
183
440
1099
145
944
706
848
435
367
854
286
633
568
1124
150
981
300
703
424
467
467
780
652
770
676
258
555
1082
223
783
354
732
118
747
689
198
849
965
885
752
784
537
347
409
122
487
864
613
1108
334
439
461
672
576
671
461
1141
1017
708
661
445
805
373
1029
1028
940
854
480
652
1067
1132
542
263
697
1122
514
869
923
416
803
690
1084
271
929
437
837
1012
323
347
255
897
101
595
237
884
157
973
802
919
1066
499
917
989
585
245
842
981
708
1039
469
250
556
674
1108
466
1120
323
716
901
339
784
439
804
785
787
154
705
110
883
238
795
962
481
450
411
740
1041
209
720
1087
266
570
1105
205
637
174
401
704
571
769
582
399
1095
602
1083
972
905
786
934
297
876
672
643
1108
650
550
539
712
461
814
208
892
530
809
656
600
156
1135
651
870
306
677
746
433
