23
899
701909
771158
154319
70692
728596
593656
507429
588990
629345
374641
824034
686556
579585
44406
575828
449859
110645
45992
749021
184060
438016
762529
247766
898612
41365
8565
95205
16550
48565
37932
603990
303587
849304
358826
37452
254218
169878
380441
718292
889023
860343
165178
146981
634044
693747
785493
917632
191676
722278
708068
255391
887160
734442
89063
958063
339250
799205
454897
835707
809683
946194
944560
396246
739844
544589
126071
414011
845739
700013
759139
473025
682758
886126
106836
862777
943674
530166
977840
867583
171147
305580
791783
654096
367407
951684
583026
42210
949858
641813
641072
475738
825381
17729
964726
849080
836720
392064
279382
284201
537082
346037
899107
164964
824210
276917
803148
223893
241549
427981
371182
346855
690988
776498
689974
469921
340431
855065
966726
587547
480278
779313
986353
718103
610285
724817
17376
565424
849603
87727
613555
522928
714631
370758
919864
217778
314606
785660
11512
279273
973305
3419
982232
829384
799635
868959
987284
938113
594045
924007
940492
109152
21903
417289
247707
139257
606798
451823
399587
151279
567419
165947
268105
71062
273519
305385
512676
522362
962015
409968
255021
411371
88558
602086
364154
511864
54900
239628
780825
53385
847950
805675
598091
691222
94899
326662
157381
890696
199167
63743
268381
472358
536992
694909
154067
458346
828121
502671
188513
94557
113628
66266
657238
242197
244531
713999
217623
733167
419925
861885
788588
408606
49585
997051
248842
503607
286034
88538
931491
670109
458187
458970
980066
15237
452982
961677
499666
485594
52317
888671
33309
81133
96703
116900
740840
97313
437081
502408
704411
572747
784777
652259
246561
534289
167882
142623
507008
124072
498822
46202
137784
691794
914075
339383
802307
148456
281188
278792
441171
48694
837221
992419
748000
829994
958334
643239
512771
904208
268615
940964
137462
668540
494121
754742
417837
714041
263350
707005
996100
783366
834811
514048
688165
446936
103376
616232
273147
944900
352320
192662
191006
277875
558033
378040
305165
688295
549808
462183
831484
923406
552464
2931
434533
921382
500639
312933
347845
218182
263376
185337
777370
213522
194709
850165
209442
867743
498585
74045
615661
736465
3386
739878
194626
546219
199485
649259
235951
853848
475476
708389
93737
406462
289575
413716
727863
508317
549490
515256
788643
150087
561911
296222
772341
713133
277586
977824
710902
78701
31241
525923
717796
800727
743861
638753
436375
552215
688933
655580
907418
695045
36833
253585
812530
141807
189492
24822
640756
174217
782545
413903
849036
57704
337025
635265
571601
816976
538960
902925
321384
625513
6666
820063
524358
500482
925129
286647
193795
63322
578232
433030
388593
593731
246751
267485
931600
22406
509911
364873
437677
982508
298746
544441
328229
573364
440545
36210
681875
130739
283890
784063
174536
522914
737301
33714
253114
120082
741930
993290
457598
35822
288026
501541
884012
641214
804454
360805
196507
245952
411396
227587
827536
700133
516634
674330
238265
328630
112148
440082
703381
86284
57945
119299
413305
956680
10834
740533
748800
767347
956590
832324
596152
978267
907257
753010
119332
164718
904485
650726
899766
701573
788820
179532
739781
394239
239971
645867
359852
25696
112181
563267
576321
448434
527816
754625
972253
123230
121138
539189
540944
986098
873680
266423
340375
692899
525915
833170
269428
951709
167128
218446
132616
2107
277764
333987
539585
75331
324004
893231
612856
277804
710075
752298
449006
541164
732654
8455
646933
36107
428649
675949
533519
188388
517301
627852
852992
584076
569031
436469
786233
772097
765853
288698
344108
670280
632325
199584
134807
734319
882338
992561
936368
573978
568399
657546
945315
909352
701302
135742
295709
372002
785093
937677
444690
359593
881331
329210
647361
918387
598203
896768
186559
695650
301028
704052
516663
438917
494948
168503
439910
240947
318779
7548
967001
521596
253766
348386
595881
454024
584343
362425
498617
751417
404599
356514
232245
70655
925517
993390
984172
169924
570575
744861
418928
417916
914150
16797
238209
732206
814024
220513
682882
437882
916942
355583
949591
867274
123762
586397
70257
41417
503625
565084
5378
257220
994578
857067
786500
855696
818508
348255
893800
7690
623410
84698
384594
640332
403229
374499
644948
704136
491840
678613
296718
464053
176435
516412
239654
856648
808850
919861
597242
749460
706999
130222
466138
935706
201774
914385
881702
941377
808750
887079
756301
652802
19330
821967
340475
568497
607702
139156
112949
867423
191398
900988
418341
366459
605052
594494
652422
584894
361146
72426
439581
71093
533732
252103
447810
124239
220713
720569
639062
439600
2322
40114
46064
132370
566707
383076
896106
88016
162596
493867
596524
59525
948852
437903
279899
45071
800846
881396
780289
168578
230458
992440
889280
440524
489477
498268
76901
368339
3823
20793
889499
282319
894482
974853
657005
257724
419906
369242
573909
158208
80026
961801
933817
645086
479400
388643
94523
592348
435814
779791
940678
137083
524470
329846
471556
114790
482796
700242
669405
461687
788978
276431
18818
320625
212812
226279
268279
51533
821686
462452
687881
773811
804234
675712
639422
213017
491386
860285
716234
293661
89976
47693
506231
212522
185143
286821
944522
357643
538331
893609
544329
762843
127435
39082
848518
376738
731288
63016
817806
112217
81477
881604
68394
410122
93411
226649
906836
867379
944668
168632
532257
393655
725051
119716
978894
716775
35680
950886
117273
568615
727749
443985
6840
527474
100617
908844
459318
474370
775585
416352
448751
745190
664141
609329
272665
34275
207796
906215
700056
147920
110586
291599
729086
610721
536771
840166
198580
76880
253783
453318
951299
835637
46265
282575
739674
873829
783265
606195
164015
379623
984893
594073
559312
646362
332419
783896
974402
639517
903534
449062
789497
54366
490863
596630
827866
991323
737267
506917
364966
543577
760241
719367
564621
844432
391985
798813
991952
306220
913214
942001
267215
317996
276926
694302
409585
926668
46100
136836
215299
770330
731239
564653
420403
855272
858743
705964
334857
967555
176851
913201
285903
158302
554569
88062
632209
815449
583075
728425
270073
980146
395569
545960
762991
55365
292955
810352
961479
432370
