-945
-3960
9933
7134
-883
-4144
8951
1921
6494
2719
9348
-5764
4078
-9345
7704
-4383
6225
-6989
-8809
2727
-9767
1372
-6639
-337
6198
6915
4041
-7805
921
-6853
8099
-3778
2875
-9217
1331
1234
-6003
-7014
9556
6716
-4292
4003
2108
-604
-3645
-2896
2456
-2353
-5561
-5149
8312
4039
4199
-6644
-898
-2278
9659
-2871
5261
-6784
8264
3875
9656
3171
-2328
-8244
5399
-6681
3416
9405
-8767
1742
4088
-9497
-5042
-3168
-7850
5992
-3855
9282
-8932
-6153
-7117
9634
-6383
-9162
-2102
-9892
3021
-3684
-1739
4024
3501
1672
9716
-3632
6867
311
8626
9049
2614
-9963
1557
3456
-1105
2720
-1541
7645
-5382
7608
364
5393
-1444
-9297
-9063
2804
-6036
-7523
-9718
-2199
-8111
3894
1248
-7671
9379
-8532
-828
-7085
4180
7727
7042
4590
-1009
6407
5435
4309
636
-2937
3452
-136
-981
4879
3880
9962
-793
5720
9213
-8845
-4418
4044
-3163
-1457
3381
823
3882
-2541
8250
-2867
8942
-3773
2685
7239
-8120
9736
-5175
3572
-1292
6285
8232
5890
-7154
8392
681
9930
6808
9010
9207
7976
8261
-8132
-6116
9385
3354
-2079
9898
-6870
7497
5292
825
4416
-3135
9845
8491
8647
-1983
1826
1346
-4655
-832
-1478
7838
-7783
9367
360
-6094
-7438
-3058
4569
4305
-275
4922
-6676
-4501
-9992
1473
-8946
8238
9964
8992
2375
4958
3718
1036
6578
558
-4141
5992
3071
-777
-6587
-1665
1025
-7485
-6514
2910
-5324
1630
1812
6385
-2838
7206
6697
9699
-1869
7089
5550
-649
-1934
-881
-4018
8501
-2704
411
-9908
939
4973
806
-4814
-651
2184
-7259
-4578
-3748
-3570
-1679
-6983
-851
-1527
-7127
-5389
-8671
3374
8538
9423
-9354
-4106
-910
-7072
-254
8253
7549
8788
7253
6715
8097
-6286
-1581
-733
6628
-6926
-3117
-3557
1396
-8723
7387
3862
8577
8994
-5245
-3223
3355
7039
-490
-450
-7102
5437
-9851
2040
6002
-8360
9770
9553
4508
-2833
9029
1628
-3076
6433
4683
7150
-5165
3715
8902
-3257
-6070
639
2985
7544
-6251
-2834
-1241
2953
-2963
-4621
-7521
5351
4504
8938
-970
-4801
-4241
-9684
-9754
9267
8384
191
258
-293
6157
-4902
-9952
6489
-4215
-9047
7241
-1130
-7486
-7982
-8419
-8188
-4462
1126
-6238
-3618
-8768
-7529
-1541
-8804
1148
-1809
8932
1
1542
3621
2893
-4908
-9591
2073
-5869
9782
3478
-2076
5385
1386
4877
3837
9752
8128
1024
4410
9627
-9521
-6070
2627
-5553
7257
3238
9715
-17
6176
-5270
4729
8842
-6729
1214
-6788
-7285
1404
6163
6918
-6436
4693
9868
7708
-3923
-4475
-2533
-1401
71
-6390
-1101
-1671
-6316
-9179
1769
7940
-3777
6393
9035
-2422
3014
7477
7981
7098
4142
-1666
-8829
5668
-6916
545
1119
-7722
5497
4110
6190
-2636
3267
2282
2168
-4776
1376
9900
364
-1806
-5354
8033
-7044
1460
-7370
9808
4995
-9500
-7876
-6447
-9445
-9040
-5189
6671
-2562
2856
232
9063
-9240
-1320
4304
8642
9715
9262
-163
-5252
6928
4513
-2315
-6212
754
-6093
5170
-4129
6942
3946
5370
-9807
3586
3840
-8545
-462
-2114
9350
-8822
7614
-3365
-5624
3389
7774
2546
-5134
4895
9290
6791
7449
8353
8040
6408
-9924
-6450
-6134
9312
8093
-2082
-3255
7971
3893
3832
9700
9452
-9184
2841
-8221
8037
-5729
-8419
1535
4912
8953
7469
-6388
2963
2892
2679
3022
5410
1793
9158
3007
-7901
-617
-3729
-1657
-5490
-7626
-3504
3278
3923
9460
-4242
-2019
-718
5931
334
-1995
-2868
-7506
-2075
9665
1875
-471
-5527
-177
7686
-4768
7663
-5170
-5385
6366
6104
2418
9722
8729
-5349
-7760
-3002
-9719
-3919
-1180
-6123
4757
-6038
2515
-4842
-2530
-894
3353
-2456
-5315
4862
5123
-1796
2415
2033
491
-327
7076
240
-3511
81
-6204
3002
6201
-2862
-7443
-8085
-3328
-517
6710
4347
814
-4466
-5822
154
-593
9841
-2890
7843
6143
5886
-6955
-8485
3865
-1566
478
-3947
3446
-5314
1557
1224
-7519
-4035
-4078
8292
-9408
-2753
-276
-8306
-550
-1257
8379
9673
6716
-5701
4000
-6638
5404
7285
-5034
-4346
588
4908
-1896
4211
-8647
-514
9939
2785
-8605
-4150
-2408
500
6579
4490
3925
-9457
-8840
2869
261
6311
7819
4428
-7954
-6627
-1996
8558
-2053
5841
3657
2216
-6304
7288
2580
-3359
-3611
9329
1109
5739
1656
-5543
-3140
3925
9699
-2466
8739
9602
3245
4514
572
3989
-3368
-2606
-5348
-8241
-3266
-7570
-5171
-5043
-5278
6768
7109
-5266
-4762
-3603
7278
-9207
-1198
4330
-4938
-3474
-825
2524
-5150
2451
-7368
9935
8963
-2874
2281
664
5629
-9681
-6934
7968
-8820
-3721
-7319
5441
-9733
4603
6710
-8483
-9365
-4608
-7635
4008
-6794
5530
-3517
7485
6482
-6296
7231
-7445
-6525
2550
756
-6160
-6893
7584
-436
-791
-3802
3247
8822
-3411
-3528
-2543
-5621
-3736
-9852
8530
-9508
3761
2166
4630
-6419
-9977
616
-235
4391
3869
1756
-1085
1247
-412
27
-5455
-6523
-4736
-7722
5485
2621
-4981
-186
4667
3669
6982
-3930
-8894
-9175
-2427
-1689
2449
7367
-7858
6854
-6811
-1621
-1032
-2397
415
-4835
566
-1728
7576
-3343
-5223
-5333
9053
-8324
9354
-2208
5939
1602
5522
-1610
1205
-7343
7626
9642
4345
7814
8566
-8225
6532
-5951
3646
-1046
1798
-1981
4835
-7965
9847
8735
9389
1726
-4779
6769
-5717
-3253
41
-6909
-2510
-4099
2754
3627
-4512
5569
-5591
-569
5192
-6613
-5930
-4843
-8684
-9519
1057
636
3853
6880
-7159
6377
2428
-9383
-6120
-9707
4669
604
9800
7959
1250
5878
8572
2072
-8558
-2077
2559
-6654
-4483
-170
5198
3591
460
2422
9286
-8289
7788
4825
-7343
-3446
5035
9984
-3196
-4251
-4307
-3060
3186
-9778
-4030
5837
-4251
-3986
-608
-2958
8526
-2106
6962
-9941
-7083
2856
-5792
-3737
-8972
3586
4579
6553
5047
4293
-5731
-3476
-9568
885
-3266
-4798
-8007
-1667
-3745
1153
-5538
1290
-9679
1160
-9186
5038
-5402
8000
2839
3204
8069
8445
-638
4745
-8878
-6795
1872
4784
8668
1490
-2966
-4163
4060
-4656
5384
8878
-2828
985
-8100
6895
-5114
-2043
7460
-8765
-2710
9393
1769
114
-5923
-6611
-300
8874
4763
1144
-6098
2220
9104
2796
3573
7673
3148
7321
-457
4443
-23
-2626
-5657
-5612
-4924
-1372
7827
6833
-7952
-5786
1373
8667
-6261
-6698
3150
-8175
136
6950
-1336
616
-6436
-7762
3801
5563
-9700
-7467
3077
5804
5416
527
7489
8611
5735
-4399
-2340
6646
-6415
-6233
-8896
947
-7315
4015
-1113
5168
-43
-3821
-694
8646
-6914
5250
-7443
-6258
-8024
-8519
8954
-4423
-5849
-3512
8083
4467
-576
6939
3773
7543
-5422
1381
9924
-7828
-4824
9246
9380
5736
6406
-6225
2680
-6305
5898
7054
-9985
-9398
5743
-9101
1753
-5913
4977
-3327
520
-2185
3139
-3059
-7931
-3442
-2447
-7363
1331
-8667
3478
7178
7611
8438
-8223
8124
-9880
6717
-5408
7244
-8388
5465
-7382
6483
9026
-6088
1393
-6969
-6466
-5295
6195
-3136
3267
6775
-7463
-4633
-2953
813
-3963
-8670
3600
1914
9787
-5940
1704
5097
-9025
7787
-1583
5313
-6591
-3686
7640
-5722
6893
-7995
-2401
7741
8823
-4157
9654
3391
-1656
155
-3240
-4270
6309
-4653
-4792
-3823
-5550
-3797
1199
6254
7055
7130
5947
-3391
4759
-9160
-9954
8252
-1030
2608
-5333
-9622
4989
-3475
5835
-8843
5275
3205
9235
9999
-472
1106
5644
5660
5871
-4526
3370
8921
-687
-7173
7189
46
7179
-4731
-4774
-839
200
-3997
-395
-6022
4370
-8817
-913
-6664
-1733
-7272
8544
-2699
9290
-8855
3100
6568
-824
-7883
4457
3343
1702
8612
-4421
-4728
1872
-5842
-8189
-2383
9606
5398
952
7523
3504
-694
-7504
8477
8601
2903
8307
-7727
3607
9590
-405
-8712
-4090
-3354
4033
3260
9422
-7863
-208
-7471
6136
8056
-8265
-4932
7212
-5853
-9429
-3198
7567
-8580
3270
-5258
-1015
6778
21
1430
8129
-851
-5960
-2275
1852
9454
1103
244
-3534
-9622
1551
1907
-7357
5501
969
5298
-5191
-276
4216
5209
3100
1346
-5325
-2610
9099
-1529
-4499
-8437
3720
-2454
8817
-6124
7601
2582
-3085
-7441
-9970
-1574
-7898
9767
-5008
-5152
7661
7032
-112
-1944
732
-3820
-9799
-1367
7655
4594
2787
-1610
5210
9399
-7558
9030
1370
8449
-496
-7659
-1982
2233
-4795
-4302
-4049
270
-68
9660
5305
-287
-3137
-4313
8329
3119
-2281
-9951
968
-9462
9399
-9103
-3842
6646
3200
3381
9696
2547
-9327
-9994
-952
8009
6719
558
6326
-4485
-757
6095
6085
-5972
-4248
-9812
-8398
4478
-4517
485
490
-7631
-6892
5467
6877
-8649
147
7277
8387
2713
-1410
2437
8668
2524
9464
3533
-1090
-5443
-1011
9329
5205
-4907
-3570
8118
-4214
-8995
5412
2692
2251
3359
-2874
-4972
1164
-1660
-8019
-1866
-3372
4375
5991
5315
4628
4254
-66
5377
3325
2678
4941
3159
4291
3506
-5397
3105
-964
2349
3393
-2956
7201
-8699
-640
-8330
-2223
7899
-4744
4482
3330
-5565
2839
-5600
-8899
-9864
7354
7050
6200
6315
-3487
-2897
6237
9214
1069
5369
9443
4694
-1885
-1289
6515
-880
-6556
-84
-2082
4576
5496
7803
8266
9655
9986
4709
-9523
7564
1753
-5858
-5056
-8325
-2035
5451
6780
8715
6901
8811
-2787
7010
-6068
2432
-7318
-9651
8444
1624
-5155
122
6451
-3320
2001
-7723
-2658
8332
-3427
-1048
-6699
5862
4847
4305
8164
6115
2717
1724
-8521
-1392
-2679
-2861
4737
8541
9094
-9147
-2861
1393
6385
3691
9433
1464
-6145
-6471
-708
-1398
-6117
7637
-1350
-7286
-7365
4064
-9693
-2894
9454
-9005
4014
1946
-3987
-3794
-7388
3467
-8986
7780
421
-3662
-4691
4170
6910
-4995
5901
-3334
7896
515
-7793
-5911
2757
-7476
-4173
-7985
-9937
8599
9449
5126
3767
-9001
8148
3433
4433
6067
3860
9639
8919
-2024
-5016
-5519
-5638
1848
-4656
3564
6314
9291
7638
4848
-324
110
-4400
-4996
3734
9973
-4302
5712
5877
7183
-1161
-132
4932
5380
799
-8481
8741
5495
4140
5778
2166
2742
1838
7497
525
817
6102
4225
7295
-9953
5858
-8675
3383
-3177
-44
-939
311
-6284
-7728
1085
-9626
3955
-3076
1546
-1441
3609
5564
-4246
5831
-3959
-727
3413
-9788
2558
5814
-614
6067
8120
-7787
9414
-591
3482
4260
5076
1128
147
-4889
-5523
9667
8420
1874
-2418
-2154
-5929
-4049
167
7274
-6501
-9513
-1676
6858
-1059
-6043
433
4364
-4970
-3114
-6395
-179
4965
-1045
-5714
4436
1477
9889
3120
-1882
3766
-7799
7123
-4236
-6687
5931
-9345
-8055
7878
2719
-1819
6306
-3182
-7680
1076
-3363
9669
-1071
-9020
-6957
-56
-9258
-5195
2288
-1578
8442
-7578
-4637
9227
-8033
-7154
-9129
8053
4451
-3691
6832
7587
-1857
-3599
-2002
4717
-3516
720
-3031
5686
1571
-6224
9615
8201
1901
-4632
9127
-6913
9317
4175
-6023
4620
-304
5321
4374
-495
9812
-5030
2312
-2543
-1168
2867
2817
6173
-391
230
-5536
5878
-4854
-3343
-3913
9264
-2949
4553
6740
2378
6110
-2063
7156
904
-7166
9657
4005
-3728
464
-4226
2432
-448
-2207
8659
-7021
-5947
2034
-2776
-479
368
6306
2686
5329
-3311
5874
-5737
1172
4847
2094
703
-3277
1149
-3587
-5661
-6385
-2570
-2145
516
-4790
6733
306
5535
8159
-5297
3048
-9355
9684
-4019
6977
-5416
7352
-3902
7643
-42
-2496
-9540
-5290
-1788
9638
9757
-6958
-57
7710
-2125
-1541
-4572
8740
-8650
-6309
42
433
6702
-4618
-4691
-6620
739
-2800
-1936
5988
-3330
80
-7033
-4350
-6433
-7434
8616
7924
3463
-3415
2948
-1365
7580
-5990
5334
-5467
6740
80
-5016
5482
-5694
3623
-9434
-9483
-4558
758
5621
-8978
-6363
-5306
634
5626
-8303
5808
-4915
4614
-8700
-6641
3776
-5478
-9550
3922
-2859
-5594
2087
-5509
-2344
7379
6947
-4690
-7169
-6593
-5379
-7184
9569
-1222
8762
-4228
8047
-9366
4651
-4540
-8062
896
-7125
9663
-9713
-5152
3175
1936
-8549
5189
348
5785
-2471
-6918
-96
-4353
-4590
-7051
8168
-1526
-8144
-6260
4744
3136
-3327
-8292
3220
-118
-1491
-7301
9140
3601
-9546
-239
-3927
4592
-1048
2206
-9394
-495
4738
6441
7509
-3640
3053
9771
3174
9094
-7177
4598
5534
-1356
-3482
-5764
-774
8867
5716
-3397
1481
-4677
2466
-9042
3798
923
7376
8363
-6179
-6010
-5817
-8993
8556
-842
-8322
-6717
2784
1848
-6627
-4577
6984
-4795
2199
-8089
-2341
4185
2457
1853
-9307
9489
-6504
-7508
5840
8642
-6114
254
-3314
-748
-7153
1755
-8340
2754
3082
4770
1004
-4078
9779
1449
4158
-8303
1531
8786
-3739
-3480
-7511
1686
7034
-4450
8624
-9866
-8718
-5476
2657
3673
1959
9705
-2095
3852
-7173
-9802
-4331
-8104
-8430
-1222
-3736
-4453
-7920
3150
6306
3975
9330
4842
-3344
5974
6359
418
6005
466
-7395
-6486
6852
-8789
-4137
-3747
-6748
3170
-2349
-5421
-7243
-3470
-9462
-9288
-7642
-3252
7663
-6964
-162
-111
-5176
-3131
-7033
-4958
-5298
6541
9887
-3066
-9075
-7636
-8413
3795
-9344
-1450
2700
7029
125
-2571
-3041
5801
7653
-761
8261
1777
85
338
7845
9817
2631
-4694
-6624
-5188
2458
-9336
3933
-2732
1982
-3429
-9949
5466
4901
685
-3247
7089
3861
8933
-6717
-4926
4951
1909
3844
-8695
-2698
9661
-4006
4785
9575
1402
5007
-7612
-5214
-2851
-7817
1181
2206
5472
-5981
4495
3501
-918
589
8008
8047
1953
9070
-8106
-5001
5693
-6015
-4002
-2727
7518
-4766
5410
-3206
-1720
-3660
5796
7369
3895
7579
-8471
-2727
-92
8179
5289
-7306
-3956
4948
4360
4612
8297
2994
1911
-3959
-5287
-896
-4335
-8552
-9221
785
1605
6668
7775
-6072
-8019
-3064
9244
4922
8298
-7267
4038
4712
4011
4620
2406
4788
-743
-7175
6960
1373
-9362
2039
5769
-5039
-631
4750
1266
6624
1860
7813
-5606
5117
9677
-1583
1327
-9584
-7495
-2464
3018
8440
1938
-2817
1107
-7866
-6839
-5005
-2502
-5426
4704
647
-7274
3125
7152
9564
-7952
-9029
5899
-445
-4793
-1156
3629
4004
3216
-3721
-9288
-7693
520
7924
5381
-9976
8354
8605
-4866
9039
5002
7470
7491
2854
-7678
5979
-452
4803
6243
-6752
-9044
4261
-5167
5937
-1012
-5403
-7524
5534
-3144
-5084
-409
1356
-9003
7750
4814
-681
4614
-3271
9688
8593
-8828
-7383
-3355
-5294
3037
-2543
2187
4276
9252
-5212
9418
3979
5571
3941
-9139
209
1476
-2998
-6777
-2810
-7591
-7051
-2577
9231
1631
-4547
-4215
7900
6817
-343
2084
-2815
5380
7052
3711
4942
3163
7854
5749
-3254
-7195
-8665
9579
-7375
-6150
1964
-4316
-3339
5840
-9697
6903
-5729
1780
3321
737
-6059
2470
9713
-3492
-2282
-8036
-6378
-3949
-3685
-5916
1097
8918
3241
-9363
-7857
-3182
-9673
4389
-5818
2007
8088
5006
5108
-6782
2503
-7323
5155
1695
-2088
2160
6333
6408
1058
-6855
9446
6962
3895
9942
-5973
9227
7806
4349
6585
-9459
-308
9285
-7141
-6428
4951
-2246
-7931
6155
-6798
5514
-9100
8813
2071
-9034
5863
-2551
-8133
-2833
-7185
6221
2541
-3427
2726
-9985
8138
-2198
1160
6934
2729
6114
-7016
5
-6907
5425
-662
-5025
-5767
6331
-266
-550
-180
3451
7066
-9516
8817
1167
-8856
-1234
-7674
-1057
-5950
4438
4572
1649
535
4150
-449
-3409
-9410
-91
-2340
-7031
5356
-4923
-5223
9916
-3874
-5952
-9285
-9692
-5703
1352
-3565
-5565
-1784
-9776
-6835
-4822
-2789
-7843
-7120
2170
-5124
-5819
-7454
-3663
-7148
8900
2508
-3188
1822
-9629
-1511
-9485
-8187
-5635
-767
5992
-9419
-7115
9318
5365
-6518
-3373
-7838
-3634
-8291
9343
94
-6140
-2947
-3359
5156
-2200
224
2382
9870
7548
2172
-1207
-4834
-5506
-428
1420
-3638
-8084
6614
5472
2397
1965
-210
8640
-696
6144
386
-3860
-1515
1885
-9218
-3796
9395
5760
5048
1401
-685
-2975
1937
-3610
-5977
-4329
4003
8963
-2723
1115
-8506
-4180
6687
5962
-8296
-7555
8064
-6956
-8801
-6217
-6568
-8905
8103
7702
-5410
-5379
-8714
-3984
215
-7300
-6540
4365
-763
6282
1667
-9111
2569
-5003
-2571
1607
5027
5910
3857
-2144
9608
4960
-1620
8957
-4796
906
4915
4682
4544
4753
4707
4466
-5810
-4287
-8066
-7307
-6643
4948
5425
-7773
5219
-5987
5292
-6
-1144
-3743
-9389
549
-9021
-1929
-3084
5412
9464
-700
5091
5192
223
-2759
1270
2428
3610
2956
2498
8727
8271
8385
4724
4698
-8238
8879
-5656
8923
-7808
3936
-6931
-9340
-3279
6500
-9886
1838
-2126
-3354
-9273
6287
977
-263
8826
-6285
-4453
8659
5632
3059
5502
3679
9835
687
4714
4283
6441
1361
8388
3593
-3296
7074
4096
417
3723
941
-6347
9226
-1308
-4545
-5215
-2835
-3743
6896
3424
8622
3824
5200
5963
2156
-6094
-3640
-725
-691
191
1289
6240
-9237
3666
-5050
1258
1746
-7384
-902
2258
-9138
-3474
3865
-4607
6650
-3255
-2534
5268
-7834
6822
-1843
-6238
7834
-7405
2869
8329
9513
-8580
-9392
4971
-2179
-9516
-5366
3599
-6485
8140
-6740
6378
-321
6435
-6875
1724
8611
8893
1658
-4089
-9767
6212
-9103
8595
7286
8413
-6586
-8495
6636
9953
6882
-2775
2036
-4315
-6837
-5405
-1911
-5466
3899
-9931
-939
9415
-4798
-8248
9675
-203
2649
-2713
-4848
-9710
5903
2900
-995
-460
-6361
-6006
-8711
3185
8092
-7156
-3679
6676
5925
-3906
2035
6592
9455
8906
9811
-6689
-5372
5614
-7860
-9383
-1027
4877
-2471
-9753
-4419
-4650
-4279
3304
6321
-5519
-8233
7116
-1123
8249
3058
-9548
8778
-5909
-4694
9504
8392
5335
-4942
-5012
-1823
-2199
1315
-5728
3751
-863
239
-3388
-6053
-1239
-7296
-2889
1735
821
-8234
4012
541
9832
9932
3126
585
-6294
-8327
1692
-4062
-4694
-2308
6405
3808
6812
-1423
-293
1530
-981
1103
-8789
2148
-5257
3671
-2754
1069
1996
5475
4756
9939
3398
-3986
2619
-6862
-2399
5929
1386
-5273
-6158
-6859
-1524
-2997
-7559
-4927
-2008
8727
8595
-841
-2565
2005
1393
-6787
-3330
1167
-9418
6904
2283
6632
-280
-3408
7567
-4388
9425
7588
-1236
3664
7759
7704
338
2197
-805
-3466
-6013
-1415
-6448
2943
5568
918
-6389
1094
-8956
-4522
-3518
5473
-9076
-9259
1146
-355
1119
561
6262
3115
4735
5712
4442
6725
-5542
0
-4563
254
9986
7259
-8814
7514
-7544
1711
7590
-5174
7808
4831
8759
-5569
-3977
8753
-2761
330
8996
-6891
-3099
1429
-9129
-1829
-5837
-6496
5890
-4018
9064
-4709
4123
4599
9353
859
5251
-7445
-7710
6338
5844
8596
1156
-9146
3865
3786
-1156
7796
6335
-8108
8629
-335
-3597
8393
6203
9324
-5402
-2979
-5548
-1147
5492
7527
7376
4546
673
3712
-67
-1775
8844
-9500
-7883
-3753
3988
-4227
2817
3174
1727
8508
-7989
5830
3362
6931
-9159
9438
-6083
650
5989
9027
3469
398
8596
5753
-7092
-6676
-5110
-708
9354
-752
3473
7379
5020
505
-1255
3338
2440
-8245
-1169
5213
-1845
-3498
1184
8291
-7386
-8542
124
1196
-2906
5747
3158
4135
2406
1917
-4112
9896
4972
5718
-6825
-3170
-3309
7814
-7142
-643
7800
-5260
-2484
-4065
-9520
2406
-4903
-5923
7647
-2223
6662
4209
-29
-2697
-5624
9143
4880
1117
-720
-4381
-7340
8350
9791
-7780
5684
9150
1413
9893
5695
9697
-5392
-3534
1909
-7603
-5480
3405
-9226
-4234
6942
-556
3517
-8147
-6590
4686
-9105
-9683
7127
2041
-6222
-3327
-7038
-9140
-6866
1521
-2645
-616
-1743
2798
-5297
2453
2136
-2470
-6369
-3944
-9623
-7375
-2485
7256
-3769
8962
-8814
87
7795
-2918
-9376
-6719
5277
-7666
2692
5142
-7937
-3923
6364
9043
1069
-4898
2406
-896
-4247
-5499
8649
7865
-91
-1438
7401
-5300
5497
-4052
6924
5174
-1551
8143
7040
-2791
2477
2051
2434
-6937
4302
4433
-1445
-8183
-7785
-1491
3679
8496
-2157
-7817
6556
3227
-73
-212
362
1773
90
2616
-4841
6616
9424
7413
2246
-9737
-878
-2162
3654
5525
-6191
-5681
6704
1226
-3594
5671
-1807
-6294
-1430
4424
-5800
9761
-6529
1216
-4864
9214
6268
9966
212
-5974
-3341
-8856
6715
-3967
-5047
-1906
-8846
4816
6715
-5616
-607
-5382
9607
-9955
-2995
6146
-3239
1664
3198
