-2837
-9413
-581
-6400
-1775
-4704
6154
5817
3064
-1122
2896
-3770
-6434
8315
1963
-5182
6707
1768
-878
-5833
4950
1927
9215
6084
5474
1354
6257
8842
8185
2317
2626
-4818
-3305
-8682
9470
1204
3891
2278
-8117
-6094
-9923
9920
-7579
-1106
8074
5037
-9582
9401
7181
2601
1295
-5343
9193
-487
3017
575
3232
5691
-2985
7387
-2537
724
194
4768
-6464
-2864
6444
1747
7495
-3133
-620
-9472
-5040
6650
9468
-2879
-2061
-1053
7460
6436
-7649
9077
-6787
-9275
9309
564
5721
8502
-6963
8162
1733
-869
5630
3923
1719
-523
7319
-6517
3929
-5209
-2340
5861
-6164
6726
5799
-6099
510
6945
-230
413
589
9334
-6771
609
-7186
6856
-3034
-7970
-5746
9685
-9654
-9861
326
-5559
409
-822
-7796
1254
-2908
-9958
3984
4489
6805
-273
4791
3930
9067
-8551
3483
8876
-5701
2648
7906
6407
3926
-5665
-258
3781
6439
3936
-7952
-4004
416
6684
-6749
-16
-3984
3787
-4151
-4971
-8338
200
1588
-9695
3715
6939
-6849
-8167
3809
3668
8664
-4168
5733
3457
6633
6934
-3494
-6839
-1394
8525
-9771
-6280
-9035
3567
-8019
-4442
968
-6765
-6040
-9152
3086
-6759
6986
-9188
5108
-9868
-9000
-96
2112
-1871
-8783
5237
5194
-8934
-5621
5394
3121
5111
1795
-8621
-4755
9864
258
5829
-5623
-1363
-8672
5949
4242
1692
-745
-7898
-8891
5746
-8045
-4846
-7023
-9163
4903
8901
-3915
-6268
2446
-223
-7426
3048
8175
2154
963
8308
-3218
-8725
3908
8009
6364
5813
7616
6713
7230
-3227
7050
1322
9157
1767
3327
-3834
-7970
6248
1336
4507
-9184
-5666
-3361
-2127
-9005
-1803
-6658
3375
-9908
6956
-5236
-6440
16
-9846
3164
5561
145
2445
4610
-8292
2644
7466
6848
-2619
3247
2913
923
417
8092
-1421
4017
-5999
869
-7431
-4288
-4644
-7506
-4886
33
7619
44
-9291
4716
-9607
-9376
8868
-4764
-1087
4333
-4430
-6722
9478
1070
-131
689
3680
2299
-5463
2935
37
971
1564
6300
-9631
7511
-1413
-3932
8490
-4047
-4238
3025
-6019
4528
-9052
-2626
6921
-9281
4488
-7851
5951
-1408
-7276
-8370
-314
4374
-7853
905
-4048
5740
5547
2357
8648
3543
7262
-801
1431
-567
-2871
-4710
8519
5237
-6702
-9412
-6337
8977
7063
1158
1530
-8326
4609
5925
6734
8096
-1905
-5662
3307
-1263
9219
-5529
7531
-3881
-6843
-2656
9700
874
8298
394
7379
-4633
-5914
-3542
-3773
-3071
-2687
7577
8626
-6714
-7409
-1979
-1988
5372
-7232
4924
2176
5592
-5428
-7818
3903
-1251
1176
7906
-1179
-7692
-6617
-3336
5439
5841
6525
4494
5047
-7987
3989
2458
-6764
711
-6248
7727
5369
-3065
-8643
-2810
-1278
-2266
1418
2308
3042
2964
6555
-4903
6721
-5884
-6730
-5136
6948
-5047
-7752
8187
-7392
-3665
104
3331
-1832
7309
292
-9973
4429
5025
-5762
-4964
5706
6519
-7793
373
-2527
-7362
4220
787
-6865
4500
3038
-151
-5697
-2
-5701
6354
-290
5604
6335
-4803
-3284
-382
-6917
-1481
579
4932
-6485
-217
-7609
-8893
7218
7368
-9117
-7524
-8286
6529
890
5088
9281
-5311
2844
3712
-7507
-4822
-484
-2529
965
266
-8409
-1151
5970
6209
-5920
-8896
1257
4495
2630
8229
8487
9711
9256
9152
-4952
2995
343
-3010
-3068
-791
8380
-1058
-4891
-9319
369
9684
-2066
-6505
3030
5489
-2110
-3992
-1475
-2542
671
9902
-3735
-5125
5996
-3170
-6135
2037
-7013
7000
-886
-6794
-8875
1304
2845
1264
3207
4052
-6823
-5599
4954
-939
6933
-5681
-3932
5349
5171
1436
2304
8062
-1138
8859
6089
-6574
-4499
-5535
-7340
-8804
-4366
-9169
3159
5227
2413
3537
-3324
-4954
-9362
-7836
2670
5789
-9632
3007
5873
4149
9862
-7948
-9164
-8526
-818
-1020
7149
2191
-5980
-4597
9536
7703
-6508
5757
9768
5653
8066
323
-1252
1124
-1302
4326
-419
-2525
7264
-9435
-4212
2196
4099
-8673
3659
8599
6723
-7242
2134
4827
234
-6808
429
-802
1631
9426
227
7788
3265
-506
-7809
-8693
-6018
-7355
-329
8509
-8983
-854
-44
-9177
9936
-8045
4838
4216
6926
-1391
-2875
8805
3673
-7004
8890
2677
6622
-7947
-305
-4048
-7076
-3039
-3395
108
1743
864
2195
-5741
-4407
-183
68
-3766
-8949
3505
9155
-6511
7702
6178
112
6215
-7902
6621
-4921
-8192
-970
-7978
-40
9630
-9467
5243
6051
2141
1443
-9792
3319
-4417
4030
-9396
-9325
7313
1364
2163
8634
-4835
-1305
-8650
-9278
-3747
9953
9172
-9604
3371
5386
5429
-2069
6594
6807
-9971
5085
8306
2393
1572
4625
9741
-7941
-837
4138
9663
-9391
-1320
-9609
-780
-7855
-8615
4760
7041
303
6820
594
-9723
8802
-3963
-264
586
6697
8431
-4883
3489
7791
7424
5371
5916
-5908
-9894
-3164
-8987
-5618
-9303
9880
1895
-7746
-8187
2548
-3890
3773
-922
-8161
-8797
-1741
7554
6846
7157
7646
-2768
-1102
4728
5831
3092
-3413
-9770
-6717
-1790
1543
763
1894
-8737
9956
4792
9836
-7951
-1769
8861
-1146
-6611
2086
-5064
7920
4419
-6386
4255
-9567
8383
-5108
8603
-8165
8179
9716
8954
8523
9
5891
-7692
2223
-4680
-2374
-488
-5456
2219
-2527
-6463
6361
8579
-3092
5194
-3511
5623
1100
1264
2687
4011
-6338
-3322
2121
-1692
994
1165
9282
6265
-7724
3047
-8739
-4712
7314
-3912
291
-1785
5425
3638
-1792
6415
-5944
1901
-985
-2670
5910
9424
-431
-967
-3638
7075
3534
6787
2090
-4885
3972
2666
-9893
-6979
3071
-5439
-1954
-4680
3015
-9547
5068
-7740
2702
1613
4256
9328
8513
8973
-6104
-9871
6412
-8706
-5434
1401
-4059
621
-7895
5104
6279
9571
-7242
9224
187
-3634
-2050
-4562
8582
3732
6766
-9364
3043
4366
-6152
-4918
-2909
183
3428
5404
-8631
-6646
5318
9534
4373
5449
3821
-4360
8630
-3663
-5484
-9220
-5967
454
3993
-8198
6155
-8766
-6424
6012
7746
2066
-5787
-5141
-7110
4722
4248
2645
3754
-7479
2876
-6564
-1822
8159
-9975
-3157
1844
7552
-4640
4226
2314
1221
8013
-8072
-8232
174
-7017
-6002
4166
3222
1360
-5882
5200
6557
5340
6352
-2936
-525
976
3857
-7370
2558
9773
1297
7558
8216
447
-8516
8426
-5968
5366
5846
4647
2666
-6657
-3369
-6354
-8812
-3661
8399
3882
5940
2244
8883
7159
2572
3093
-3562
-8816
-6953
-3874
-6335
-5061
-2771
-5404
6676
-8187
6842
1721
9701
3761
6900
350
8992
2622
-1806
3988
9631
9005
-2915
6121
7515
5205
3847
1218
7152
-6656
-7152
9302
-9364
8235
7478
9524
7038
-5997
-5194
3047
1502
596
-8377
3932
-3871
8146
5870
3973
-5161
-6957
-5415
-2667
-6652
1682
6278
-5467
-381
-7976
318
1213
2137
-5992
3551
3363
-3288
-2906
5572
-848
4998
1652
2113
6200
6467
8301
-6994
7232
4463
5348
-452
4677
-5896
5462
4230
-9756
8031
2102
-7630
-3187
9123
-5395
-9197
9377
-9634
8122
4270
5332
-2796
-1222
-481
7718
-7706
2599
1853
4988
3289
5752
1955
-6318
-1747
-9695
-3527
-2144
-1309
-5607
-766
7402
3795
4434
100
9919
2422
9747
645
-273
-7671
6139
7142
-796
-8095
2803
3398
-4167
-2973
2365
-8663
-2732
-1005
-2798
3579
7749
3037
-9396
8248
8773
8449
775
-4442
8790
1618
-6283
4342
8647
-2661
-8024
-1880
-3204
-9925
7047
587
3722
45
-1678
611
2554
6554
-8414
6449
958
9306
-8473
-7537
6190
7502
8485
4248
6120
9895
-6627
-4552
2061
3406
2237
1762
-2214
8338
-2876
-8572
4464
6477
2249
-9055
-9415
-9657
6670
-6635
-4706
-1615
-3942
16
-9538
-1211
9935
6626
-8988
-4128
1245
7601
-4400
3993
5055
9819
4650
-4331
353
-6029
7252
997
3565
9859
-3500
-4740
-1386
-2537
-8987
-8347
-4797
-5244
-9471
-9933
-6131
6587
-4470
3344
7500
-3407
-9250
-4883
8205
5090
7062
9935
4537
-8807
8135
1623
-987
-6914
2531
-8341
9368
8911
4946
-1351
2917
5957
8263
910
-3287
3172
-6962
-7947
7194
9994
-2406
-6233
-1829
-5279
1775
6041
-3816
-8414
9131
-9325
-6461
3445
-1889
7143
-5765
6303
1273
7061
-1135
9002
-6316
4746
6454
391
1638
4042
-887
996
-2342
1432
-4887
-9340
-7272
-3833
7529
9653
7392
-5908
-768
-2999
-2771
-1934
-1392
2684
1422
5206
2166
6064
-211
-7027
5716
3821
8596
-3446
-3820
2354
5275
9452
-2037
662
-2812
-8008
1979
2914
8791
6051
971
4339
-5220
-6791
9715
-8419
8489
-2711
7652
9542
6547
-1513
-3851
-6151
6744
7493
-8484
-7109
-7656
572
3053
-4879
9693
-3566
-8708
-1090
6136
1728
8271
-2876
1230
364
-1436
4547
-4836
7949
822
-2693
1686
6908
7043
-3799
1489
7559
-1842
4759
3272
782
-4848
-400
-9077
8126
4508
2669
7073
-4853
-553
-8370
7863
8843
-5872
-2782
-1832
7578
7108
-3564
3155
8343
-6822
1968
9724
-9417
-8108
-9694
5622
-1328
-2530
3724
6271
-2932
9709
-1069
-4761
6571
-3871
-155
9347
2807
1415
-7764
-6986
2400
7944
1467
7562
9648
9421
-9595
-9755
2264
-4292
-9439
-782
4310
8293
8326
5884
7234
8325
-7767
7438
-9557
2870
9031
-4611
1382
-8628
4550
6931
-3036
-640
9160
-2768
-5539
-4440
-909
-8669
9982
9346
7976
-6809
1722
3236
-3163
-9824
7133
-498
7037
-1873
8472
-9935
4407
-585
5046
9847
-7905
-6279
-3776
-8702
5609
-9042
1741
-340
8945
4029
7082
6625
-7672
-5329
8279
4904
5822
9003
-7414
-1084
-4092
2499
6935
-1344
5893
-9774
7406
5551
9798
1611
897
6248
-1478
-1657
4586
5196
2886
6700
-5800
-4366
9339
7648
-9697
1117
-8003
739
5399
9968
-5707
-5007
2495
9203
-3435
9976
6744
5167
2422
-8547
7765
6190
5547
5515
9383
8558
-2871
8500
-925
-8589
9706
-3469
-7282
-950
-6801
-4803
-8182
9196
9777
-1511
-9915
3885
-6798
-4045
7027
-1708
-4168
-3943
-5745
-8997
6758
867
8693
-5502
1741
6021
5473
-7924
-5537
-630
5286
4011
932
1006
1461
-6932
9739
7652
7174
2830
9619
-2456
44
-3645
-5805
4018
-3066
4183
2928
-1108
-8373
-6116
3847
-8351
-1991
-3740
-8098
-6153
-4445
-1307
9914
2501
-380
-5151
5176
-7025
9526
8941
9850
8850
-7521
-1974
1350
-373
-2621
-9450
7527
9333
-5325
9626
-8521
8950
3174
5606
-5700
3541
-3176
-6989
-2609
-1311
-3777
-9660
9433
5312
3048
364
-1625
-2490
-5146
859
1642
-9449
-4032
-6485
-89
-6795
7180
-3003
3601
6370
707
7223
5459
175
-8762
9925
2347
-9939
-484
1908
-6837
9183
4894
-4782
-8081
-2850
-3893
4292
-8578
2276
-6194
6865
9023
-7803
7093
3918
-3301
-2930
-3136
-6936
-5401
6685
-1809
6630
-4954
5551
-8854
-5499
7612
5565
1637
-3113
-1275
2113
3076
-2887
3006
-3817
-7601
6718
-8119
2546
-6773
3987
-2626
239
2153
4885
5330
-7997
-7526
8218
9866
5888
-6916
-2992
-6588
786
-3435
9096
7602
-8543
2671
9383
