57481
68744
39137
88383
65548
60915
98239
55642
81508
29052
80325
47108
26010
79538
12271
51422
43145
47155
5526
26599
22565
89792
10843
53526
95774
86415
50707
90539
57675
65996
50855
27681
5554
14538
61352
78130
84113
42593
19608
38443
74171
7150
72548
81974
30430
55267
36893
60836
22906
1309
43225
30914
56247
63643
34809
99031
9408
2107
71207
64032
56359
88152
90718
48721
10873
87210
87250
90605
82778
19404
91415
99932
58191
55673
19121
11849
45620
40636
84671
20658
11694
6482
171
74979
6954
6755
90228
96800
51414
78173
20750
14794
6300
66376
50274
89268
57910
76968
80747
19539
56812
45021
38626
26152
19447
10249
67925
73990
79621
28235
24108
90720
16463
53487
16899
57686
82370
20833
37044
43704
55253
34795
86670
36663
42444
26752
5398
62580
46223
99627
9817
35680
72118
74613
99927
90757
60220
73260
55455
60346
3130
10731
39693
14813
51285
57319
35578
75016
70241
59858
46064
95049
15747
30680
11498
56027
57733
15923
31636
58186
85418
61551
75674
89167
60888
62287
34837
8702
98905
75451
9245
96241
38091
11318
91282
69873
75229
20906
82461
20757
65054
31371
40801
58073
29811
56228
37187
51410
28149
34785
27582
6246
55723
54576
87415
20571
94019
5958
67790
23259
47793
44576
89962
15566
82630
71325
53050
57637
42089
80010
29541
61060
57401
54644
33919
17931
45962
47112
15491
68478
17784
59238
36976
34285
47777
52222
57780
95292
81292
93983
86657
83306
10536
37855
23428
5884
56267
72987
4903
51389
78112
741
14367
44021
24117
40360
91689
88829
22
21870
47669
45507
18850
23956
20102
35845
70396
74896
51296
51357
14118
66514
68400
30961
35778
5010
32202
64819
24890
10076
39914
91287
5962
99693
93671
29634
98640
96710
66834
15094
17812
80528
18041
5832
86972
86230
66277
87
72102
62600
43809
81876
13283
15695
34009
5404
81684
13621
48102
88654
569
80890
57754
38465
10256
4085
7177
58800
55014
24872
31089
65268
37964
48322
44654
18671
67358
75268
49026
46047
91985
15446
22985
60874
36260
14368
61053
44337
76087
23950
36260
85551
53698
29637
35294
76303
54670
53145
9306
257
5576
6206
59941
62562
21917
44449
15335
73515
87339
1301
85508
42638
99920
18445
69004
98597
60229
17387
14181
79399
38468
35989
14406
74105
56297
20715
76655
97012
40659
68477
98282
52269
40715
44035
67154
11995
31349
74280
21324
93936
3702
83968
28548
64883
64629
14010
62210
6422
41264
95868
94476
43358
80141
43345
11665
2640
69340
7052
39717
1934
40553
43866
19269
7982
93512
85907
62567
56883
50680
10627
15949
80249
84508
94621
87372
41729
49449
27852
48633
85143
751
31119
28012
32164
90016
51210
61107
70614
97923
92660
9320
76684
33697
47862
2075
56911
48141
9013
99696
79245
68943
38763
67463
41382
35326
38395
57242
85595
8821
22331
85402
38038
45444
17733
11246
16196
78692
25006
75771
81125
49974
32991
5777
83472
6210
14827
5270
83215
23591
88399
8035
599
52164
1095
35354
99351
69555
20903
65950
70533
94485
3785
98086
39971
87421
93419
3822
66233
5142
89963
92225
11649
17413
23122
94689
44502
25631
90464
67715
62091
44482
36335
14788
5952
34045
28124
57743
6815
77568
6277
86772
6082
97979
54580
38857
57613
47973
78835
93421
42076
91592
23072
62889
43155
72294
15023
14202
75674
56431
99402
84167
11291
29941
69581
6294
87946
95162
66469
59120
12743
50166
47331
39722
12410
9968
31856
87461
28675
84095
87887
89154
45110
62113
43650
77481
49887
48025
27528
28519
43133
42667
71827
13101
45414
41631
61969
49008
21562
64811
59672
22955
82722
85067
40703
70637
51113
65568
40894
95850
60331
84369
17114
2764
53924
49717
6740
5982
96902
83401
28365
53371
68584
74922
51258
3855
51744
51759
67271
71990
29208
54103
65565
71649
25956
29311
48462
48175
2951
4228
57259
4217
49150
95234
49631
12136
65507
20257
35878
76299
51905
76761
80486
59083
80034
64231
28012
21529
91268
95625
19073
82806
12735
67517
2960
45828
18723
62855
59268
44954
5187
89559
31740
4908
2077
15257
73171
87393
43644
99651
56930
59694
27107
69475
50014
4275
94202
53278
98966
88822
43309
94409
28818
6804
38337
2984
59884
78958
42338
42043
27487
27755
88435
68061
24792
54336
58580
52367
64023
14046
79743
53509
94739
69401
10839
42351
67497
46473
2263
4938
76167
755
31902
31573
79843
24764
79629
44829
53922
3222
62598
70396
73309
91193
50849
933
58820
1736
94204
67318
65778
609
80991
17362
78103
39890
96319
85044
78586
1283
23298
39976
86305
14790
84599
55717
87565
26553
59861
58566
32084
66950
98243
32196
10105
54511
80718
42934
53944
53619
12170
52038
75376
92308
65343
85746
24859
65286
59039
68940
76198
8092
57913
78794
33295
60457
84005
20138
73420
94740
25197
83664
10716
55735
77145
71629
80255
3398
4587
89148
5924
58699
40103
33797
33324
664
52763
11919
37368
45246
34549
59527
89731
11436
55555
60967
29321
64053
3634
15021
84
80137
51374
18834
39931
53323
64221
76598
61366
68480
72287
81796
68439
83899
68362
63211
4903
95209
46420
2225
14368
57113
10759
68082
30662
20534
41557
44200
42655
28935
12116
94694
58776
71800
7172
64301
29869
6174
67192
49153
27582
40153
80801
15892
14108
76856
73574
69721
21121
93719
61477
56488
50781
4955
85228
90500
85490
6127
79146
19147
56633
18565
33730
21465
95464
18616
54026
59435
65049
22173
47663
77863
55696
27333
84897
70068
41823
97162
54825
19707
96288
61735
10950
49337
34656
49834
90960
75689
52200
1148
51045
74149
41714
29246
47683
16167
10773
37943
79231
18327
34708
48554
58921
91280
80586
19224
81805
90828
92494
86299
3921
67117
95704
23546
73139
95837
76835
22839
61432
76794
375
33294
34985
65411
76424
64278
53260
64548
3927
91036
45166
28815
47861
43389
23403
4195
63585
6609
77874
84219
49303
89912
59047
55691
44640
70019
62789
21246
99849
58696
86443
52407
86278
19807
5011
92854
99326
93327
14267
55460
19829
12229
68168
89701
6122
15076
22312
7122
870
68845
72963
98401
33220
80617
24371
47240
83470
43649
28887
81601
96029
51722
56186
5329
32980
49775
32308
87388
36742
86603
87357
7600
24531
87286
33769
3131
58520
38031
61052
67763
67624
22325
68487
42571
43571
52782
92481
59831
40615
81172
9519
42198
30429
46660
68041
29624
36239
3427
72178
77836
32626
97739
53383
95651
76528
58090
87148
39166
23046
8133
34505
57112
12321
8323
84107
86118
16092
69424
79851
61584
25928
82967
51081
26935
6910
39376
23339
62916
3741
75855
81027
78443
79533
21836
33096
67360
56547
61422
68449
45153
33547
54628
57873
38430
42012
5416
63904
8728
75989
11951
11545
95166
23880
73673
42097
84417
99690
72682
2129
80156
8604
99846
17338
36818
45445
65890
69050
21368
93551
42191
34591
70487
3020
70960
29353
74142
23137
79474
16068
45719
24167
34735
17942
60514
44562
67035
26363
23918
19605
76104
8528
66199
16416
24770
95409
49221
81720
89815
72458
36387
48414
60673
3224
29367
90253
65219
53261
76727
79557
77162
21189
85506
89036
24834
68087
67982
74138
71794
24125
5953
26604
87769
5858
3004
59427
36800
80844
63008
79489
71014
75157
16451
55078
90514
9221
82804
55066
14754
98457
10967
48350
60461
2825
36717
8413
66528
37041
82933
65141
35855
23405
60292
20784
78063
95686
56259
74098
2357
63901
9543
95722
49287
54277
60683
97495
52720
31857
65610
90559
1327
52891
27216
2387
29319
35760
36936
89092
99951
3996
79273
2704
67194
36141
29559
27521
36718
31296
59610
33590
29905
57915
37675
94375
14522
86337
4177
35907
21002
39635
27615
7650
40725
13617
3689
53070
78814
51967
12359
95747
89739
22695
16670
41726
65511
4796
85342
44844
605
59300
60915
1715
91460
60745
49280
83584
16482
34122
62936
9069
15041
18170
82125
46442
39087
44857
96935
47743
67705
58937
9082
70809
45168
96366
30833
571
26293
30469
92850
13626
36181
47817
48877
52263
90611
55905
60654
9363
5555
96291
39941
90966
6688
81360
80152
20128
78244
71961
43915
17568
53992
89833
66418
18162
82479
62098
33435
84699
25773
28316
45131
12533
63387
53807
62681
64536
55433
21953
57509
44324
50240
72656
81046
30312
99196
75454
21304
82296
74245
55496
41684
95797
64966
83818
2472
20061
80345
80882
85412
22474
22869
78116
12769
52367
43900
85079
18304
31431
62701
51275
63025
83705
78850
47380
94924
98318
28886
40273
22415
74375
29944
89568
39174
25512
42172
49346
13817
44548
82544
8706
8615
2314
45135
5272
64373
2354
73719
99838
91156
9926
46432
64212
67240
10084
38895
73625
8768
2917
55428
17101
39349
79715
70364
18474
60250
16428
34088
75474
13069
50226
71362
37807
44539
21388
95683
35094
51860
74743
8012
73090
69776
37922
84143
22947
34733
65830
772
15433
11110
42956
11281
58371
53701
68106
61062
60776
60355
11952
70364
4187
637
4252
98797
53390
88009
536
4132
35355
21306
77871
72080
22475
51470
68267
65587
81455
26183
76360
55625
66116
9395
42581
93268
64888
84912
37465
506
12125
11418
47092
80948
54541
98391
50915
80131
97618
66774
2552
14414
93398
71404
72810
29831
97425
76881
26641
49763
85202
46757
19569
17332
8294
37025
18927
53028
9953
30878
85328
28600
80254
91683
3843
53351
1918
85338
68153
63321
19283
43903
62622
32027
60157
81115
10538
91830
45633
45648
69650
38254
96561
42515
56049
58891
21983
33082
64914
77284
98312
22678
79538
24638
84214
55651
42128
90939
92591
29455
13636
47419
20457
16752
23820
96191
41890
73923
16298
60006
15457
91336
20186
5625
44880
79844
96324
25612
98530
86826
90712
48895
44250
4727
92687
29953
76717
13182
23392
86548
81285
98197
63903
1926
99552
50607
37
37029
25753
71431
33107
73639
90433
32508
47099
79854
77384
13613
88856
79902
87945
91731
72116
46106
18371
8217
93171
52525
73914
70412
53890
59973
74512
89854
66316
71752
51433
53796
96647
40861
77417
40627
25187
68520
78246
10123
27647
94659
82293
15863
6449
67156
15687
29631
30246
58673
15047
63243
74662
72402
61282
87840
9268
70012
93188
79964
1918
85038
90285
20438
22446
16141
37685
2509
62645
9174
57024
32699
77264
50630
90976
91581
75716
14344
98184
23760
74104
11474
36187
92503
10955
15512
24001
51480
98648
67171
97928
42663
71427
62723
46613
39980
33219
14580
12225
79737
23955
31655
57945
46483
25579
11298
55176
36754
40125
22828
47895
66578
85746
15160
64727
18812
43326
78581
47428
76621
36617
42804
92486
86008
41357
85972
45458
72207
14762
52981
4175
8366
73239
49563
80023
58132
22028
29444
62475
58527
69465
17517
36847
7967
20888
24176
71556
60648
57299
98957
96972
49447
9860
10830
18826
55126
47700
44328
96063
96785
45299
491
45871
20842
20122
92238
29722
55688
74935
76190
92015
2533
38865
57789
23619
85095
96785
97380
87218
54939
3658
63662
95810
68043
11721
43169
34429
52474
22339
14955
6102
85298
80968
44097
11667
66155
15203
32301
64532
45940
23125
13274
29521
74798
26799
51501
44606
29934
92698
73098
42635
98583
66639
97094
81033
54047
23512
48642
2065
64611
98379
55421
75575
72579
79803
51549
58497
15163
4592
15782
8636
97051
47294
61236
27388
56619
42184
86
14676
75050
7827
71304
56242
77063
34784
75935
52485
15336
56325
54480
29407
67811
99000
17508
67096
67380
32453
8092
24864
83688
13286
75391
67364
62376
94661
30222
45014
15024
24689
30596
13911
14338
99027
52573
71456
59368
2531
56536
45600
36102
50940
15231
40147
82880
51145
17451
57893
88719
5760
91152
3954
40236
91935
40534
35246
45927
99905
92289
12338
74939
51794
85114
71753
74072
43593
92230
60344
52686
75936
46783
33891
71321
58846
20505
37655
22081
69773
41568
32753
62485
59697
96233
56863
87313
5710
3026
85943
82279
28474
16728
49327
73440
22671
79036
10095
42637
87459
88413
62226
10798
20940
87241
99681
45848
21110
78207
50521
10196
37487
50581
2953
59958
49860
66490
47054
85257
15828
1351
13906
15448
26147
14132
80232
39751
57335
76024
25179
91195
56387
14352
6124
20154
5713
90436
78751
4075
22092
74744
78383
49538
4828
1918
2996
21403
33334
42785
36416
79148
76801
77801
38975
72511
92475
62220
86547
54310
70743
57506
26042
52885
59515
92460
94295
88118
73429
15160
6960
14131
43566
51125
37620
12489
73519
3892
61739
68280
55391
88671
70304
9119
20695
62519
71480
42927
5632
89593
40309
43141
5427
16771
94682
79224
3423
93584
35372
71508
27408
78993
89753
46639
24349
3652
86378
794
57462
2451
80981
13198
77692
97151
25005
58247
51807
63847
99591
66953
97136
13121
17512
43034
8253
52154
84443
35556
28967
42775
13578
18905
23234
15056
75580
11746
14651
29401
74136
12637
70897
22354
92901
32188
86506
69915
32885
97286
29085
23903
23483
88974
452
11868
94178
12903
99000
81289
30558
83715
98731
58316
357
57734
64333
84528
82024
91732
85625
22407
27442
9020
57759
59945
18404
27089
45930
24923
16231
54383
95431
30563
41170
94868
70660
22987
9294
36127
19216
70241
68167
59695
72830
61914
71729
90864
12351
45849
15068
84167
40565
1580
97655
57173
95381
84180
61397
75829
23822
83162
8911
49137
44875
5694
30198
80375
42955
49555
27996
66478
9727
88510
50986
78947
33934
53530
55483
40681
29147
37536
81391
69027
36517
28766
87984
99651
56281
67772
97477
34134
65261
40409
34182
5341
71298
1797
59531
49378
10499
57326
20081
17082
95329
2900
91862
2671
74028
76062
76896
70822
3008
38048
14910
26183
1143
54366
13961
48781
45365
42592
24292
18936
51841
84447
892
8770
5196
11988
17818
86422
13136
73852
11160
84680
88479
38857
34523
91543
64198
93886
65937
76980
93704
33507
1982
72144
26333
24153
79221
38868
66687
45313
62121
35637
68412
27191
40595
22195
45187
88328
88902
5044
57112
79883
22729
21398
9733
75395
35051
11605
4420
51655
38968
45955
92386
10302
99233
98212
96649
79244
89305
11871
34566
22998
80519
66178
34403
59973
79343
64953
84643
38589
47513
66043
11340
12423
50820
56299
57665
39095
54964
34203
14309
18425
38057
93342
52947
54123
41372
61684
73744
63722
36462
7521
23726
54303
62177
41206
71447
14265
35474
92968
19287
53002
28808
49604
99814
74868
14989
86417
39356
22682
53832
90974
94602
64359
26668
17073
64752
89248
4403
67608
934
75769
92341
6291
70028
51571
24830
53025
93197
47859
50689
16135
6063
95434
15203
91153
22692
83584
18157
23074
80642
20673
82887
59375
38753
30683
28421
4806
61589
22204
85984
27449
36925
59659
72763
81302
75458
14361
57252
61923
63593
83893
48417
48727
88621
36270
74690
69499
74101
59718
3906
8533
76223
58775
32574
23241
58708
26965
51912
49102
99618
91274
14897
19192
94537
49377
6418
2956
66913
52953
69453
76768
98217
79896
28201
42150
49650
40794
56117
35988
29008
6404
29049
83045
23153
70093
52815
85432
73561
9987
68422
6552
26585
83763
6476
55154
10436
5470
14590
9612
76916
37884
29690
86997
60001
4601
33228
94665
29182
40825
29337
55070
71112
40689
85465
16784
98132
23942
70900
69865
43087
83342
56496
28198
76674
62376
85605
90227
61048
25719
24768
60993
77104
67693
59150
25258
14880
41803
91327
71844
47023
14464
90093
8711
8952
69181
81854
90672
80623
73794
96983
41919
43351
76450
52153
28886
65660
90174
69349
72767
67966
51880
4638
69715
54358
82072
62503
39236
68152
12357
4084
22959
36233
95347
5631
85544
10189
11750
10857
68207
49058
86502
29289
35598
91305
30262
24393
43570
50251
69565
36549
83344
96379
56316
44991
7679
60432
17254
14283
96326
14702
39163
39429
98641
11637
83892
11905
92172
5622
67110
33718
62769
24364
17322
53777
56506
10038
13701
41121
83721
34418
73854
58662
10543
52145
92181
23146
13997
77581
34907
48834
68662
86320
85544
18097
14639
54922
64197
86034
62046
17628
74485
9378
56095
65590
61851
56570
18184
31943
35731
32313
45287
70622
77396
64015
85867
71244
93768
98446
90013
91942
66665
96561
28766
44752
34607
28509
37689
98238
5679
96733
50497
32015
47600
55945
59725
18078
27481
72434
19530
64263
52397
33827
13749
18824
42605
85584
24753
35589
58314
81472
19032
98324
60636
30562
38190
69297
39786
21668
30518
99593
99512
20277
4935
26674
16195
95373
83917
66394
43003
62149
75132
57876
68512
16261
24275
11064
54837
31761
50750
63605
46370
76347
4849
14068
48425
11056
28709
64576
83143
41775
98485
37911
82614
91182
77249
86437
18912
42838
98812
41999
59642
60631
20516
58495
68574
40472
47517
11884
90679
30325
59509
31053
86768
38745
82714
79443
76050
47956
93328
42217
95378
8261
66606
44367
71878
24526
88326
48412
68059
37029
83759
56078
90138
29465
70437
94195
26196
23154
84364
82589
47532
91817
81153
20161
60497
15790
81946
35286
92100
92281
25647
57642
92627
26540
39564
22770
47485
20230
35566
76491
37014
15518
98612
33804
31571
74996
98011
76195
85232
43009
92222
87139
84395
21887
46813
60103
47619
4990
34349
71790
45884
13311
24703
67639
1124
66688
48718
85814
98343
83861
83580
94800
69844
40254
58958
76203
28817
11966
56632
3344
20534
25283
88411
67835
31683
41218
9683
48905
52909
56749
57875
21224
50560
56746
69728
24478
3475
19392
5377
63863
58777
53885
89491
14991
31218
32868
75681
19035
13587
45853
99508
61680
20241
67848
67341
15113
16392
52374
51327
51785
44732
98149
73674
74888
54845
15020
15988
78589
7558
1469
73504
55384
14092
17351
17944
41144
92312
31564
28366
67400
63786
20684
76263
13337
75484
43764
34769
84978
26275
90511
43665
74830
21219
5929
78092
85702
23850
70330
99874
75887
45078
28209
46035
21585
67268
72097
82913
24685
41297
18958
45265
83629
44613
83310
15090
50557
20477
61445
79202
77733
88362
5930
29821
14297
60389
74987
93619
67228
88075
55038
44375
35420
53776
22460
7651
14359
86897
61357
4233
42554
60799
86935
69165
94742
40895
94241
82487
59826
20980
71380
49564
96351
61440
17281
67789
34689
77477
28649
74289
55536
36421
2499
53237
62008
26023
69824
32650
44392
30777
76797
86841
80950
82308
57018
9268
93256
90465
43709
30643
58947
60039
14144
51949
92801
91063
33535
84214
55147
90665
11676
56596
2126
55070
362
49202
66194
18458
80569
61032
10556
29948
86487
42921
99866
13606
39617
20490
51025
77843
69421
60749
15347
26107
67498
51911
93543
23
47075
63301
20517
57596
17710
14151
7848
59405
98904
17706
48739
57636
40651
57235
86585
89738
50171
36750
55486
64752
27564
56778
91851
76505
95269
75606
22297
65604
35502
53685
76048
73153
85980
59262
62853
98875
88849
59872
52764
26490
21650
11141
45455
81143
32623
83871
46739
6365
24058
83308
17080
44678
39207
77516
29360
76656
21470
26893
4986
81096
89913
93178
80917
69168
30054
94473
60835
44326
18829
39756
34251
55343
83629
63749
4144
27290
70122
8882
91582
56784
31609
90837
43566
78832
30617
90350
38678
94644
70631
25348
96604
85881
69934
46334
884
71647
67002
5058
31347
78739
12041
22461
86833
30473
2051
88494
48998
22660
34954
43784
17957
53641
88085
12718
8629
97941
13227
13951
71293
31062
80619
32973
73882
87863
46592
98829
84500
36632
3313
95944
76126
23015
46819
95666
94245
2887
12502
81499
21255
38761
65813
15070
91983
29517
61323
15609
24456
88810
66696
64817
94163
64435
42431
15945
10511
85921
15480
66267
50609
76004
54990
79420
48008
24655
67630
64927
61129
19528
78279
1169
99393
50166
2218
68626
71767
27735
69170
71616
36218
40773
41023
92824
21412
24652
43606
89273
41212
68122
51173
79645
6962
31059
97071
28050
60192
7528
88361
53852
80936
63920
30290
10515
27359
46933
49611
36731
67570
54929
51403
66426
29089
14661
78958
14869
79744
1492
79670
90054
35907
82778
77946
53288
30373
77684
98895
7644
47280
94353
24949
29730
55601
59453
4099
18748
89775
43242
57476
90083
94149
18480
89521
57092
16020
84543
68527
3985
19549
28258
28736
26431
71827
91355
36103
12538
18746
17468
36632
28773
25388
31508
17442
60599
41295
20646
14875
21996
87099
76911
20789
95715
14843
2050
59097
4603
63752
7861
64052
2179
34550
46994
39215
10073
16459
96403
36911
43462
67748
28626
78795
89223
57244
20431
3024
65435
85636
31112
47467
81238
55518
52038
98814
77230
53343
62113
24457
14083
44275
2104
24002
77654
55727
83211
2193
47755
92509
33242
36812
98606
87424
9598
88898
87685
76539
12593
5003
47936
88281
62947
28961
11628
71708
75537
26323
93997
27956
61441
57867
48200
13240
93760
89209
86506
30428
51328
34407
5882
43441
23273
20081
99742
23537
43973
52100
53538
4636
28871
28521
45764
31594
60881
801
80192
34110
72290
50247
49998
21716
9252
72316
56102
64051
80249
59191
68272
83816
81917
66048
26437
5798
9037
40184
68579
48923
71397
13710
13950
56598
14868
93246
57918
45779
90559
56361
70822
98269
90925
48629
30489
61715
37793
22417
71608
72183
97476
48620
47174
48632
37668
32522
3839
68400
85869
57304
60839
2437
51249
23424
75532
30922
12761
2173
76464
46551
24209
63772
16927
92317
36441
82902
67069
98819
13069
54249
24488
39788
57497
85057
96220
53378
55590
82801
34492
64076
25003
23512
56393
79367
23605
82119
66270
33794
86786
68608
37916
81600
16562
34879
77027
86513
49114
34880
78838
58301
88941
45790
10886
39632
55618
47258
28112
60561
57470
18244
88560
30890
33896
8060
76017
86607
32191
58387
36677
44859
58316
62996
68646
7062
7879
14440
68752
36728
10649
54033
37875
84977
37080
36156
83898
15818
36652
68508
69858
8780
43337
43267
94580
99709
98279
51610
23899
85523
62500
49820
22658
3534
77682
18425
79651
26200
28990
63152
80190
85917
37098
44159
76435
56476
70080
98115
16388
3630
96026
69425
68674
51684
24438
43961
49443
91228
4020
35277
99538
25925
37358
68280
64923
86945
13093
51369
72426
4962
99958
53642
57359
94490
22970
52076
11683
54951
50133
4483
81668
46509
49203
46859
16759
45835
96099
92204
7896
38463
43523
18748
50947
69177
85944
90760
48911
54384
28283
17376
56181
88662
39030
30688
49779
64450
16527
92734
32443
34138
80064
35379
91204
25389
76694
63438
22012
30084
75161
39283
98269
69288
43903
73888
75736
37235
68471
87879
72793
14431
69542
65125
72054
97772
92874
30563
19904
77689
52952
61805
95807
60658
3799
35627
4957
36785
60874
51850
19566
49404
98446
20061
91418
8547
90615
33296
15527
95161
39456
43859
52488
86755
99442
38496
6856
46885
41312
99922
79658
71828
9609
87997
69898
65092
28631
1207
5307
71144
44030
98149
16212
43986
51070
2007
37232
90700
72008
17630
98490
37946
34084
63451
70002
54363
90082
76330
54151
97296
9438
56704
31317
63862
62400
90230
30603
81055
65534
54141
80498
68549
13348
10380
29522
9372
50906
54303
76881
54195
85678
78169
19613
11803
90316
82139
44442
14460
52682
94046
74504
33004
80638
84823
1725
11449
54508
98289
40523
68178
86774
53045
86204
90226
78146
28176
11520
24104
20374
34875
48913
45390
83469
32283
95949
35856
59103
61461
70428
77726
72509
6839
69171
25717
55643
77808
80321
82120
63408
37354
12603
11220
94572
8190
41579
61673
26954
80799
57684
47083
67425
70829
50805
23601
51939
88020
60082
7696
54158
83299
55130
96347
31938
52316
27516
74798
24520
74704
57345
90252
43018
73553
41732
81959
5881
35498
26892
63227
71762
12687
45213
49991
30568
87473
92577
46644
93317
65569
90837
16972
85688
66924
7165
43010
53425
82425
70862
1138
69473
31014
68331
76149
69228
4045
80617
80378
43751
45679
32687
27484
62409
68204
41173
38492
95713
46598
66806
83744
38406
68893
28258
24909
30080
71755
38779
61102
1429
86380
22746
10858
42584
84248
45929
29800
95866
52197
47933
98016
98880
50509
64273
62426
91037
62037
66359
23496
69047
69424
55800
75282
49311
31815
16595
43206
3371
32251
55269
99030
18843
37404
20970
29677
8232
78177
6232
50166
93300
63078
42165
85922
68112
3708
24156
94152
30564
57665
5844
20558
55774
69612
79967
6229
33448
3886
68524
90804
10775
55425
35341
38284
80449
43464
10477
13493
42755
13764
68679
71246
50417
82807
57439
61222
63995
98556
16792
47110
37102
81179
50172
29853
73798
11522
19990
91129
52358
65915
71655
15194
8119
51569
58062
76571
5475
74347
84185
97505
35166
63470
79104
45582
52090
76567
46031
1611
43693
36710
14962
2679
16744
28252
77568
45645
99625
39545
5064
29194
87062
49004
10649
94010
59777
1237
2648
35903
40878
44358
38755
35468
46778
82315
91714
84175
41829
76411
60820
24680
42416
85835
9412
55774
9407
25448
79643
79044
29868
22069
86868
93454
29344
37000
10494
54481
83283
58994
80294
70411
87350
58272
41635
3340
56207
53090
31005
10336
19765
21389
68604
78836
26190
59729
16799
61366
20438
46467
12172
42350
67874
87953
6173
3750
16279
72417
71256
50439
97080
1526
52522
22326
23168
32537
5526
12162
79862
53451
46402
2638
72947
45802
25087
44630
73945
42352
99117
65100
50095
55930
96307
13637
41995
64697
53812
97976
17327
23518
90477
10643
32096
35388
70103
12068
13351
25156
42805
51982
34328
88996
36565
63124
