2894
61
-1969
2245
9935
1999
-6969
4518
-4982
-2937
2469
-5207
4405
-426
3879
-7705
-1863
9204
3550
7690
2521
-4090
-4095
4391
2033
-4420
-1382
-7984
7
9308
-638
-328
8625
-4943
-7057
5005
-5484
312
-9673
-3839
-4559
-3522
-6559
8221
-3153
8215
-396
3247
-9024
4901
3621
-3419
7326
1242
9501
-4490
8665
2894
-3153
-858
-7293
1807
6383
9700
-2298
9998
-2130
-1916
4539
-4170
8381
7806
1416
6555
-3759
-1950
7461
9755
-1451
5473
-6539
-8579
5480
6959
5881
-3690
8673
1637
-5192
8800
-5258
9511
6095
-7812
8083
-3215
981
9561
-9491
5876
665
1933
-5158
-1043
6360
3134
5694
-9226
2986
3772
2346
5721
-2137
5083
9561
5233
9168
-327
1675
-3408
8655
2682
-7595
2155
6779
9976
-3592
-9369
9577
-5225
8263
6212
642
3736
-5706
-363
7751
-9989
1503
-8079
4719
4947
1445
302
-6497
-4530
-2089
9829
1165
5885
9281
-68
4
-1845
4992
-6876
-6362
1080
-9253
-4845
2595
-8753
6505
-1878
-1209
8066
-6308
369
5893
-7613
-3317
666
-4480
2944
-3176
-8266
-8574
7776
1949
297
3643
-3790
325
-9827
7491
-7416
9051
-8387
3385
-1636
-7981
-714
389
4106
3011
-6723
2167
-4625
-135
7181
-9809
1223
-7121
980
4737
-1166
851
-1629
-7734
-9128
-3460
1071
-2196
8636
2103
-2010
-3088
-1451
4001
5897
-7614
4442
8566
18
-768
-1662
-2675
-1036
2020
4454
1696
989
-3922
1396
-6714
-3630
-2366
-8334
2631
-1044
-393
-5744
-220
8232
-2475
415
-5435
-7251
-2929
-1520
-1870
-916
-8844
4328
3678
2366
8308
-5512
-919
-5476
7878
-5106
2790
5373
-9937
-3758
-379
-9334
4675
6892
-5406
3194
-7722
2780
4975
-2818
-2400
-1135
1226
-7866
-5356
-5333
5764
6324
-5678
-6404
4308
9351
-7733
5397
5254
-7610
-7191
2034
67
1526
-666
4797
-1991
-3312
-7271
7120
1812
1875
3971
574
5179
1072
1781
-7904
9905
4663
5222
7903
6935
8283
1893
-8454
-1242
3062
1134
-7154
-4966
-6195
-3895
7410
-7771
-6258
552
5646
-8778
4506
1352
5814
-1712
-7782
-3648
-4324
654
9565
6078
4628
417
-3835
-7556
4157
-3984
6492
-6654
-195
2055
-6043
566
2169
7037
-1215
-9537
-9613
6769
8622
-455
725
3234
-5361
2667
2372
7768
6252
-5137
-650
5259
-1874
8002
7528
4537
-2550
-2900
-6574
-7928
-4698
9548
-3251
9219
465
-7301
6208
6907
-4863
7451
9101
-8050
-1809
9487
-3097
-3006
2619
1897
1115
4040
-6671
-7617
-8021
2625
-8649
127
300
6913
-3736
5041
-5886
2655
-7062
8425
3399
-9415
5706
-4753
-603
-3175
-1720
6224
-3691
9260
2815
-9610
2283
-9668
3487
-8815
-7819
-1868
-1582
-7063
949
-4571
-2262
-7914
9849
-9950
-3077
-9852
7872
4221
9850
-7993
665
-1451
-3179
1600
4249
9612
-8036
7846
-5941
7323
-1897
6629
-3396
-5639
1678
9021
-438
-7400
507
753
993
6904
-2678
-9133
5882
-1921
-9320
5015
3412
-5922
882
-4603
-4307
-5480
-5
3492
5137
-146
-31
-6681
-972
4043
5727
1248
-7111
-5803
3661
9743
6502
7773
1822
9663
-6099
9864
-8407
1868
-6976
-9152
-4176
-4400
-46
8790
6515
-5478
2376
-5966
-6828
-8613
-9794
-1523
7421
-2455
-1020
-6353
-7849
-7988
-3816
4522
-8668
-2808
8891
4325
1677
-200
8607
7517
-3280
-5436
-3221
4728
4066
4440
-5801
373
5353
-7565
-3330
1320
3648
-1648
5915
2187
1061
-5857
-7858
7049
-7095
-4859
-5390
-2435
-2320
2644
4540
-9096
6809
1049
7886
3098
7185
-2166
8895
4848
4943
-8892
1768
-4420
7369
-7426
6283
-3551
-8584
-2774
-1254
-2012
2968
-8480
-1007
-4668
-1770
-3571
-8445
-4314
-6164
-3795
8528
2229
-6862
-9934
-3847
7754
8202
-3225
-1380
-3539
810
997
7485
-3439
-6192
-7244
4457
-6060
5619
3237
3788
-9562
-5447
7534
3920
-9495
12
8592
6760
-8526
-3887
8462
-6186
6496
-3817
-2754
-3237
-1354
-4978
-4276
9998
3399
-9314
8539
-6787
-3786
520
3151
-4351
2454
5578
35
769
-6946
4839
2128
-9676
-3817
-6797
-1736
2885
-1095
-8727
3617
5373
-6691
4228
-2017
2303
6673
-3645
-2424
5255
4008
-4531
7408
4814
-1066
4174
4504
-5076
-4272
3502
3602
-3
-6179
-7564
-6893
-5060
-2831
6500
-3313
-302
1062
9187
5950
-3004
3522
8535
-4157
-3125
8282
-6557
-2586
8344
-1589
7901
3820
-8778
6935
8200
1867
2390
8937
7095
8917
9993
6098
-3330
-2833
-8314
-9985
2761
-559
-2775
-3996
2328
5036
8235
9467
2634
-3111
1476
-7555
3893
-1315
-4287
-1753
3435
7658
-2124
4473
-7537
9007
-1748
5092
3125
-8257
-8382
3101
5785
9275
2907
-7652
190
1093
-6495
7253
-8835
-6265
4511
4731
4704
-8021
-4926
6645
6604
4436
7493
-7447
9784
-3459
-494
378
-4556
-9661
9229
2262
-4305
515
-3
614
-8154
6493
1537
-6353
5838
7569
9069
4154
-6915
139
7596
297
-3876
-8371
-4031
-6212
-4040
-3137
1632
203
-7173
4455
973
-3049
-3375
1078
5761
1012
-2193
7309
-1583
-2894
6725
6304
-3698
-1437
9949
3459
4865
-1099
719
-7069
4637
-5482
-4715
8066
-1189
9012
4080
2809
2560
8560
1287
8919
9691
1004
3736
-2735
-9100
-4749
4285
1899
-9487
-391
-5124
-5001
-8333
6
-5363
701
-106
5258
-993
1280
5065
3318
2676
9348
-729
-3287
8594
2234
-519
-2090
-3354
9399
3883
7164
289
-1309
2458
3471
7027
-3912
9082
386
-4866
5744
2599
7060
4657
643
-8680
-1615
-8627
2367
-4603
3344
1201
-2988
4695
7169
-5282
8351
-6561
-7790
7351
-4476
-9984
9454
6246
-6184
8682
609
-6959
6193
-2349
-8300
-7026
-9799
-1852
-8674
-8415
-2307
2421
-7493
-2838
-877
7675
9229
7597
-4396
4351
-1417
-2594
3564
7683
8113
6128
-4869
1813
794
3217
489
-3318
-3376
-4977
-994
-1190
-8719
6827
6849
8
9578
-3041
399
204
-265
-202
8016
-9082
-5689
2982
8579
-4143
-9443
1320
7144
8055
-4042
-7560
-1754
-3066
-7665
9826
-6618
4705
-3686
-3718
3390
3088
-9191
3999
-9399
8653
-479
2719
4328
9274
8464
9717
-1579
-1100
-8003
-7846
-5000
-4435
2038
-4559
5701
5502
-384
3183
-6586
7808
5872
-7396
-5866
-9308
5378
-8483
3295
-1046
9521
2378
757
-122
-6926
-6840
4329
957
-4424
1451
436
-6930
1003
-2834
-1849
5604
7244
1089
5818
2489
5763
6577
9478
-2377
2680
-8548
6942
-8599
1081
-6220
-4806
-4822
7548
4372
226
9194
-5884
-6424
-7106
-6731
908
-5844
-3661
-1166
-2541
-3618
4853
1901
-9277
5581
-9179
-2791
-6554
-3605
-1645
2684
-7036
-4738
4206
3097
-3580
1157
1139
1020
4920
-2175
2647
-3463
-2875
-8235
-4615
-1009
-7927
-9486
1608
2494
-660
-2143
-9619
4469
1451
4779
6301
-859
793
-773
6280
6458
-7115
5302
6199
7388
-1450
8724
442
-11
1295
7846
3362
-4949
-8723
5811
5976
-8091
7704
8353
-5971
-2555
-2707
1126
7230
-4715
8461
-7535
-6381
9013
9290
-2244
-1668
-67
-8370
-2251
6626
8727
-7466
7337
5100
732
-3765
-1113
4115
7473
1858
3456
5231
2157
-1774
-2924
1668
5166
-1453
5963
7428
7904
9584
8391
8635
-7072
-1107
1104
-360
4718
-4501
-7496
-5942
8042
-3051
4955
8015
3821
-3122
-4682
1137
7797
-4490
-5586
834
5550
8956
2581
-9317
-4504
-699
-6787
1322
-3040
3517
2952
-7209
9827
-1304
-2451
-6464
-5653
5171
-8035
-3835
-4304
-5475
-8204
541
280
-3774
2184
-6963
7731
6890
-8819
-5667
3847
-5202
-6875
-4918
2742
-9845
9759
-7303
-4453
458
6535
-4731
4344
-4753
-2253
5652
8363
-5691
7125
-1415
-3175
-7497
-1681
3491
-9449
7759
5813
-8835
1561
-5117
5280
-1593
-1535
-1957
-6044
3561
-211
687
873
5471
-3839
6895
-3744
9041
3411
3027
-8372
-2143
4542
-4723
-8557
-6913
-3477
8989
3191
9184
1363
-5111
-8058
3460
6545
9259
-2402
9505
3073
5246
-7053
8846
-7565
-1038
3188
-9367
-9638
4639
-3680
-9634
3664
-3664
9206
7139
-7939
5205
-9603
-5609
5020
3418
155
8769
7753
-4164
3003
-3690
4735
-6972
267
-416
-1350
3758
-5030
389
5063
7486
738
6015
-21
-9342
-919
6655
-4527
940
-6602
2954
1771
-7529
8096
1669
-358
-2416
6800
-5540
-2316
-5943
-8136
8594
-4347
-6937
-8824
-1942
-650
6967
3834
-5699
8524
2731
9396
4984
-4579
6057
-3609
4
-8105
2655
-9109
-2078
-8353
-7729
8470
-2826
-5254
-9429
9642
-7509
-2034
-2250
2954
-658
4405
3141
964
5048
2298
4244
4334
4507
2664
4061
-7684
9916
-6224
-9295
-4085
-8675
6897
1725
-6227
1766
9361
3948
-496
1231
-3494
-4837
-2673
8931
-413
3007
-8041
5333
-360
9891
-3222
-5484
-7617
-4728
-9905
-7775
5651
-8766
1209
-2656
-2391
-9268
1933
-479
-9534
-2256
-7006
9204
-690
-9480
-7945
9481
-1222
5751
2069
8023
-3277
8479
6209
-7699
-4624
9457
6516
-3476
-8851
1110
-6501
8505
-1814
-1168
-1016
-3417
7113
-9805
1742
-8337
9621
-6099
-480
-367
1528
3190
-8897
-8001
9648
-7808
-9475
8327
-7321
-2341
-5278
6158
-9544
7198
-1571
-3958
6266
8288
3075
563
-8104
-2404
-2197
1949
-5319
5144
3339
-824
-5778
-9246
6594
1148
-9361
1660
-4309
556
-4414
1918
2723
-9562
-2544
9778
8475
-3088
-3473
-2084
7756
3497
8719
6286
-9962
6723
-9118
7091
8424
-3156
6929
8948
-8567
8563
-982
-4295
7338
-6204
5206
-1128
-8512
5712
-8353
-5364
7056
9868
-4073
-3744
876
-1890
-7665
7876
-9197
981
5535
-378
-9140
2489
8125
358
-2672
7309
3837
6164
-360
-4761
-951
-6118
7133
7232
3737
4005
-3032
3397
-2536
3043
805
-897
-6537
524
6137
5288
1804
4643
930
822
-8453
-7115
1511
8063
-9314
-1486
-7964
-1459
4511
1616
-6096
6921
8166
-1924
2977
1171
-5041
8736
7665
7171
8066
7353
4866
6967
-1479
-1955
-1305
-4307
-9784
-6022
-8646
9658
-4390
-7797
6228
2397
-8489
-6951
101
-6782
-198
-8523
-37
-1494
6641
-157
5189
2416
6091
7341
8771
3812
707
-8672
-3327
-8397
6459
-3032
425
-9420
3314
351
3488
-3481
9766
4028
4458
-4332
-4001
-9899
-4055
9680
-7129
-603
1952
-7901
7573
-4307
-9572
-1200
-7617
-5918
2147
7704
-535
-7675
8008
5752
-6970
-6782
7113
6628
-3507
-3188
8424
7160
-3353
-6879
9133
734
-39
-542
-3899
-2110
-5736
8620
-5912
362
-7564
-4411
-3251
-1821
3471
-8922
2802
1319
-1620
8043
1957
-3143
4856
8230
-6332
-4727
7933
4999
2735
8124
-7559
-5359
-3152
5086
-8509
5791
4903
-2012
7650
-4900
9788
2184
6858
-4992
-2313
-5309
-1714
-1941
-8815
6702
-3154
-9006
1921
-6242
4667
-3401
-2591
8577
-1342
-5256
-9607
5204
-6308
4614
1637
7365
-1120
7550
-5333
2212
-7927
-6081
-5184
-6983
-1122
2797
-7062
2885
-3525
-4756
6340
6726
-9090
4059
-820
2600
-9880
-7026
9106
1663
7102
-4734
8345
-6889
6459
1799
-5157
6801
-5322
-752
-758
-7914
-7350
7752
8914
1280
8845
-536
8799
6601
-8860
-3942
1323
-8822
-754
-6033
4084
-1490
-3638
-1431
-1069
-8361
3108
5497
-9596
-2531
-6571
4579
-2796
-7161
-1608
-272
9741
1946
-1246
7762
1132
1169
7886
-3590
-1854
2011
2834
953
425
-5364
-4198
-371
-2927
-8197
-8591
-7217
5540
-9677
-5906
-4528
77
-7687
6836
-7734
5117
-7222
-3472
-2312
4503
8456
-4665
9482
-3008
-4847
359
9028
-8273
-5943
-4200
-6683
7504
4305
6394
2182
-8775
-4113
-1363
905
-3088
-1042
-5475
2793
9023
-9753
4049
-4789
-4613
-2556
1812
1829
4553
-7000
-645
282
-8716
8245
-4640
-7105
1138
9415
6721
212
8396
-9067
2780
-4073
-5372
6367
7447
5013
-4033
6734
-3728
3395
-2100
4266
-4771
8455
-6908
-6353
4794
5151
8264
-2385
-3522
7537
-4517
2418
-7011
-1432
-3691
-4964
-5842
5249
3850
1123
-7656
8116
1005
1365
-2660
-5055
5355
-4399
5642
-6774
5081
-8437
3906
9621
-6629
-654
-8712
665
-1638
-6554
8857
4779
-4508
-7466
-4332
-2948
4638
2141
-6204
1344
6372
9581
-8238
5742
-6751
4571
4298
-8623
3516
5600
3378
6519
-1799
8005
-112
28
-9006
-4302
-706
5801
3561
-1973
-7263
-1073
-2762
2251
