-7058
-849
-4147
-6453
-391
21
-1906
-1315
-2557
5385
9731
-7005
5113
-4377
-7732
-2440
1287
7189
2428
-6328
-8675
-2415
4764
8800
9541
36
9690
2143
-6539
5655
7963
-3502
-886
-3249
-4441
-3570
3280
-4754
-1410
-6473
-8770
5644
-7517
8265
3451
-6722
4990
2217
-7182
3735
-3881
-7161
4969
-4810
4326
-6756
-5653
-5242
-8553
-115
-285
-2437
2362
-2132
-5225
-1056
-4628
-2340
1369
8245
-5974
-8569
-9087
2731
-4811
7401
8944
-819
-2423
-1245
9476
-1183
-732
6887
-1236
3500
5592
-2361
4164
-1852
7603
-4826
-8141
-9783
-8081
-6667
-6256
-1155
-8959
827
2230
-8386
2384
1860
-5572
-5122
-67
1962
-7290
1706
614
-5327
7390
-6135
1763
-8339
-1484
-2820
7278
-252
2972
-5558
-3093
-934
-6062
7421
6219
4991
1140
565
4689
-6004
-1094
-2192
9248
9536
7025
4814
-1176
1093
-3508
-2025
629
1525
-779
9289
-7879
8598
-2191
2627
1771
-921
6746
-5776
7988
9762
4200
6805
-7025
-272
-5419
9235
-7452
-4041
3643
2566
-8206
5582
-669
-6668
6442
4277
-5298
2902
-7425
-2523
-6001
-4995
3637
-971
448
3965
6813
-6732
-5270
-754
4771
-8913
7077
-4909
-2116
-4325
-9218
-4852
-7889
-5647
4852
2980
-4388
-9684
-3133
997
-1191
-2713
-7385
6824
9450
-5783
6283
8876
-4763
7484
9240
2589
-203
-326
4519
7187
8990
-7919
-560
-9975
-3831
-8490
-2210
9139
-7717
-1451
-5884
-739
-5757
6221
-8478
1383
7556
5085
125
-8143
-7508
-2342
9862
8644
4817
-9647
7064
1105
-2700
-9260
4943
-1905
-6321
-2029
776
-9841
7975
5585
5741
-3977
5827
8850
4783
-1310
-3293
1592
-1308
427
6775
-6099
-5640
7208
7136
-1465
-8702
-9329
-4803
-4884
1359
-8529
-1861
-92
903
-9395
-4535
2030
-2008
-911
-8497
3804
5275
-8784
-2288
2336
-4323
-8521
4569
-9990
-9196
-4009
-3109
6395
9208
-7281
5454
-7264
3129
355
-7250
3038
9484
-5542
-3103
6569
-6667
-3102
-7750
4427
-6614
-9506
1345
-5198
4601
-9196
3312
-664
9653
-6661
-6886
4176
-8168
1687
1933
7537
5405
-1660
-7774
4053
8880
8494
-24
6296
-2608
-9441
1159
-8823
2717
776
-1928
6342
-4892
-9745
1223
3023
4729
-8569
1370
551
4895
-5968
963
-3896
-2209
6224
4730
-68
1831
-3166
3083
7532
-5309
-9268
-2756
-6691
-8769
921
9280
-6983
5978
1200
-9844
-7034
9650
9729
9659
8430
-7321
5278
-4789
4940
9189
8385
113
-9798
-6598
4308
1264
-3651
-9311
8985
9514
7309
355
-3527
-4863
8509
2460
-6459
-1588
-5273
7636
-5159
1099
-7069
-3960
3293
-6335
-6890
979
4341
8780
-8290
7696
9583
-1381
-316
-1172
-4085
5320
-372
-2624
-977
-6856
-7825
-3290
2801
-6800
3703
7574
8323
-7433
6801
-7234
132
-1712
-9963
5583
-7510
4816
-837
9782
3678
-6048
-3924
4823
-1464
6160
-5531
3570
5282
1104
4256
-4207
-7156
8158
-5699
-1258
2251
-7121
8836
1940
5090
-4831
8576
-3189
5490
6374
-4708
7864
-6103
-5284
-8255
-6198
-7108
-6093
460
-8572
2612
5293
-3435
2953
3480
9389
-4528
-512
803
6120
-7975
-3720
1101
-2890
-1130
-7033
-2397
-9187
7291
6934
-3913
-9207
-2278
2590
-2034
-1677
3012
5046
-7721
1320
-7004
-895
-7609
-1193
5580
-3829
2083
-8458
-4901
-3194
-7642
-5009
-152
8815
-3902
-9341
-9581
-6640
7342
-7156
-9048
1757
3416
-6173
7061
2463
-5075
505
-9835
4654
-2748
-9415
-2014
-4325
1085
1018
-4850
7356
794
-4262
-5789
7437
-7728
-3037
-4292
-2554
-8271
1873
-8389
-4650
5315
4485
6161
-1805
-5094
2174
5799
587
6321
-4988
-5746
-1674
5293
-3482
-621
8291
-9887
5516
6026
-9380
1242
9891
3514
7031
6229
-8218
7248
-7782
1802
979
-5902
6799
-1759
-5015
-3681
-9229
-6320
-4315
-6806
-9564
3983
5655
-4464
8181
-3376
-1338
5727
5163
1469
792
-2177
3915
-9141
-9256
-4398
-6170
-1035
-7543
-6952
1845
-4407
8362
9182
-5187
8944
4977
1306
-7774
3082
-3054
-7518
7182
4460
2845
1563
8732
-7142
-2390
-7194
5743
-4833
-9826
5299
2972
3662
3283
2310
2554
2020
-4080
-2959
2979
-7143
-2905
5402
2049
3103
-6637
-1356
8962
-3597
-1993
7392
-9060
7508
-7897
8888
1642
-7897
7509
6250
-7139
-8773
-9257
3100
-251
-9934
-5886
3066
1793
-4066
-8560
-2874
-2052
3590
-786
2781
5837
-7820
340
-1319
7429
-6376
6575
-8942
-4089
-6015
5361
7500
-4670
-5824
8963
96
-9183
-2161
-3973
-4786
-9093
2084
-2488
-6192
6788
9438
2078
5917
-1790
3561
1339
2119
7318
1422
4583
-1624
9835
-2663
5513
9545
8740
7345
1554
8061
9290
-9909
5055
-5876
8807
5506
-7678
7932
501
-1167
6347
5536
-980
-61
7535
-248
-832
-7904
-1905
-4476
-3351
-5072
8130
6290
4589
7645
8136
2531
-5434
-5711
-459
4418
-9781
6988
4216
-5728
6592
5158
9835
370
500
8591
-8473
1961
6304
4916
-5909
-7932
3731
2400
6867
5727
5151
2195
7607
1919
-8078
9057
304
-1411
2213
-4630
-3269
1153
-727
6293
7111
2035
4590
9103
-9642
7176
-8494
1529
-4505
4904
6428
3110
7578
6744
-4234
-1093
7613
-5779
4512
6671
5020
-5979
-463
-9191
7312
-5713
-5443
8680
5453
7163
-9514
2028
-6514
2824
-319
6224
-1528
1809
2669
1278
-1329
889
-324
-9951
-5170
4226
9870
-8312
-4291
3415
-3587
6559
-2323
3806
486
1705
2884
-232
9676
7247
2116
-5607
7335
-5660
-6154
3166
7796
-5477
5230
9368
-8901
-9272
3908
8663
8772
8850
-6218
-9244
-3671
1517
-7053
-1360
6571
-5648
8546
-9530
5493
-4478
7048
-1211
-9931
-7828
8477
9027
-3799
6986
501
-2668
-9005
-5559
7769
-1115
1755
5629
2635
7972
6210
-8661
-6278
9891
6613
1570
-1538
-9605
-779
-2352
4035
4609
-4130
-4616
7645
6415
-2645
148
3640
9059
5085
9331
1330
9976
3711
7497
-2431
1632
-1712
-4330
144
-2892
-276
2318
5351
9792
3747
9138
7974
4754
6176
1708
-3227
-1173
-6960
5048
7670
2770
-2295
-2519
6681
-8376
8928
9898
-1527
8515
5679
-9021
1851
-5483
-5952
-6223
6838
2617
8655
7656
-9905
7273
-4175
5568
6936
9375
-3055
-7847
-7902
7084
8192
-9436
-9955
2784
-8468
-5616
-9180
5852
-7431
5269
-7969
7532
4655
-5269
-2417
7649
1668
5779
7931
3587
5973
4531
-820
7770
-7398
6932
-5426
-6190
6114
7413
-2754
437
-5830
9290
9728
-1175
2059
-1386
4272
1713
-5578
9032
4585
9635
-1784
4158
9601
664
-3760
8938
-1914
6324
-3276
1121
88
1698
-6791
-5497
-9934
-911
9137
9687
-9967
804
8210
2414
7334
9359
-6410
6604
-8590
-8978
8246
-809
-8434
2940
2376
1148
-7971
-8801
5820
2498
6852
-8526
-2007
-9144
-1860
-8273
1184
2297
4415
9205
390
-5357
-3804
-3055
7828
450
-9552
417
162
4604
-2107
153
-9836
4545
-947
-9190
3694
-8009
3229
6406
-1189
1872
-239
6752
6231
-9244
370
4356
2663
-6340
-8888
-1202
-8074
-3765
-3672
2046
-3338
3017
3848
-2518
5490
-5003
9824
-7863
-9863
-327
-2884
5394
-511
-1645
-746
-9269
5513
7156
2357
7245
-4753
4896
161
7489
-6432
-5700
-1622
-1593
4209
4248
1535
-2009
-3395
3889
1314
-8630
8478
-1098
7669
-1047
-3309
84
-525
-9108
-5220
-9107
6290
2129
-7790
-910
-7115
-9689
-1376
-511
616
6497
-9260
-2898
7678
-7633
7620
-6003
-980
4348
-5058
-7116
9023
-5781
2319
3749
148
4100
-4506
-2038
9651
1643
2171
-5692
-4747
5345
8205
6302
1829
-2849
973
3515
7034
6919
-385
8543
-9136
-8603
-251
-1420
57
-1941
-3064
-9210
3383
-6995
7638
-6853
-5659
9833
-5883
-2453
-9843
5970
-3515
-2044
-4265
-9023
9439
8878
-7313
3257
-1645
-8869
9232
-5901
-913
-5932
9667
-2736
3271
-5668
1630
8651
2514
9599
-3963
1228
-913
-249
-4887
351
4109
-8998
-3354
-6495
-6307
4291
-9148
-9259
1067
-2724
-9707
-4719
-1226
-5017
6401
6231
-4415
5476
-696
-4833
-6723
-3697
-8823
3955
5840
-1268
-9243
2067
2559
-9569
8195
-742
6692
-2576
2720
6518
9447
-775
4032
-5938
3841
-1586
7194
7603
8192
-3567
-7505
8970
-6817
-3653
965
-2419
5363
307
7882
-8389
-5455
5650
-3562
850
-9282
-8113
-9330
7189
6349
58
-4860
6962
7985
-6272
-9437
-9831
1404
-2513
-3025
-176
6867
-1169
-7125
-3806
-4427
-3550
7094
6527
7950
-229
745
3153
-7079
-9178
-6158
-4726
3774
-7572
7683
-8383
-6364
-6570
533
7409
-2445
-7607
-5077
6106
8031
-1939
-4118
-9390
8
8633
9058
4141
2859
4071
7942
-9217
-5890
6529
6014
1579
-6246
-5305
-5318
502
9128
-7195
-6808
-3401
8406
7025
-498
-7252
-4106
-5718
-2330
-7091
4111
-6430
4546
4907
-6326
598
7489
-7432
-1347
7121
-4429
-7711
-9931
-1281
6398
-2159
-6452
-2836
-9446
-1078
-6288
2052
-5984
-125
6356
-7588
7830
-3159
-9929
7142
8131
-6376
-8291
-2419
-7927
2965
9668
-9222
-4605
-1793
7876
-6652
-1182
3573
-7872
-246
-6
8968
5975
1557
-3082
9174
9248
-8989
-8555
-3613
5880
-8108
6244
6877
1701
-1810
1789
-7339
5574
2297
5853
3108
4798
5396
-6495
-7310
6435
2356
-8182
-8732
-4646
-4333
-3609
4503
9876
6459
-5887
-6770
-8538
898
-4146
6259
3033
-4098
646
6987
-6998
5283
8614
-4549
-6190
-4130
-2033
7425
7958
-3544
-1253
6891
-7112
8525
3223
-7825
-4794
-3501
5501
-1885
8180
-2073
5533
5408
-4834
4540
-921
-6330
6399
6709
1543
2340
-5034
-135
-8883
-8445
-3240
-1339
-6616
-7142
4180
-3070
-3918
-7790
4129
4228
1676
-3819
-8288
-3536
1053
3057
-5156
-6727
-9748
-8777
1517
-5261
8766
-4285
-4321
9691
-7966
-7057
-4217
-4704
-2226
7497
9306
-4903
6485
2294
2254
7048
5566
-5001
8218
-2379
7165
-1123
-7370
-110
7010
7917
5686
-3464
-4961
8941
-5556
932
4793
-7279
5960
2342
-5254
6592
-3366
-3690
-5969
-5112
-3766
-1631
-2577
5640
2684
-5250
8988
-9459
-5431
6204
-8000
-5466
-9330
-5208
3333
3690
8548
5352
-8634
-991
-741
2816
-318
3222
2931
645
1446
2300
-8248
7755
1256
9703
2600
7574
-9032
3967
-1991
-4729
-9258
-1888
-5682
-1613
8525
8983
5977
-6793
3654
8728
-2929
-308
-7531
-432
6193
3228
2385
-4691
457
7350
-7671
-9216
7773
-3510
-2597
8115
1024
-9377
-8004
1058
7631
-8506
-965
-6191
8881
-4824
-4881
5430
-3382
-697
-7011
-2402
-1786
17
-3965
17
6699
848
-4593
-4584
-2219
1242
-8738
4577
66
7954
502
-8206
4950
2704
-3587
-6237
-7041
-2532
9580
-3563
7076
4491
-5622
4065
2960
4210
-838
8546
7816
5219
7257
-9474
4021
3821
-9188
-4607
8402
6095
-8110
8784
-235
-81
-748
1653
3732
-5423
8681
-1116
-6120
-3800
7707
-8679
-3401
-5936
5297
5685
730
6521
5719
-3112
-3082
-4143
6790
4925
-1055
-5208
-4816
-3689
-6521
-8879
4242
-6770
782
4498
-8413
8625
-6991
478
-7342
-5964
-4737
2780
6218
3997
-5593
-3411
5813
1879
-9318
-5122
-4132
8578
-9437
4777
7929
-8928
9313
-1066
3297
2755
7305
-8012
2887
1967
4386
-395
-3517
-5289
-308
7095
-9487
7257
-4953
672
1663
-6855
-3870
-7177
-3139
-7572
-8896
7604
-2362
-5210
7017
6853
3889
7735
357
9545
6455
-3726
-6905
-2534
-8298
-8711
3693
-9520
-3542
-4506
629
-3893
-78
-9804
5659
4293
-863
3324
2226
-4336
-3416
-6687
-3676
-9036
-9254
9353
8047
7543
5819
-7290
3654
605
5293
-6975
2
93
-1947
-8976
3663
9033
-2290
3616
-4865
6963
-7217
-1090
7887
-6545
-1202
-6095
-3702
-618
4128
7288
-7556
7527
42
-9787
-7238
-4274
-3448
-3693
4655
8885
-587
1039
-6344
82
4364
8429
5450
502
2023
7760
-2015
-3251
9348
7687
7724
-3977
-8205
3508
-4584
-1602
-8504
-9959
614
3327
-1692
3342
3638
-1851
8346
2620
7250
-9786
8517
9691
5692
9785
-2478
6957
8827
243
2153
-3366
2556
-7020
8846
-2838
-8981
-3517
6983
-2357
-4896
5778
-7535
4447
1977
-6951
-1696
2053
2633
3589
-6138
-4609
-7043
833
-1806
-9032
8858
-5258
5545
9687
3528
-8469
7031
4941
-8221
3303
-7783
-9234
-9562
72
5455
-5045
-3155
3486
-5063
-9769
-4935
-6008
6780
4823
1178
-4198
-6963
753
2785
-6034
1250
5664
8864
-4650
9965
-609
-8632
-5173
-5027
8993
5190
9797
1056
-294
-935
-1757
3319
5497
9977
3158
-5970
1961
7800
-8762
6242
-5211
-3680
-543
4145
-7018
-6139
2934
-3402
-8399
-1675
9255
369
6460
9229
-2576
2438
-7590
5351
8916
-9550
3583
-2744
4529
-8749
6552
2485
-1844
4329
-2559
4050
7601
4556
6266
-6609
-4867
3464
-2097
2323
6915
-5170
-8369
-562
3665
-1174
-2568
-3960
-8013
5626
5787
4729
1810
-6904
-2975
535
-6164
4903
4821
7736
7139
-9779
-1264
-3967
1755
4377
1549
7225
1736
-7843
5690
196
6001
2667
2456
-3294
5639
8562
9762
2826
8997
7236
-182
1520
103
6896
788
289
2687
-4692
-6665
-4062
4835
9216
7789
-6165
3344
-2213
-9829
4272
4793
7623
264
-7994
-9374
-9377
-9609
4629
5117
9712
-9098
-1489
-3586
-2938
-5884
-9604
-633
-8491
-6029
5289
1554
8571
5813
-187
6396
8039
-1876
-1003
-416
-2620
5176
2428
-5944
-3917
6695
9228
762
-2641
1012
3520
1417
-9174
6427
3601
-6479
-1238
7582
5924
-8346
4172
581
4353
-852
-3200
-6229
-7509
947
-3416
-2073
-1812
8871
-4808
-1869
2550
-7586
1230
6335
-3975
9237
-4812
-1673
-4801
-3413
8729
982
1669
9871
3223
-7997
-2038
1400
-9400
-9642
4351
-4592
2349
9050
3992
-2243
-8899
-3381
-4022
-4619
8826
1486
-7153
-3801
-5701
-5430
-3626
8347
-2853
-6316
-503
6856
8772
7122
-6810
4782
-3024
-2745
1418
6043
3377
-7788
6092
9673
-7434
-8996
189
8740
-2887
7594
-8857
-3502
-6212
-3648
5851
-8222
-9673
-4278
1508
-6296
-6062
8526
-2832
5878
2564
-4899
4217
-4547
6845
-2135
-4058
4220
4082
-955
6298
8601
-802
9393
1540
3763
369
-2616
9957
-1619
8310
-219
6565
-5162
-9423
-5545
2846
-8960
-8030
-3109
8027
-3919
6225
-5589
8205
-9918
-5702
5567
7629
6470
974
-3226
7396
3582
6411
1355
1034
-1485
4126
5580
4262
-3332
-5880
1488
-1216
-4650
-8436
-9978
8323
-7214
-1354
-1218
-1568
5817
-8986
-8501
-7229
-3227
-2087
3479
-3399
6234
3707
381
7911
-8639
-4841
5006
-4037
-6672
-8942
-4924
5573
-4939
-63
6194
-7682
6622
8948
-3519
9408
8233
-961
-9367
-4230
-8132
-5807
1290
-9081
8454
-6974
-1290
8296
2275
8424
9799
5260
-7425
-3886
-9948
-9402
-8596
-2026
7883
3020
-7784
9857
4914
-5532
-570
-1100
-1724
-682
-257
-4024
2681
-6995
-1944
-1719
3222
6869
6681
