-269
4301
-1257
-8200
2894
4835
865
5506
-1485
-940
-6964
-9281
5022
-4590
-1624
6934
-6709
9643
-1281
-5757
-1582
-6686
-9916
-7845
-9696
-8994
-5555
1518
-7473
-223
-3255
-872
6911
9049
4301
7539
-2514
-7882
-6045
-7347
9354
-8098
8834
431
-1397
2005
-2286
645
-4541
5436
-9066
8888
1557
2863
2362
6228
-3768
6797
8376
865
6511
-4830
-6617
9556
-6554
9142
610
6126
3025
5918
9858
6563
-9586
4748
5162
5852
5100
8973
-9867
2116
-1305
7638
6527
-9237
-4735
-4679
57
401
8177
-4831
-1707
-5437
3145
1903
-4043
1079
3415
-4156
6197
5343
-2752
1865
822
771
7347
-6444
-741
6809
5928
-5747
-1626
-1878
2669
1335
-9894
2898
-2299
-9280
8482
-2896
-4404
3518
-9672
-1906
4490
-1169
-8431
-2726
-9699
-6525
-4296
3504
1559
-1612
71
3349
4747
5294
-9795
9377
2582
6238
-8362
-4299
-8308
1555
-1534
1794
6699
-240
-1066
-856
4478
235
-1928
2208
7593
-8718
-5287
743
2460
8952
6966
-9726
-3693
6854
-3328
8202
3639
9836
-604
-9035
-7340
-2332
-304
1855
8910
8796
869
1840
7934
-7468
-8515
257
1559
3834
-7380
-1929
-6396
4008
-8380
9691
-430
4362
-1301
878
2471
-2971
123
-1357
3696
3416
4936
5049
1307
9293
-9153
-3590
-7839
4898
6024
-1349
-9004
7251
-4165
9868
-142
2036
-6969
7867
-8834
3734
-9645
-7802
1448
8933
-4427
46
-733
8973
2338
-6498
-5406
-8348
5546
-573
-5121
4458
-7493
9019
2022
2388
-5406
9058
-6875
7024
-6497
-1069
7755
-4702
9208
-1133
-4329
6446
5670
7630
1346
1304
-1996
-5662
7353
7390
-6416
-9778
2261
5825
-5622
-6529
4170
-4144
7427
2206
4822
3600
-5553
8334
9394
3034
5293
77
-918
6663
-3914
8004
-98
9893
4021
9353
1966
6086
-7773
9853
6201
9316
6430
-4140
7547
8681
9702
-8064
-444
8938
-7642
103
1481
-2549
5646
1119
-3542
-5088
6635
3789
8933
7205
5850
2861
-2549
1897
-1775
9606
5507
-662
-5308
3844
8272
1845
197
8662
3812
7392
1970
2307
-8816
722
1406
-1713
-8165
5530
-675
-7328
1746
2491
5184
-2797
955
-4681
-5631
-5204
3321
-2065
-7161
-6961
6454
566
-4665
-5631
1637
-4619
-2633
1589
-6316
-9437
-6152
-5814
-6377
2226
-8966
2367
9531
3060
2525
-5041
-353
865
6440
-1458
-1118
-4035
5158
-4182
6404
1125
-4359
-7103
-2759
7583
2758
6430
-9329
6553
8072
-2387
-7172
7137
-5555
-3872
9434
-7249
-4231
3739
7786
6889
-9418
5763
-3265
-1666
9657
1794
274
-4851
-6116
4895
6215
-4764
4145
-2314
-7244
-4304
4381
-7833
7360
1368
8591
397
-9985
9863
3015
-1456
-5928
-4702
-6604
8429
-7447
6787
-1167
-2936
3546
-6961
-8238
-3503
6900
-4473
-762
-2701
-4535
-4466
6653
-7124
-2866
-2850
8608
-9657
6661
-4013
-5894
-5837
977
5708
1674
4528
1259
1928
8349
-9292
3216
-3493
2211
-7671
-4980
2065
-1688
1686
2979
3136
2127
7809
-987
8265
4427
-6461
6066
-6252
933
719
3608
-5524
8107
8636
432
-5295
-9998
-1238
570
-8151
3944
-7893
4562
2092
-7995
-716
2239
9246
-6414
4817
6631
1334
8263
-5985
7032
-8061
-7668
-202
-7089
-9369
-3564
6706
9844
-3840
4494
6371
-537
-2054
-106
4813
6491
361
-8362
-1510
7470
4827
7352
9063
-416
-8159
7322
7980
1369
-2927
422
-3521
9425
3929
8546
-9315
-1735
-1647
2807
-2914
1395
-549
-985
-5506
1800
658
4676
3620
4887
-5566
-5007
-8872
7009
4171
-4286
-8866
-4898
-1154
-1931
-6543
-5185
-8603
7499
-1592
9450
3844
-6038
3951
1478
-348
-3728
-4415
-8796
-1007
-984
7395
-6133
-8160
25
4620
5858
-2281
7913
7675
-4495
2335
2621
2495
-5344
7016
-4671
-6259
-769
2845
-5608
-9533
2433
-3612
3497
7181
6259
4845
9131
-5868
574
-1203
4491
-8146
855
-4790
9102
-4854
8631
2375
-5099
4092
-5027
6556
4206
-9022
-4167
-5817
1925
-5681
-4091
-9682
-9095
9986
8989
2743
7420
-2793
184
-7870
8398
8360
9934
5551
635
-5315
1259
5466
-7114
5146
-7372
-4450
-2830
8425
6747
-7778
-4269
8917
-5672
8388
7791
-2488
4484
-9484
9144
3452
-9600
2501
-1872
1680
3270
6514
-9590
5711
5065
2319
-9809
-19
-1235
-3576
-4620
-5301
4628
6563
-5372
5208
313
-3454
7603
5860
905
379
-1114
-2011
-804
-728
3151
8566
-9174
-4303
-8909
-2962
-7913
-9288
-3366
-5209
-4343
-571
-8496
-4553
4819
3006
-9927
-6983
-5994
5027
9618
-7687
9058
6982
-3928
2614
-7548
3627
-7266
395
-696
-8575
1573
-3141
-939
-7568
-938
-2343
-4311
6626
8999
-7190
2781
2187
4609
737
6715
-8711
-5737
-1865
-6147
-1655
3053
-8841
9521
-5250
-6990
8734
-3170
5428
5688
-3222
2680
5509
2401
4983
9924
-9482
-2739
-6706
-3696
-1796
3379
6438
-4688
-2858
5603
3587
9439
-9432
357
6862
-6879
-4083
4180
9780
3561
-3968
-6362
-9328
6825
7605
8042
-1711
-147
7244
8155
9139
-9050
2005
-212
-4783
-4909
543
-8746
-8061
-9037
-8185
1399
-8306
-4470
3491
2754
-1212
-9617
6890
7531
-9992
5539
-9798
-9324
-6051
-5164
-2918
-9770
6364
-2081
-4868
-710
3548
-5824
-6054
4655
3756
8473
8032
9266
-4840
-7923
-2550
-321
4431
58
2871
4440
-6376
9947
127
338
-5216
3470
4597
-9218
-9622
-8060
6509
4549
-1895
-8573
-8725
-697
-1705
-7438
-9786
-1629
7812
-5990
6143
7788
-1526
2538
-5384
6243
6947
-392
4215
9169
-752
3307
-8894
8405
4081
6531
-744
9254
-2390
-6153
-2041
-3507
1405
-6547
1069
7616
5011
-1890
-6212
-4967
4958
803
-3818
-2509
-3414
802
-924
1702
3094
-9623
9264
-1009
3674
-5914
2579
-4800
-7905
-7373
-594
-2993
9734
-800
3135
-4526
3047
-753
-3126
1514
3473
-5129
8673
-6947
-6897
4953
-603
-7507
4821
1398
5232
-8573
-3013
4675
-7006
6371
-4109
3241
-1647
-1644
-1159
-1388
-3673
4973
9888
9465
-3784
6234
-6918
1855
-5204
-672
-4572
-7680
-5207
3756
-6644
984
9353
3578
-5550
9366
-5526
-6869
4620
3853
-6638
7664
-199
-2931
2513
-746
1409
-9958
2014
4416
-9131
3400
-3493
8215
7640
4351
1076
5567
-1352
7876
994
6642
9840
1940
8515
1116
1996
6657
632
-5687
8212
-5668
-1037
-6625
2425
7329
-371
-1455
-8937
1257
-3319
-1914
5995
9560
215
9508
-3772
-3110
6141
-850
-6542
1024
2822
-4144
1108
4712
-432
-9936
-7833
-8503
-1078
6514
-3332
3741
-8301
9194
9708
6989
-87
2154
9236
-8611
9851
-1633
-2071
2565
-4374
2760
4734
7373
-872
6287
-2981
1304
917
9761
7002
-4959
3790
579
-6363
4181
-6452
5305
5672
1998
-2621
-8256
4506
-5734
3668
5965
-2843
9611
5404
3952
1690
6348
-7252
-8105
840
7812
7412
-2755
-5170
-668
-2709
5344
-6377
2205
1417
-6162
6404
-2842
9029
9560
-6807
6034
-4380
721
88
831
-6667
-7972
1792
-4857
-948
5836
-914
4050
5571
3899
-9934
112
-232
943
-3955
-9517
-6235
-8875
-5389
-4060
3759
3436
-2657
-3321
9465
-410
-139
9327
-9664
2939
8231
-6814
-5700
-974
285
-1014
-2055
-3514
-2776
-2510
8638
8240
6700
9625
-2020
9692
765
-1596
-968
7030
-7770
-9529
-7550
-2068
823
3253
486
-629
2088
8868
6019
5252
-6228
-2334
-8037
-9335
-6536
-6828
-8743
-717
-1091
7033
4438
-8951
-5815
5573
64
7026
9139
6367
-2901
9559
7056
5130
-2720
840
-2106
-9757
1802
8482
722
-6646
9878
2114
-1010
-4336
7758
-264
-8160
-585
1542
4080
879
802
1018
-541
-195
-1819
4014
-1999
8995
9154
7818
-3135
5641
-7687
69
-5204
9901
4139
3268
-4994
4110
-6844
-5941
8552
-9810
-8732
-4157
3188
-6646
-6649
6880
-4282
1961
728
-9492
1487
2568
7821
8039
-9385
4937
1950
5891
2805
-6458
-7641
514
3474
-698
-6680
3138
-3352
5148
4094
8742
-3510
8182
-9789
30
9100
-1507
-6973
7431
4924
-9317
-3461
9349
6679
-3210
4150
9756
-1211
-1752
1094
2590
3166
1254
-933
5480
-8308
6948
3365
8708
-6947
-6115
-7401
-7330
3524
-9849
821
5277
4709
4796
6334
9092
2357
3695
-2785
4763
5387
-389
4938
-5144
-1598
4960
7070
4354
2765
4230
9813
9614
-2194
-2968
7224
2396
-3478
-800
8040
1649
7841
6870
888
-1907
206
-4744
5112
5232
-1866
-8445
-9759
9884
-9967
-5293
-5669
-6098
1992
8425
-8749
7165
-1839
6810
134
-3872
-5603
-5588
8723
7764
6298
-3264
-912
-7792
-3383
8438
-7573
6111
2749
7993
-2396
-9162
-9009
3486
3246
-7013
6588
9569
5953
8568
-6421
7777
7759
-1768
3387
-5241
-9009
7933
-6474
-2769
-6187
3179
-9827
340
-3351
374
-3205
6804
-6258
6605
2171
-7581
-3227
1129
9667
-5484
3853
8243
4707
565
9760
1605
2855
4606
1149
1218
2266
-4300
3923
-5472
548
7629
-3298
-6282
-1492
-7888
6874
9487
5493
1096
-806
-5206
-7886
-8826
884
-9585
-7484
9596
6809
4334
-9850
8967
-9219
-3415
7576
9305
-7806
3200
-2135
-4046
6929
7500
-6726
-8920
1488
6688
-919
-2945
1741
-7273
-1821
3050
5580
-114
-7515
-9100
6729
8048
-6559
-5894
-4225
2033
-5694
8880
5226
5467
-8830
-4272
590
3585
4888
-2593
-1021
8987
-2223
-731
2966
-4869
6573
-5719
-4531
1607
-7447
-1341
9431
-5937
-6764
2860
5618
588
1249
985
3072
-92
-4207
-3316
9605
-5887
-3581
3506
5929
-1403
3373
-3939
-3241
6183
535
8103
-1853
-1652
7190
4079
-7708
-3687
-1448
1830
-1268
-9196
-5387
-6414
-2323
8589
-6541
9344
-8834
-1058
-5618
-6153
8640
9683
9135
8870
-4251
6049
6059
-6935
-17
1872
-7041
-9760
3988
6182
8783
-362
-6398
477
-241
2216
3393
-823
2477
-7865
-7351
-189
-6237
-7060
6700
-3140
-4152
4141
-1340
7719
-3331
-7960
4125
-4983
9059
-7097
2347
-7870
-4516
-8258
-284
-3978
-9817
6919
810
-1219
-7328
8161
-1102
8185
4395
8465
-5074
9893
9138
2910
1758
5037
-7953
3368
-508
-7506
-7927
558
-5830
7170
-1712
2004
-360
3847
6591
-2676
9566
4789
-2189
-3630
-1696
-5641
-3794
2915
-9182
549
6035
-2807
-337
4410
5281
3268
6540
-6696
-3877
-4750
5771
-7406
-5206
2911
5209
-7686
7440
6220
6608
913
-3503
6134
-5469
-686
6562
-4842
-6419
7054
-9419
4358
-5561
-6421
-8286
-4040
7459
-4513
-5954
8282
-1439
-2181
-3297
5365
4168
7787
5293
8670
-4474
-8097
-5397
-5995
-6865
2485
2919
9371
4995
5285
6516
8953
-3483
-8887
2977
-7390
-812
-1871
6662
3791
4203
370
7126
3361
-8925
-18
6979
-586
2181
-9723
-4390
-4727
-2388
7786
-7080
2903
6086
-7529
-4004
6145
7595
-9999
-7739
-6913
-7863
-6406
5341
-445
-9961
-6331
2832
-8898
-7776
6315
-112
6200
-7661
2922
6410
-8783
-9803
-974
8555
-8015
7455
3620
-975
-9183
6642
-3640
-7588
3431
-8212
1076
6962
-9643
7628
-6377
-2207
8985
7601
-4725
4565
9536
9847
-1654
9374
-4704
-9380
6070
9812
6351
5454
-1795
-8722
-3629
-9148
5215
5013
9801
230
5553
-8850
9139
5502
-3812
5825
-1195
-8699
4078
5208
-136
6923
741
-7246
-5419
-5789
-2741
9477
2609
-7063
9851
-8953
-9563
21
9385
4365
-4039
4554
-6396
-4768
9050
-5388
5965
27
-2285
-1956
8172
-6217
-4584
-6684
8025
-6503
1477
-7901
357
-6851
3128
-4484
-9240
-3588
7595
9883
4411
-8472
7866
4656
-4415
-6214
5415
3667
-2131
-9624
-5440
5350
-8895
-9656
-3010
4565
4429
5293
-4244
-2603
-4485
-9536
1185
-7532
7243
-3843
3200
-6162
-9355
3878
-7628
3925
6502
1344
6220
5839
-3999
3859
-4745
6302
-4436
-4333
8282
-4758
-1687
-6451
-5484
-6661
2139
-876
-5279
2009
-4566
7892
3783
4714
-8677
1385
-6564
7238
-2799
-9538
8195
-9337
7886
7930
-3246
-2915
984
4787
-4457
-3638
-8736
6034
8905
-2315
3257
8563
5985
-9089
2680
7938
5157
6945
-9356
-7284
7250
-4743
4038
467
-4633
6343
-1219
-4516
-8860
4986
4425
-3169
-7908
3639
6990
4973
1691
773
8297
190
-2699
7477
-3081
7049
-6666
-7571
6959
-7904
-6559
-7555
-4351
-8908
-375
3309
-1629
-851
7207
-8988
8812
-2363
-7301
-8754
-432
7342
2226
7876
6799
-5483
-3617
-8905
-4601
-4779
-5152
4858
947
-7776
3671
7684
-8861
-9512
326
-966
7369
769
-8936
-4412
870
753
9176
-1076
-3054
2580
-1391
-7331
6451
-1041
3893
4191
-1336
6121
-3666
-8004
3822
-8486
-9466
-2739
-2967
-6787
-5417
9549
8543
1650
6732
-2423
-686
2731
292
-5974
-5378
7476
-6231
-5198
6586
-7533
-3065
1173
-8832
-6622
-6509
3567
-2139
-920
1073
-1370
6172
-9802
-8427
-9616
-8138
7287
-8984
-1695
-317
9048
-9754
6109
-6316
-4782
-1588
64
-738
4049
-9105
6891
751
-2957
7663
-3068
5776
-4302
6315
-4374
-9886
8024
3090
-4706
-2242
9931
-8259
7001
9450
-6266
8968
7541
-3307
2981
-66
-8825
-6933
1657
-472
8125
-9140
-6045
-5932
9044
-2800
4017
-8721
-2624
7379
-4501
-3588
-894
-9435
6545
3364
-69
671
6905
4128
4107
449
-839
-9222
1507
-4563
-5181
-810
-2578
3798
6698
-420
-8602
5584
216
-3280
-3524
1648
-5690
2256
8912
8713
-6682
-4643
627
9258
-3266
6213
3625
1290
1443
8937
3500
9639
7725
3439
-8439
-5239
4009
-3878
-7565
-9147
-5542
-7406
-696
703
9069
1689
8724
6155
2040
3558
-2813
5363
2001
6829
9580
-6795
-2811
4212
2493
6686
-8129
-8499
2114
461
4151
8141
1515
-5873
-3401
923
8289
-4999
7003
-3166
9095
-6065
9972
-7274
1946
1172
-176
-7268
6538
313
2913
9809
-7801
2388
-1052
8305
-5557
9575
2316
-2184
-3542
-107
-7126
-5641
8215
-4358
9047
3144
6946
-7937
-4930
5966
-6298
-6142
8734
-2110
2042
-7084
2416
3255
-4207
-4864
-9083
5235
-6999
7940
-2585
-9052
-1683
-6341
5286
-7888
-2593
9125
-6965
413
-9554
-6034
-317
9891
-8002
437
-860
-8929
-302
-9737
9998
-2303
3431
-7739
5991
7293
-314
-4068
2002
8365
-4099
-7676
-2670
-3487
5387
394
-3898
-8950
-7153
8010
-2025
-2173
1236
-1817
7721
3746
9952
1704
6019
3862
-4156
8566
-9151
6205
3950
-1828
8118
-5109
480
3069
463
3072
-3698
-7669
-6826
-5677
997
-2638
-7751
5706
2977
2901
-8354
-7836
-7702
-6283
221
-7905
2549
-3628
-6607
-1297
8966
9584
5064
-3202
-535
402
-1758
926
-4973
-239
-1308
-7447
7335
-6040
-8193
-4239
-6296
-2080
948
1972
3424
7609
-2660
781
9961
2122
-2333
6159
8291
-2489
7682
6087
-9758
275
2483
3186
5926
-583
-3962
-9591
7287
-7364
-4854
7863
-6719
-3784
-4224
-4087
-8034
1102
3649
-7100
3945
-409
-716
8903
4434
-5109
4227
-4268
-2380
4902
-8531
8967
8054
-6107
-9721
-7042
-5194
5681
1725
2340
8956
-6861
7755
2778
7009
-4762
5327
4547
5101
-1104
-1331
7043
5165
8650
6822
7365
-7218
7232
-2103
-8558
-9204
3255
-3318
3904
-331
-3568
6755
-6737
-4985
-7626
-3759
275
-7899
6274
-5236
-3114
-9744
-4412
7651
4215
4614
-498
8954
-1762
4841
4809
-451
-4812
2015
-652
7629
9170
-1249
7857
-1057
-5788
-4413
-5722
9284
7683
3300
-8737
1566
-7076
-4256
8860
7080
-7885
-3276
3761
-9283
-1359
1914
-3738
3308
5581
6500
64
1877
1825
7449
-9354
5678
-5442
1361
30
131
-6399
8911
-1588
-2781
4167
6838
-5842
7616
-7039
1884
520
2347
197
-4945
5183
9798
5697
-7634
3234
-3511
4561
-146
9163
-9557
-5102
1342
1188
7068
-2795
-5177
-9695
9551
3269
5
6553
1982
8174
6268
-1190
-4743
5762
-6372
2437
-4157
-6796
9629
4729
4294
-1774
-8047
6463
6269
9674
9323
943
5123
7321
5640
2822
-1571
2371
3781
-4902
-1213
8024
-9176
4269
-3437
5356
-6660
6451
9499
-7278
-2161
-7862
3082
-8426
-5051
2887
9510
1144
3214
5050
-5936
-4592
-5964
-8589
-658
3058
9187
-5110
6502
-9598
-6041
-3433
3693
-1071
-8111
1221
-6959
-3826
-2140
-9581
1216
2305
-6603
-6115
2277
1478
-672
7825
8495
5827
910
9558
3756
4106
-7261
748
-9511
-3412
-3306
-1461
8005
-8880
9481
9860
5661
4521
-4418
6065
-1683
-1014
5663
-9297
-5736
-3222
-7595
5534
-2594
8617
2887
6248
3858
9291
531
7201
-16
3412
1255
3633
3856
6331
-1124
3536
-5531
-924
-4640
3147
5721
-2168
-9761
-7413
6965
4893
-5438
-177
-2522
7871
9343
5362
5505
7997
-6475
5115
-4224
5865
-9337
-8591
3096
3320
-8402
-7134
-9790
3437
-510
-3402
6299
-7882
-1287
-4042
3608
-4576
684
8580
-7184
-1747
-517
9257
-8205
5066
-6965
-5154
3496
7851
-7790
583
-9375
-7337
-7736
6277
-4204
-7365
-6394
7682
-4981
208
1479
-709
7164
8882
3192
-5581
-8057
4719
6709
1702
9117
-680
-1048
-1805
623
1267
-2444
1528
4946
8521
122
284
-2774
1385
5018
4582
-4517
2826
8864
4197
-6984
-7953
2528
9991
5752
7882
4752
-4630
-9968
7193
3421
-1241
125
1551
7007
-4752
8299
-3966
6134
5594
-6768
2501
-622
440
-5875
8046
4844
738
-4203
-2895
3183
5020
-4614
-2968
1060
8233
6677
-620
2596
4545
8702
3876
-3922
-3802
-5332
-4341
-2418
-4771
6182
1351
5053
8635
928
-6528
-6247
-922
-5606
7318
-3464
-6330
9135
8277
9458
-384
-4296
2146
-157
7649
-2639
2094
-422
-887
2215
-8881
-7953
-3203
3848
-8443
-9482
-5640
574
-441
8621
-144
7183
-6701
-5784
-71
6241
-8096
1959
-8381
1375
5454
304
4916
1896
2449
-5124
1312
-5699
-1929
1621
-2371
-8382
-6936
-4674
-3351
-7029
8346
2466
2109
-7065
-7857
-8035
1122
6722
-95
798
7367
5634
-3567
-6638
4935
1389
56
-3159
-5182
158
-3372
9473
4927
987
9721
5552
-8262
8830
-7665
5918
3833
-8744
-3819
-2901
-3979
-4671
-9369
702
-3447
-7903
176
-1322
4122
-871
-3288
4609
-7266
2034
1865
9666
-6255
2865
9747
139
5026
524
5926
7714
9177
-79
-7277
7630
7646
-8715
-8380
3559
2398
1273
9953
-5224
-8479
2985
4035
-1256
-4085
218
6949
3223
-5031
1251
-504
-9764
1163
3937
-7510
2303
1658
3747
-3944
-6691
-1664
-2086
8040
7450
7592
-1394
-9602
-3782
9886
-7823
-5370
3558
3791
-7632
-3066
-1856
4324
8570
1952
4021
-6990
-4297
4786
-1266
-6904
-5229
8396
1670
3115
7590
-9934
4273
-5978
59
136
-6627
-7438
-1654
2739
5160
-3840
-2633
-9505
-5144
8530
797
-4402
-50
-2462
-9632
1721
-229
6264
3861
-2445
1540
-1970
2727
824
2170
609
8635
-5393
4833
-1528
4236
271
102
5941
1804
-5600
-9936
-8571
7517
3084
-8045
7209
3120
3276
6116
-5460
6434
-6688
-11
7973
-1845
3015
-8427
-5326
1018
-3604
1823
1892
-5272
8379
-8812
2107
5598
-7406
9978
-8081
3450
7912
-6126
2176
-9787
9469
2527
8681
9970
-3254
-3409
1851
1160
9789
-4976
2470
9231
-2539
5126
-1494
8111
9480
-5318
3099
-2778
9654
-9394
2632
-7557
3709
6659
-2175
4035
-477
-279
-6079
5690
1787
-8737
5148
-6905
-2934
3815
-376
-8148
-8401
4127
8711
8648
2565
4764
5438
-4327
-8227
6762
3580
-3056
-3870
-2446
-2306
-9035
-499
6338
-9224
2490
7086
-2191
995
945
-8653
-4726
6174
5073
-3647
-1278
-4012
947
8584
-3986
2557
-2294
7837
1008
-6851
29
-2599
8
7974
2623
-7639
-725
9209
8613
1883
-7872
-6877
-1565
225
5512
7056
-9276
-2229
-5221
4863
-7155
-8630
5180
526
-838
7264
9131
-6575
2268
-7924
5920
9203
8
-1465
-8636
1741
7022
8590
1015
-5662
1669
-140
7288
-6998
-3490
5162
8507
-6275
1355
9258
589
-1536
3553
-3830
8134
4763
-8251
-8045
-5218
-202
6179
-1482
-6755
1019
8675
-7963
4058
-350
-8921
-3152
4439
7659
-3337
-7331
8241
-3066
-9334
8149
-3560
-4552
-2722
3832
3083
-2064
-7491
-198
2291
-8922
7358
-2173
7291
976
9463
8720
1341
2488
-4637
8054
-9208
3646
7941
-4459
-4194
8419
9939
8373
4754
6694
1847
1775
2062
-4771
9271
8947
-1316
-5569
2406
-2603
-6242
-58
-781
4275
-8850
-4338
-641
7256
-489
1246
8015
2884
4755
2790
1083
-8926
4842
-6621
6341
-3743
2667
-7817
-5234
-2702
3888
-8950
9354
-3325
4144
722
-771
-9605
-8845
-2223
2743
2131
4199
3143
9070
543
820
7722
4863
7269
9918
6848
-7111
-4091
-5241
-4326
-673
-6829
9251
-2548
-6427
9999
-2479
2147
-16
-2826
9082
-2229
4254
-9197
1589
580
-7299
-4797
-9937
9188
-9397
-4646
966
-1611
7197
3127
9835
-5388
6436
175
2015
4363
-3915
-7160
1007
4430
-2738
-8599
-2191
5305
4546
-4565
3843
-7110
2486
-6675
-9548
5600
-1207
6576
5908
-5214
9485
-4262
6932
-2760
270
3100
-6827
-1436
-7214
-8166
694
9634
-571
-889
-1120
-3422
-2808
3890
-7775
5915
-4998
-6891
-2530
3808
-4745
-9604
1787
-6315
9150
9391
-9226
-4433
-7578
-9791
1379
4488
-4531
3384
-678
7129
716
-6017
7750
3854
-5947
-8311
-1642
5172
-3613
733
-8460
-5840
9277
-9768
5607
1171
4951
-3480
4427
1667
-9724
-2288
-9639
4177
7629
-7584
2528
-5766
-5648
-7439
-4801
5682
-8438
-2191
-8811
-9052
-547
9573
7968
-9275
-7033
2042
9758
-6192
4282
-6993
-1270
866
-658
652
-3758
9991
2791
-6913
-8192
4868
4184
771
-5307
2608
6469
5344
-7013
-7208
2538
6762
2928
7249
8595
-323
4450
9350
4922
6449
-5794
3074
-8181
5151
-9919
5265
-1365
-2243
-5334
3777
1884
8451
339
-5358
6205
-3223
1198
179
4277
522
-9824
-2247
-4507
-4995
-4383
-2815
-3620
1064
-2618
3846
9781
-2350
7427
-4481
9360
-9621
-3246
-1188
5668
-3674
-4517
8065
3636
314
-553
7248
4982
-4518
4117
2050
2075
6968
-6505
-5839
214
-2318
4655
7599
-199
-7073
4450
4585
-1396
-248
-8733
9102
-8285
-7523
8108
9979
9636
7054
6280
4782
895
-9844
148
-4124
-6295
2129
-9225
7334
4131
-2416
-9842
-6657
6681
-7120
8562
-8904
-1458
-5468
3416
995
-393
-9916
-2519
1288
8887
2558
-4913
-3839
7547
2289
1830
2244
-5884
4818
-3722
-1252
-3739
8527
-4666
2434
-3501
9872
4056
-9448
2993
-3823
-9955
-5830
4615
-5199
-1998
4574
5648
-1615
-7514
6870
-6423
408
2949
-3622
-2725
8789
3936
-3184
457
4849
846
2646
2614
-1538
3412
-1585
2271
5349
-2637
-978
1239
6036
7228
1176
-9697
-1363
-2189
295
-3009
4389
2431
8016
-7195
1454
-4530
8763
-621
-3460
3718
-1541
-1432
3110
-4941
-7979
-2316
7166
-7064
5335
-3481
-7993
5624
-3160
6651
1832
-1704
6365
-2249
-8294
4899
3620
-1590
-4303
5842
862
6675
1538
6031
7378
-6310
-2079
4369
692
-2619
3980
8345
7897
-1640
-2403
9191
-8865
2269
-2345
-7242
298
9114
7476
-2849
-7911
-9306
1139
-1738
2406
9645
-7298
-8352
-7208
-3428
777
-8539
-1009
-8268
6568
2796
7380
-7893
1524
-1356
-5939
-3608
-5270
-3219
4047
1646
7391
-437
-4044
8615
-4299
6647
3223
1303
8330
-9316
8106
-4682
7423
9822
661
-1925
9362
4091
7797
1137
-2234
-3603
-5215
-3876
2372
7193
523
4142
6208
1671
-3591
8937
-4947
-2415
9798
129
-9841
5140
4938
4249
7362
-7934
1975
328
-5070
-3592
4099
-2909
-2912
7538
6979
2856
-546
6834
4681
-6489
-7218
-7806
8710
5033
-2871
5719
2492
6299
7466
-3449
-8634
-5604
2023
5489
7466
-9277
-8637
-1097
9936
-7275
-4368
-1386
-3905
6414
-7994
-8018
6450
7632
8795
-9330
8713
-6838
2308
-1945
-8716
-538
-454
783
7677
9299
-5306
-8328
4542
-9993
410
9447
-1273
-4806
-7167
-3722
558
9653
-7556
-7296
4196
-3157
-1747
-8027
-2211
5731
-688
6655
867
-1480
9893
-465
-3739
-1851
-5882
7623
-159
-8748
-7134
5666
8099
280
1885
7080
5562
-1541
7918
9856
-4315
-1344
-7675
-3539
-8584
9779
8974
-2741
-9220
516
-2114
5657
5523
1144
-4108
2263
-2657
-8597
6386
-6101
6721
-6371
-9547
9645
-196
4518
7073
6544
-4360
-3719
8947
-7709
4184
-2658
8911
6899
-5712
-4205
710
2671
-6671
-2638
-9958
8383
-9805
2185
-5223
-4595
2335
8895
-8233
5285
-7969
-2857
9532
8297
-3470
588
3825
6006
7443
3696
-984
1241
7007
-1214
-2072
9592
8282
9488
-8374
-959
-6077
-9548
7871
-3843
8043
5454
3783
7196
4892
4329
-5070
-7203
-5310
8435
-4236
3534
-549
-5721
-9823
-1918
2694
5221
-884
-5768
1498
7834
77
-6945
-8775
-4900
6998
-2508
5367
4407
2323
6639
-8367
-6866
8219
-514
5956
-7755
-2056
-2718
7300
3409
2528
-7242
2192
-439
-9012
-5877
6708
-5631
-456
688
-3473
-7881
-3582
1428
-7484
6913
136
-5513
6755
-7814
-7734
400
-8364
-2828
-4858
-5909
3727
-199
8380
8227
5196
6873
-5440
-1283
3664
5520
8573
4778
-14
9417
4434
-7189
5063
-9777
8722
-2641
324
8144
7052
414
-1134
4370
-2262
8529
3458
-1073
-3230
2733
8445
-8780
6745
6667
-5636
5969
6199
6568
-5579
-7642
9482
-4837
2049
2333
-1726
-7262
6443
-1856
8626
-5752
-7513
8648
-4565
-3840
9969
-2188
4292
2398
1776
-741
4003
-6448
5810
8695
1600
-5816
1420
-3495
-2114
3018
3589
7671
-7354
2256
-5392
-9593
-9516
-1535
1123
763
5863
-5317
-5463
-5354
-9674
-9492
4404
-7519
5838
-2106
-2574
-3298
-5179
-9939
-9496
-6426
-1607
-4649
6103
7355
-2098
-5261
3305
-9103
-9552
8807
-9925
9196
7854
-9256
-3925
5075
6544
-6635
4191
6904
2328
-5001
9447
21
-8243
6218
669
-1685
8977
3901
-402
-820
2863
-3014
8024
6937
3634
-768
-7614
-8088
-930
-1440
-2174
-3342
-3741
-7107
-3069
6140
-2250
-5548
-1782
8544
-949
-1693
-9981
-1786
1543
717
-5466
2784
4114
-5118
-5687
4857
5114
3719
9688
4333
-8510
-7224
-9729
-520
-285
-2644
-1987
1785
7892
-7641
-6612
-5931
328
9511
412
-4829
-828
-4071
435
2512
3354
4646
9388
3426
-319
1918
-6339
5267
2985
-1619
5087
7501
-8301
-1294
7212
-9885
5809
830
-132
-2299
-6893
-4192
-6412
4058
5318
-7087
5011
-4730
-6576
829
-3568
-3429
-1937
-5887
3382
7323
-8549
-5479
-7508
1585
3706
-9454
2879
-2876
-4142
857
-6523
6696
5479
5292
-8666
-9113
7156
3613
-8689
-3038
6723
7676
8886
-7736
-8262
6907
2332
-8716
9615
-7933
-3794
1318
2840
-1715
2514
6023
-2464
7161
9686
-7977
2294
6161
6237
-4316
-6258
9644
8620
-7916
-505
3627
9993
5020
-3014
-351
7257
-8826
-9610
5892
-4060
5779
3555
-5098
-1297
-745
1075
3238
-7881
-8158
-694
7587
5172
-5793
-8481
-9204
8081
-4319
1763
8453
-5099
2913
-5213
-2115
2321
9548
3644
-3052
-3683
1784
-1744
7850
-3875
2247
620
-7840
1784
8305
4053
2436
-1664
1009
5638
7725
5987
8445
673
2056
8693
-219
-2612
-7290
-7281
-8812
-4266
6262
5613
-8557
5670
-5491
8365
1896
3667
-7984
1759
3592
-1860
-9616
-9467
-3850
-7269
-1237
-782
-7678
4784
4539
-7381
567
4225
5724
-2024
-9959
9584
9164
-1565
-7931
9108
270
-9083
-23
132
946
-8202
-7735
-5965
5519
-4241
5569
-4497
-2388
-1020
-7179
-6526
6177
1380
422
-5329
-2224
-3527
-5050
8741
-2290
-9619
-1437
-9334
-3305
-5162
9098
-4454
7016
-8105
-4005
-9043
-2472
-7660
-4034
5871
8671
-8549
-7097
-6361
1173
-6544
-9270
9329
-6995
-6258
8484
6647
5987
-7718
5606
7915
-2241
7334
2947
2706
5996
-6410
6269
-6542
-7003
-5504
6979
-1400
5412
3686
8665
910
2662
-7579
467
587
7640
-3093
-8844
-4825
-8886
-1040
2455
-4280
6193
-3042
-7332
9838
-4362
-2380
-8781
3302
-3624
9182
8941
-6081
5403
-5990
-3205
6277
2257
4636
8348
-7296
-7347
-5162
3963
9329
4655
9442
2910
714
5044
3477
-2369
7119
1624
-4757
-6510
4035
4045
3906
8581
-1763
2060
-4374
1465
4470
-3693
852
5083
8724
-2952
-7395
-5897
8712
-7766
-6709
-1538
-4556
3554
-7538
-1836
-7180
2513
-7539
149
8008
793
-9057
5712
9050
1885
6962
-4765
352
3346
6882
2555
-579
2358
5378
-8560
-9022
2397
-7406
8153
6745
-9619
7291
-5981
4486
-7303
-3108
6246
2517
5409
7326
-5210
-9855
-9842
1986
4882
4393
-146
3249
-8690
-7822
7915
-7638
-559
9776
8486
-6708
-2493
8144
-690
-4743
4083
-838
-4697
1659
-1618
-8771
-5471
-1073
-9793
614
1287
-4926
1571
2559
6293
249
-9721
3781
3166
-8429
3381
3719
6552
8634
7977
-2217
5394
-2214
8919
-3555
-4523
-8571
6231
96
3939
6281
4514
4515
-9463
3625
-5598
-9825
-4926
5725
-4411
219
-8120
6596
6250
-4029
-3881
-3961
-927
2263
9133
-7080
785
-2125
-9776
-6712
-1433
-5814
-208
-8555
-9183
-6435
8591
-5876
7822
-1387
2392
1135
8782
3082
-7304
4016
-4075
-3029
9203
2512
-8618
-334
4782
-8951
-2295
-7003
-7295
2142
3724
-4661
-5922
8865
-1840
-9897
8097
8547
5760
-4719
7405
-961
4869
1135
-4848
5730
4073
8208
-2856
9623
-104
-128
3670
8461
-1812
1124
7459
1510
-2090
-3541
-1079
-5021
-9396
-3410
-2639
7339
-8928
-6316
9911
6657
-4348
2742
1414
-3052
-225
-1153
6352
475
5067
9344
-9710
-9750
-1046
-2854
-1885
3671
8885
4320
2186
8873
5687
-7739
-8854
-8689
3638
7806
4239
-7101
-1552
-9611
-740
6680
4306
-3042
-2286
-7526
2408
555
-8482
-5255
8935
-7851
9695
9709
-3968
-6287
5990
-1149
8034
-9828
6049
2069
-9053
7487
6907
-7998
-6262
-2351
-8495
-2192
-8785
-6820
2331
-2219
2208
9729
-6730
-5070
-8143
8561
4287
7907
8001
-5041
558
9278
-3264
6521
-6416
-8674
-2314
6120
-8180
-5124
-9430
-1765
3897
6546
9073
-3024
-9034
4250
8294
5492
-4049
9624
-1009
1708
2654
9885
-4703
1659
5002
-2471
-9333
-8640
-7232
4088
-7135
-3845
9054
6041
1970
3076
3689
-6638
-3574
-8961
-8218
-53
4822
7863
6884
-8902
3933
941
3407
-999
-8082
-9218
-3367
-3631
7870
-3230
1892
-2105
8570
9745
7624
6481
-5099
-6526
3857
5947
3032
-176
-9076
-6870
-855
-8412
2429
-8377
-9502
6109
-5068
1549
3774
7466
-485
-5004
8495
9306
5625
-2516
-3811
-875
5088
-73
7518
-805
5075
7116
-2811
-5268
8575
-2681
-7500
5162
9269
3738
6296
-1465
-3448
-106
9901
4900
3342
-5947
5884
2472
4141
7473
946
3529
9662
-4113
6103
-9076
-8039
5941
-8745
-5410
-8369
-1087
-8696
-6715
1315
-1896
694
-9680
973
3874
9711
1998
-9635
2384
-5703
-8666
-212
6964
1873
-6677
6899
-4019
-3522
-2140
-8387
2896
6594
5889
-5903
-4243
-710
2790
6933
2396
5151
2569
927
3096
-2326
-6623
-3180
1052
621
7837
-8393
3120
-9571
2552
-3394
-7647
-8396
-130
-1010
453
-8376
7916
3562
2869
1009
-8956
4224
4423
-8858
-7691
7076
1496
9820
8116
-1807
8855
-5037
3632
-851
208
-5920
9124
-2773
9291
1795
5980
5601
324
3453
-2257
-4886
-5032
-7087
4094
791
1261
7466
2842
-722
8610
-3056
-9081
-5972
7538
1663
6247
-5355
7839
-9405
1443
6180
8526
-7939
-4084
-5523
8919
-2077
6763
-3525
53
-9383
-545
-3348
6671
-3797
-733
-1322
-4136
-8444
3918
7048
7695
246
-6040
-3161
991
5273
-9059
4171
-5520
6581
4496
-4814
8407
-6525
4715
3818
7064
-1511
1132
-2108
2174
8704
4416
4693
7131
3716
750
684
-5643
-8104
-7847
-596
-5201
-3555
-9571
8888
124
-9652
2563
2505
-4955
3880
2872
-8341
6509
-7177
1869
9586
-1291
5173
2981
-781
734
-6473
-1880
-4389
-9573
-4482
684
-5822
-113
-667
1358
9489
1753
-6732
207
-5146
1955
6224
-5662
-7126
3816
7454
4948
-7679
9441
-78
-1254
3268
-7239
9151
-689
6295
1421
-8052
-226
8663
4241
2008
7241
4121
-9342
-430
-9681
-1452
7368
8261
5030
-3977
-7278
8132
3482
9997
-2143
4994
-355
-4733
1398
-4668
9142
-3245
4400
7397
5404
-6
7732
557
7827
3911
-6293
-3311
6829
3749
-3151
322
2215
-7722
-2748
-1707
5981
-4777
-217
-6348
5937
4038
-1943
4812
4638
-4617
2799
2661
-267
9382
7542
984
-6051
1640
2442
-700
6764
-6084
1359
-2016
5230
-5858
-8718
-7805
-5820
2604
-9716
112
3912
-3319
8837
7457
-3267
6865
1642
9506
-3538
-8328
7850
9380
4823
4959
4302
7624
-1207
2564
8733
4326
638
1815
9132
2079
-4411
-3246
7435
-1765
4374
1349
-3899
-8771
-5119
-5432
-3699
-3290
1659
9397
-5975
9359
7758
3867
4251
-3551
-8870
-2699
8286
9350
-324
7815
-6401
-3048
-1691
-7482
-4831
-416
3663
-5201
8212
-8397
-432
4695
8963
1425
2812
8624
-3973
-7224
2047
312
-9389
5239
6884
4720
-3727
-7354
-8832
2645
4126
-8
458
3998
6608
7587
1139
-8256
-9142
-4319
-737
7191
-4170
3034
5001
-6424
8177
-7042
-8295
-2897
-269
4777
-8464
4923
9022
8556
2897
1787
-9575
-9089
-7643
1744
7451
-1215
3056
-9885
-7176
-306
1966
-3793
-5948
-3809
9285
6835
7972
3965
-4155
-6776
4929
-468
32
1790
-9107
1771
-7772
8821
4098
-3637
-8938
-8414
5489
-37
5703
-5594
4264
6042
-662
7867
2254
-5500
-329
2510
-1553
-3353
-1852
-8975
-9760
-9460
1789
-8321
9389
8372
8019
9015
-9578
-1922
-4845
8139
1131
-8667
2939
6185
590
5034
8109
-7902
5095
-5659
397
-5718
-7941
-2005
8964
4387
-6930
7479
-3176
2248
7260
-208
1407
-6395
-8017
-4317
-1648
4587
-8861
-7248
6861
3981
881
-3082
-4532
4338
8525
-4866
1864
-4000
-3608
7144
-9895
-8068
1069
9719
5048
-4379
-4057
9035
-8991
-5775
-8658
-5163
3115
-320
7640
-818
6738
4415
9418
6840
-3983
-9242
-1861
-819
1483
-140
-8048
181
-9604
-1225
2365
-5751
-8683
-161
3311
-4740
-700
-9200
-8498
7583
-103
-2832
-6802
3511
-6301
5762
-7814
-2625
3460
-2793
-4758
-9537
-6645
-7741
5833
-9293
9716
144
-8474
8395
-646
-6677
-6628
-653
-206
-255
4512
6166
-8728
3694
-9546
-4060
9473
5966
5693
7000
5768
26
3801
6734
9098
-927
-8286
4833
3807
4248
-392
612
5518
-7719
-228
4987
4777
2606
2185
940
-9000
-6860
-116
6124
-7240
768
418
346
-7024
-3694
999
-4961
5259
-8923
-859
-1888
-8333
9413
-8608
-5895
-4104
3276
6816
-8064
-3613
8073
204
-9046
9552
3497
6474
7714
-1325
9812
2353
-5116
-6216
-2309
-6298
-2463
4927
782
-3850
-8532
-8269
5658
8458
3812
5744
3909
-2846
-7156
1165
-6268
-6965
-5340
-5156
-8382
9744
-5507
-1771
3262
272
6292
1060
1761
6488
978
-9418
1855
2801
-3331
5572
1817
-2560
8967
7406
6265
8909
405
4168
8973
4652
-7526
-3353
-6932
-4104
-7177
-7174
-1596
6145
-240
-4347
2638
3780
-5838
-313
-2777
5619
2898
768
-7123
9699
5413
-3575
-4113
-606
-1706
-2696
2617
5889
-5837
-9185
-1124
7201
-3366
7605
-693
794
-7421
-4813
8743
-2664
-6348
3914
-5378
952
-2919
-3508
9456
-5296
6393
2359
5380
-4956
-8069
9470
-9339
8640
-3218
7685
-932
-2113
-7986
-5683
-5640
-1842
-3264
2802
5422
-6584
-8453
2273
-8633
-3094
2237
9519
6738
8076
7415
2605
-4485
-9400
-3676
5097
-7730
4716
4249
8955
-3938
4697
-1717
3900
-7100
4
1915
-6060
-5525
-7823
-3105
-2160
-3547
8069
2232
-4098
7413
6073
-3723
2172
4416
8049
-1031
6570
-7646
-9924
-9119
-6248
-1019
2697
7840
5759
7135
-3323
3725
-8958
8134
-8647
8115
4934
-4792
-9820
4643
-1413
-5172
7270
-7859
-1792
29
9489
9679
4293
-2595
7231
4587
-4664
-822
3179
-2555
9742
-4931
-847
-1012
-8659
-9508
7726
-4965
-658
4457
2741
7035
7143
8045
3770
3064
-6554
7656
-9404
7727
3558
-2332
8496
-2844
8860
-5546
-7480
-6218
-1551
-3504
-9779
-9885
-6517
3483
6485
-939
2523
-9432
8588
2843
-6060
-7468
7720
1060
-3085
-305
-2774
-7840
-1854
-3913
474
-2387
456
8711
-9912
-5049
-745
9738
3315
-9671
6001
769
3973
977
-3283
-6881
-1388
-2221
2408
-3867
-183
-6624
-7351
-4595
1997
4606
-1823
-6475
-3932
5039
-9060
7572
8773
-5866
1946
7889
-496
8341
6510
-5004
1247
3734
-4504
-7457
692
-8584
-6346
-210
-7280
-6318
5090
6511
-2078
2766
-7609
-2502
7395
-6986
-5651
6063
-2788
-2645
-8879
-877
4329
-5296
-5661
708
4604
9809
545
-5412
7780
5538
-3736
505
-8043
-2471
-4066
646
-7618
-8741
-6799
-9341
-757
2472
2213
7893
-1961
-3577
4759
-4526
1024
5410
-3216
8801
2826
8310
-9635
-3736
4546
-9990
-5612
-6415
-5104
2339
-9651
-5736
8714
4920
1505
-9885
-9573
627
9810
8890
-7680
4245
6411
6237
-9808
1298
7499
-8265
-759
8847
9564
-2606
-2060
-5227
-1106
-5403
-1120
-8117
7261
-2230
-2432
-1885
-9913
-2628
-7931
-3617
8715
9872
-5559
-6531
-8356
7111
-3582
-5564
6420
-4153
-6172
6069
6673
-5947
-196
-446
3422
5699
1644
-1664
4801
-4333
503
-553
-2915
1679
-3292
6492
6825
-9840
2836
-5545
-6685
-6825
-3640
-8076
5074
936
-6691
1035
-4189
3135
7273
9524
4232
8138
-159
9853
18
-7754
5616
-1616
-3213
4488
-2360
-1295
-729
-7141
-2080
-9924
-692
7225
-8623
-2685
1313
3760
7916
-6158
-9574
8137
7992
5104
-7649
1808
7228
738
7163
3916
5601
-425
-7540
4068
-1325
-8680
9163
348
-8669
9654
-8003
7776
-6135
-5649
9972
-5188
-600
7535
7476
778
-9559
9911
-4573
-3622
-7645
-4359
-7015
1685
1272
1636
6512
6958
7969
1107
7183
9130
5437
-7145
-7715
4827
6278
2669
1597
5692
-7263
-6278
-361
-8720
-2779
-46
-2960
3010
3907
-6996
5864
-4565
5490
-5223
-2521
-8960
7918
5512
-978
3863
4273
-4713
4693
8185
5703
-7547
-9930
3574
-7335
8736
-3329
-7027
-1001
729
-7254
-2415
-9638
6033
-545
-9749
6226
-6464
471
8575
-1541
3585
-1242
-552
-7152
-5449
1661
-3623
-560
-480
232
-3019
-6028
-3902
-7692
-5570
9093
5637
9648
-9237
7579
-5584
-1766
9246
-6384
-8821
-1846
9407
7745
7243
-9730
-322
-3407
-931
2196
6454
4443
9478
-8121
-1058
-4747
3829
-5017
905
6248
-2664
-7324
-9646
-5704
-226
3717
-7401
3879
8666
7265
-3779
-3141
-1448
5105
1475
-4374
-6338
-2525
-6628
-9527
1465
-1968
1906
4356
4388
-2292
9233
917
-4218
-227
-9351
-9597
9728
5548
-5309
-2140
-8832
9959
1282
-5745
2906
-4274
6219
-2339
-6140
-3828
8282
-3570
4524
-3420
-5704
-2779
-598
9551
-1613
4919
389
-4125
5525
9429
-964
-3
6229
-768
-438
-2058
2525
6645
-1490
6259
1256
6050
-3956
7663
-4822
-657
-688
328
-5824
-9310
-5381
-393
3028
5235
4439
6316
-6906
-2478
-2801
9878
-3440
9692
-3413
-6688
-9199
-4200
2732
4444
438
-4353
-5209
-1214
8709
-7473
7189
-8767
-2644
-7403
3654
-1902
-2420
-4229
7175
-4679
-3811
5533
-2634
990
2000
-569
-9227
7926
5637
9042
6512
-6483
-384
4541
-6107
326
336
-4541
1767
-6111
-5718
6560
-7308
-2234
-3775
5767
4142
8871
-8177
7491
1356
7605
6597
7170
-5843
-879
-2823
-2659
2449
3595
7867
3643
-9124
4058
779
8246
6293
-1771
157
6319
6210
4781
-103
-749
-8739
8198
-9454
-9144
5083
9496
-8438
-9196
-1954
-8158
7865
2331
6347
7096
-8514
-8593
8111
-2953
-8822
6792
3927
5668
2331
5373
-7057
334
-190
-425
7691
5525
-843
-4341
5776
-4886
9450
7139
-3812
1820
5014
-1300
-3289
9787
76
-899
3080
-6685
143
665
-4462
448
-3809
6874
-5450
969
-8266
-5463
-5812
7267
8764
2810
3249
4416
6294
6337
9774
6741
-5138
973
-8009
4955
-9734
5087
-7227
-2460
1611
2297
7877
-7899
4597
2169
7385
-7169
-151
-6682
-9992
-7198
2502
2075
-6025
-1669
-9435
9971
5882
1942
-9670
-6046
-7458
-9195
-7777
-4885
4680
-1963
7419
-8793
8522
-2231
-3217
-3444
-4295
-9197
6204
-3862
1291
-6164
7037
7470
2530
8314
690
875
9718
-9125
-7848
-4105
-10000
7646
9526
-7468
5194
982
-6638
9960
3604
453
-7470
1945
-4302
392
3139
-7483
5560
-511
-2220
7451
-2240
-9467
7826
-8142
-8942
-257
-8946
-7076
-6590
-451
1104
6634
7911
1607
8957
-7353
-9478
8423
3101
9904
-1770
2784
-1962
-2374
5413
2787
1437
9995
-6366
-8371
5304
-6521
-1409
-7711
3381
872
-2190
-7198
8286
-6895
4503
-7718
-1148
-2914
744
3052
-673
1771
6565
-3565
5415
4700
-2902
2699
4127
-7482
2023
3941
-4201
5224
4478
3999
-1941
6415
-4843
-5283
-9685
2740
3999
4983
4757
5771
3655
-2268
1469
-4257
802
7410
-5195
-599
6543
-9170
4377
9008
-1103
6195
-8603
-1086
-6921
-8949
-5589
-4139
-6240
-6227
-4711
-8626
4218
-9415
5042
-3525
2409
5988
-7968
-3191
9570
-5698
-9558
765
-9649
1424
-707
-4298
6400
-9653
4695
6926
1655
-9938
-3497
-9313
-9173
4637
1329
70
-4738
-2205
5397
4287
-7016
5492
-6990
-3144
-848
2098
1292
-2923
-2021
-4983
-3395
-9343
7979
-6950
3004
-5760
-9476
-6629
4389
-420
9670
3921
4553
-785
-2371
-8448
2443
-1360
-8326
5371
4861
-3561
2392
3707
2564
9646
6565
5158
464
-6250
1038
-6999
6136
4886
7416
-8101
8110
-1124
-9313
-9988
-265
-59
-8789
5477
-7954
-5028
-2579
-4088
8228
8989
8570
-7282
1443
-1625
7698
-8143
-5933
2877
-8651
-3554
2260
-2070
4862
-9373
-6918
-1948
-1094
1965
1489
8232
-4337
3122
-897
9950
863
-9091
-5415
1639
-6940
-7793
1347
2667
4369
-8153
381
-1070
-2154
7133
960
2801
-1591
-5060
3918
2367
8219
4541
-8235
3092
-6734
1209
-4341
-6595
-5386
-6485
6205
3959
5124
-1450
-2711
4711
9636
7236
-1775
-8377
-1217
5329
8776
9913
-8492
4673
-7714
9278
-3629
-6019
9814
5425
5297
-7899
-4571
-7950
2979
9867
-1804
-9193
1473
-238
4378
-6787
-6052
8542
9533
-663
-8488
952
5791
3938
-3629
3429
-6609
7884
151
-2639
3308
3258
-3053
324
1687
1749
-9670
4260
-40
7983
-8650
-5990
5916
-6523
6513
397
536
391
8054
8161
5591
-7273
-2716
-1914
-2390
-1586
2320
4914
-6874
4618
-9699
8209
1236
-4222
-1845
7365
-5582
-4058
3636
-3358
-7756
750
3349
2354
2500
3285
