7942
18566
4915
7390
11312
18842
1214
326
4093
16640
5628
9157
4304
13940
2764
549
18712
10150
15485
4400
19819
9249
18147
2560
4329
16756
2297
6373
14309
749
371
13442
9642
18306
4945
17662
19286
16463
5995
16058
17919
10005
9875
2506
284
14086
7430
11543
2539
93
16638
11010
16433
22
7862
1369
2393
12504
5979
4224
2087
14219
19629
17180
3228
7442
13137
3203
10205
7115
2111
18380
5483
16285
9318
6404
11528
6994
6059
2775
13781
6318
8823
7805
16884
6759
3720
15297
2094
1446
12106
7466
14104
18161
6084
18500
17913
994
19736
3339
18599
16425
7955
10267
18304
17747
6242
6157
310
16512
17468
15080
12489
19285
16962
11700
18594
6429
10297
18151
954
5260
5779
643
11952
19257
9325
3205
9587
1754
19454
5098
11771
5422
9444
4744
17822
19396
6846
17179
7590
8368
16608
4961
1505
10890
15734
16015
7490
15344
37
14994
4876
9405
12835
15847
7187
945
5298
13901
13554
3237
5476
889
11026
13182
9159
9044
3342
8955
12284
303
4853
1995
13418
5716
14607
10207
10481
7531
15179
18897
16744
18992
19734
18023
4597
14770
19585
7727
15198
4774
8857
8959
18091
14400
2389
8174
17209
8921
9873
4661
15313
9934
17551
749
9855
906
13274
14777
4800
5278
11386
6599
13364
18633
17132
3869
8330
8278
11268
6256
1776
4863
16578
19436
957
11434
6934
8028
7095
1786
13086
2120
13705
14332
12748
2390
4062
9845
16317
15343
15340
17284
13472
11407
4715
1182
11618
10589
12004
6734
7653
2789
381
615
6996
2233
792
5668
3716
7032
7856
13735
3256
11353
6478
13772
6525
12326
13922
1566
12753
10468
1175
12071
4160
19900
12850
17231
17417
7608
13855
8323
9594
12731
6268
16417
9776
14900
11900
14990
8074
13695
17225
19342
14265
16
12501
9149
5616
10480
17476
17033
19785
13104
16150
9584
492
15993
8425
3483
3864
980
19419
15004
12086
2562
3017
8857
4562
14815
5227
10770
10275
10823
5038
1131
14519
3065
15454
19477
3305
17893
6597
1053
215
10247
13424
16798
19494
150
17761
3947
6490
12870
16038
16950
5695
8086
795
3952
9929
16667
8664
18672
8159
5591
16536
19681
16631
18360
4278
15704
3726
14696
19392
10855
11161
11432
4086
13646
2145
2849
14009
5377
10629
9460
7869
17779
2229
19093
4942
1481
10377
9331
5044
19625
2734
12735
15215
3155
6170
4816
2737
340
17924
15744
13861
6111
5668
15385
12570
7434
4875
17133
6360
18315
10276
1857
14107
8476
13054
11110
13511
3273
14840
19141
4777
8760
3588
12082
12579
11707
17725
5282
5731
1920
1029
13487
18140
1521
3058
5798
3732
5277
4928
11721
17485
4360
14958
5578
14943
15794
3351
10488
5800
15417
8545
3878
14780
8344
14792
19551
15891
9208
13924
10016
15361
19463
16721
11769
16470
2663
18807
2005
13264
1041
5081
4510
475
18397
9581
8819
18390
4871
7554
19675
18720
1577
19411
12123
13065
1589
5409
14430
18388
3021
5736
9083
3924
769
14769
8741
7616
1765
5347
9268
3747
2509
13578
10523
7499
8532
6148
19677
3809
3242
14692
293
5335
5399
8057
15762
199
3872
15374
1628
5091
730
16733
3908
16927
9404
15289
18453
12477
4199
11656
3711
19901
325
2902
3359
2569
7914
6560
4881
331
12132
3474
6370
19719
8468
8217
5709
1840
18585
18759
3961
8931
13166
3506
10999
5209
3667
10349
11943
3247
12547
4904
10686
7000
5981
8459
6431
15807
17296
4190
497
8546
1990
2445
2887
19999
10780
7901
603
18166
13264
1551
5221
7761
1813
13600
15484
9590
17545
1215
3323
9459
4750
2567
193
15587
6830
8660
2297
6001
14222
9447
776
2972
15870
7904
27
11481
8903
16843
13974
16703
18144
16605
19047
18279
9492
6140
16435
10424
14108
19100
7514
14262
4080
2781
1287
7503
17985
3072
4563
19673
13201
16927
660
18116
13703
17480
12062
10258
18714
16250
13523
11857
4580
18562
13069
15599
14423
2199
1690
3479
6286
12515
10620
6991
9740
3987
7950
948
1654
1526
6922
10920
11675
12414
15032
355
12767
11501
15825
16493
8135
11754
1020
4025
18215
14581
5291
18683
16463
14145
4823
1881
2175
16329
5102
15558
4463
17266
14644
246
4516
16199
16242
10999
8292
13184
5335
15520
12813
18945
1048
15608
6842
18985
2630
15039
9783
2493
7879
10500
4589
10796
4905
10945
121
4261
13398
13829
2757
2979
19010
10862
14372
3648
17852
17151
2601
8232
882
11242
15271
9551
1327
5198
14341
13084
10908
4118
13670
2606
6188
3412
9106
4617
3878
7030
11701
1126
18928
13886
15171
5304
15911
18131
2378
12227
11231
19266
69
15496
16246
15406
17041
8570
9104
19365
5659
16117
3293
658
14005
7169
14197
8251
14401
11972
8301
12523
17000
14354
2681
14814
1720
3236
7872
14882
17182
1628
14180
16575
13330
12709
13790
9577
17229
783
19830
9878
15477
18162
5577
1630
2697
6867
4600
15932
16835
692
13022
10434
5583
16212
7254
13323
17832
6955
10200
13156
13773
7233
17124
18836
5133
13405
7483
2508
6886
5425
2942
12578
4367
4584
14499
5078
19026
8450
780
1891
19832
978
18148
1783
3819
19358
18742
7947
6907
9141
2605
8534
13702
19586
18200
8911
3422
16065
15363
7742
3839
3195
18895
4749
7610
3958
18644
15500
6896
19293
18792
3051
12265
9337
18439
8005
18194
2394
7930
2562
15909
15496
12324
1811
16266
6460
4852
8811
6026
2693
3248
3777
19006
5347
16271
8404
18818
10192
2019
12506
7348
1954
5711
6728
10877
7425
10150
15650
10620
105
6109
11869
16604
5526
19084
15457
18207
4441
4787
9339
15486
11103
17306
10472
9243
9752
2840
117
12562
12105
1392
8093
9826
12262
11117
15281
14715
13676
946
17348
18125
19627
13865
11040
16165
1064
3045
17845
3170
18908
9266
9785
16484
7414
17417
7575
4519
6101
4051
10748
8479
16604
3396
11156
12853
11837
3746
1744
6177
5108
9681
12186
2104
13732
7189
1073
11933
9838
9177
12318
12005
298
18679
15009
4103
133
4807
11834
8774
4208
5843
5835
1208
3818
4214
7276
10735
13665
12240
2680
4217
18364
4315
6324
15182
16708
7063
13356
5027
1946
10434
3332
5131
9014
13971
4020
973
1037
10684
10852
6465
12083
17931
10874
345
17271
3145
15874
9203
4337
5959
7873
9375
8463
18648
6110
15817
18122
10584
2862
18881
16371
3718
563
1700
469
13826
8565
2235
1178
3065
4389
12620
17295
16900
5151
10682
1993
5685
8776
13075
11739
19529
7541
301
16192
16247
728
14032
16228
10417
3921
6590
5267
3412
12159
7135
10775
6541
9652
3013
17477
15620
19369
17445
3657
13664
321
2541
4282
6189
567
17253
6006
2664
16598
1421
7658
11471
6415
14013
4416
13507
13723
19235
10534
15838
9974
19084
6341
6014
6624
13072
10172
4622
7107
16640
13024
1600
19243
10436
11481
38
6880
8208
5376
10144
18043
13944
14004
17332
19724
17062
2050
1011
9516
3590
7363
18542
13309
9089
9150
873
16146
7899
16917
16641
445
7506
7091
11673
17063
376
6761
4737
8546
3230
17635
4138
11826
3633
1423
12749
2766
17112
12919
16525
5455
7847
2493
14802
16785
18143
19112
764
12116
17529
18397
11247
3905
10927
12386
6841
19951
7698
4181
11183
11866
14176
14947
15359
9459
5068
2538
1613
10219
8698
9654
665
13361
19283
4343
158
5803
19430
12050
7868
10770
16341
9007
7422
19113
17494
12495
324
8477
10880
5397
5055
2089
8267
14193
13030
1955
14154
4515
18222
13439
693
6212
16428
1796
10459
888
16225
4914
9140
10067
3937
31
2799
12999
8850
12512
16384
7402
15865
7153
12315
3372
7555
16414
2114
4152
5044
14542
6335
17320
13041
14802
3723
11635
6971
1483
9376
2658
19668
4441
6939
7888
9843
1268
15179
2279
14109
9725
5989
3850
17737
4238
15957
4253
4328
15327
12912
8922
11596
17997
7106
1250
9436
10778
5929
3732
934
19966
13189
6633
7032
10406
10657
6916
8892
14923
7439
14864
2323
19707
10518
2835
9575
11588
12248
11715
14890
14177
4626
10045
801
13981
2972
4281
15758
6149
6911
12942
18927
19415
15865
19954
9322
13224
1957
8315
9840
7465
14780
2276
14192
7651
16437
17448
12351
8200
9085
7897
14151
8757
16168
10923
3569
5429
16602
7018
10122
2169
16595
3080
6223
12078
1520
9265
4287
17255
19073
9226
18795
14499
3454
15833
16769
1145
4054
5196
4201
1554
10279
16687
17108
774
2455
1368
16147
18191
2904
5845
16834
15287
18677
17395
12375
13880
7379
9794
18912
2276
5045
13119
5065
10199
258
18207
11109
14401
12986
13347
13456
15130
19448
16126
8069
18620
19397
15183
10145
15226
5201
1524
14263
1969
3382
19189
1094
1890
8980
18595
15275
8324
8083
4215
6088
15051
15668
11512
10152
16167
14708
14031
5172
16778
1721
7614
16530
8919
5806
16466
15592
15649
12427
13244
6376
6427
8161
8233
11958
13058
6901
15328
11827
2860
13706
15398
5413
4627
2463
11542
19539
14093
15719
16578
1993
2333
8606
4892
17626
8684
13605
6329
13413
2218
19939
19691
7055
10905
7882
12792
5226
5103
7632
14375
16117
9387
15746
18237
5337
19333
7355
9997
14906
17927
4680
15400
14025
4473
18497
359
989
4390
14968
19433
13922
2730
4484
9390
10038
12900
14504
5269
4942
10524
16723
16478
13277
1791
1749
15346
12304
12880
999
8900
12112
12159
16550
1487
16709
5823
15048
11970
19958
16395
8680
14372
2130
5674
8859
6874
19894
11478
3128
5905
16334
14603
19163
17704
19777
17455
17728
19217
19599
6914
11404
3398
12024
12354
19944
18887
14708
11922
17305
10727
13234
8336
2933
19724
8883
2375
16527
8742
10327
17862
6711
15343
16783
14742
16020
4027
14821
9030
1041
8789
12393
14273
6482
3333
14605
441
11271
1316
9745
10531
1288
4241
18606
17472
8109
1980
401
13993
7645
3181
12616
8805
18340
18028
18562
10328
11034
7355
15361
19992
7392
6524
9838
6762
7591
16229
18793
18214
16272
10379
13603
11954
13012
11427
2564
13919
11957
12570
12982
6260
18341
2776
7001
16885
19457
16536
3508
2717
16422
7840
16252
16543
6459
15873
8234
19112
2283
10016
11791
19443
12987
2283
13240
217
7952
5085
9138
14029
9425
13802
13130
19090
3572
14075
838
18691
9194
16888
19798
5274
8474
9619
5044
18801
9040
6351
18998
8335
1871
6449
9722
4337
9939
13999
7964
10263
6856
10080
449
4882
3959
4911
10368
5883
2056
16531
19645
2393
15245
16118
14007
12629
17986
6961
15232
2436
10958
12114
18351
17742
18349
1269
472
2279
160
19834
8445
12793
2519
18379
3752
5908
5465
19465
6575
1398
13420
4882
19655
3736
8940
19581
4510
5768
2638
11686
2873
15028
7784
3860
9284
15014
19269
10707
7497
15166
14281
16880
16606
541
9987
5758
19271
9963
19962
11096
2217
4568
12444
8471
14323
7775
3667
7549
5894
19483
6743
993
2193
12524
11391
8952
11521
17519
18497
16844
13361
585
5065
15236
4783
11343
17210
13017
6694
5068
951
12645
11692
14672
6906
4917
14747
7679
17866
9610
15939
8793
18677
11207
18191
2651
3742
9380
3712
8512
1470
16038
19664
11569
2930
644
14159
18730
12356
18882
10540
12788
16416
7014
2550
3671
3337
13282
18184
10509
9174
16529
1794
13901
15114
2974
19754
8150
1003
7124
10266
10841
8988
8451
15337
1845
15913
15717
5345
7171
10909
14514
11268
15931
10012
7438
13826
2751
521
17260
6606
4934
4681
15012
19234
4320
6724
3281
13869
17666
5132
13638
9152
10456
19897
3583
9108
15751
3298
3094
16487
13661
10216
7700
7705
8745
15808
2145
18548
2179
3310
16669
6657
414
15159
15915
4081
960
5454
14991
5159
3895
4766
6702
11063
11469
17880
2150
4833
894
6366
14758
4404
3784
17564
14176
11041
6654
15627
10877
16703
3547
9126
5405
4720
8041
16554
7523
12535
12459
10741
6454
11719
6576
3003
1973
5090
5514
14323
13075
11691
12672
15347
2627
19401
16814
5343
11731
11964
12262
5879
843
7110
4821
5345
16015
5201
16424
11440
11626
7344
2670
15731
10901
6500
6622
14132
8447
6138
19598
6529
16266
11214
16855
19391
7999
14522
12772
10162
2379
15269
8114
8210
3794
390
5833
6813
13453
17656
12651
7843
5046
6141
13879
14853
15484
15368
12656
7962
12266
10689
11826
16242
4571
1063
9722
19379
79
12371
15511
7280
8402
16732
15364
1538
2869
10725
11174
10815
12197
8179
1471
1495
1980
15931
19558
4887
19314
19979
9182
6564
16553
19993
6513
7502
16744
4086
940
11458
13795
14001
13555
5695
8027
19658
17603
19458
17455
6518
17645
11412
3031
5900
356
10175
7168
18980
6373
1635
506
4366
10950
6455
7933
13957
7448
9072
14291
19188
17465
4535
7100
19613
9609
7743
8702
2761
10811
12011
7670
720
2174
11207
12411
15723
4262
1229
13220
14195
9402
4579
9972
10755
17841
18249
13561
5682
10446
2977
8546
17693
1885
14508
11757
1225
7584
16195
14849
4188
1006
16925
14307
15010
13186
7621
12985
8492
7654
18333
8408
9213
1379
1337
4052
901
4140
11502
17267
4322
15677
931
17989
18980
16648
18653
16997
4990
5752
2618
19996
13524
13077
11438
5323
3070
7288
13500
1971
14929
6006
1428
2536
11527
7495
15012
883
190
15972
18933
4236
15530
19286
1166
2750
16273
6685
18586
10626
7818
483
10231
14926
3069
962
14596
3746
7429
7568
18942
17939
8086
18007
4338
15948
6041
2276
14255
309
8227
6067
556
90
3416
4951
3226
8830
8818
4767
1824
16766
11122
17325
16602
665
11944
5197
2197
3746
4642
15778
11829
19126
19765
19171
17671
12002
2559
10494
3807
9135
17145
6079
19022
13571
11550
10855
4866
5214
15501
15045
6553
17241
14163
4505
17703
3774
6357
14817
7259
12871
19430
11586
5660
13207
11683
7035
3713
2632
14519
3784
2018
16388
9617
6621
8227
17661
15996
2127
16590
2182
11446
8529
13434
16900
7266
625
6462
18433
18657
3421
13593
7915
12357
16913
12437
5303
12697
19794
16286
6119
5597
19924
363
16431
18847
14805
5503
18564
10956
14054
5757
16736
3329
15324
3716
13503
9636
2323
3528
14062
3942
9446
10330
11279
2358
13327
7715
605
4994
74
17788
14110
8678
18103
7272
9137
15327
19930
13180
19314
18887
9660
10723
8397
19945
532
9489
5743
15858
2414
14088
124
16442
8096
15662
6806
2479
9096
10202
1508
17746
789
7776
7451
906
10829
11174
15473
3872
14824
2782
4608
2138
13669
10668
4806
9920
12127
5164
119
16704
16912
8983
917
14807
8308
4867
6214
848
18168
2884
14695
1673
15855
1586
3253
19643
671
10206
16918
1296
14200
13841
13785
17910
3999
16362
12631
13519
11840
7612
17962
6273
700
15507
7702
18726
10190
8620
9621
17944
11761
4112
14015
8670
18607
19447
2150
15747
11269
16185
2849
19726
17319
19104
12493
6088
17000
10643
18830
16651
18124
18762
2610
17938
16389
15735
19280
17380
18318
7661
17961
14073
91
17479
4462
3783
18084
16793
2842
15849
2953
1290
4277
10435
17697
7914
14698
1793
18165
7965
1691
16786
3985
18159
6222
17898
6422
2210
1261
4897
3993
17357
6810
358
7488
15525
15362
15078
5324
9382
1151
6281
5514
17280
11095
19007
7111
9560
17538
7625
14378
6476
5113
13958
19714
16188
8256
3366
17045
1927
1087
12972
6263
9516
12146
9459
9138
15343
11469
10900
1361
17923
9375
15343
16062
11722
8446
16298
8643
4958
18062
12425
17213
14460
15080
10758
1628
5952
1412
11056
19807
16901
12996
11925
15768
3559
15094
17568
8002
3724
16535
1798
14766
6892
14446
5467
348
11721
11701
3514
19962
15952
3352
16489
6827
4064
16263
13548
19160
17534
14150
3447
7441
19794
15065
17678
16441
19955
12157
9929
18283
19916
15076
6912
8971
15605
5193
6193
17890
15114
18395
13653
18967
15504
11603
2291
16349
10233
13280
6725
15420
7974
5937
14855
9232
11876
18727
17071
10083
9340
19086
4236
4422
1158
9992
18956
12152
17707
12313
17425
11072
10191
14776
9901
7684
14274
18321
15321
2504
13395
2894
1552
3002
4476
16915
18272
16645
19450
5238
9994
6868
15431
2939
14836
9877
13656
18907
11995
19017
4038
13875
11665
1570
3477
2732
3508
7517
12777
13564
15753
8416
9967
1952
8340
19457
2955
14100
10824
17386
7115
17958
15492
7125
11237
17771
8329
13422
18151
11561
831
17869
3756
415
2406
16197
18329
4315
18719
12844
9419
9458
12136
15540
14468
7960
10213
44
15317
16503
8845
6595
13915
8865
8423
13226
12140
16063
17409
1592
4370
6011
5981
16951
9467
5212
7978
3147
70
13799
6657
18121
19666
1282
13578
6369
3625
19343
14400
15286
13435
55
5057
6145
12692
16395
4211
18522
6490
4651
8803
17920
10869
15598
19612
174
847
1488
15329
4032
581
15280
5599
12059
2098
9537
1201
19545
2145
9153
12309
10580
15331
4063
16041
12793
1303
483
3232
19394
17321
13147
13711
2223
12852
4265
1670
1384
9752
10883
14551
4864
6757
5988
1274
110
18340
2520
4656
228
17933
8912
17683
4992
2635
11546
19644
12643
15643
19709
1659
13478
4897
12300
5660
9389
7369
1699
12187
1402
17403
18910
3351
15844
14217
9875
10994
19390
11990
8016
12652
16773
771
19551
13246
1311
13499
4761
1519
11514
6038
6310
10421
17358
18783
2036
860
16946
6374
10204
2822
9466
10402
3200
19707
1316
3385
8259
11724
17865
10891
10672
18435
13232
5834
19440
1291
18978
14605
19159
7049
2387
17545
13662
172
19050
19641
8764
2171
13342
15941
10128
5525
13956
16728
8212
4009
12749
2108
18371
9458
15481
19538
10175
7288
18265
17361
3789
14373
12602
3210
9746
12384
4025
19065
13700
7277
13186
4885
16066
7066
1949
12438
10944
10308
17561
17375
7665
7434
6987
2379
14231
3738
2483
19583
13875
13474
13523
1846
5487
1295
18875
9646
19696
8926
18363
2423
12696
11918
11502
3881
3788
2543
19126
19915
19007
3766
11969
5714
17287
1669
12327
480
8247
6802
15726
12406
15371
18716
16280
17116
155
18035
7985
845
15865
19619
11798
18732
17402
3441
8110
793
7984
19057
10131
19438
4609
13587
9888
3654
3150
16043
14442
19306
9093
2692
13065
16722
2577
1072
8506
280
5262
10850
276
17668
14601
9429
15777
10525
19376
18031
4304
2418
17487
5276
18085
2464
2885
133
1703
17576
7685
7917
7506
3945
4949
3353
17852
6253
2728
3197
14062
17032
19950
6243
15738
706
8728
448
14456
17830
653
19792
14204
3127
12221
9933
13969
3512
6062
1022
15087
4264
11286
6999
9781
18245
333
10191
18804
14649
3939
5255
8250
3762
3285
842
5704
10823
12729
3299
11638
17951
6
4979
972
7678
860
9799
1252
9727
4958
7015
256
13101
8426
7998
13077
17246
8357
19478
19380
10912
3778
4620
12672
1184
7934
14928
3472
2535
12463
8688
5038
10836
4000
15023
15319
3705
5646
3573
14397
2611
3389
14984
16902
15872
16025
5897
3814
3112
17885
4034
804
14600
6972
17472
15153
6994
5035
19036
7630
4316
17379
13201
8152
10522
15296
8986
350
496
3855
10204
18949
16768
2360
13737
14716
4607
10323
17954
14249
16426
14323
6114
3080
15303
13053
1082
5363
11469
2097
7948
213
3939
19874
540
848
17163
18904
7695
2277
14323
8731
12015
16103
8973
9901
7676
5943
15681
816
3471
9689
11752
8949
6298
18575
13293
16709
5793
6962
3409
18218
9977
6419
17708
2017
10777
12758
10739
12587
16233
1351
14439
12739
5013
8510
2746
19764
2260
6331
19695
6827
6555
13314
11514
7237
9592
13396
11148
16681
14192
14943
12598
5295
8449
5200
5126
2494
10284
13786
10377
13082
4657
9687
298
5766
18246
10707
17904
9491
14233
17299
15630
10204
6979
12007
7345
9303
19702
3645
8564
9766
9761
17882
15005
4512
4479
3514
18223
17305
9661
2357
18020
3884
2846
17354
4638
16322
11219
4971
2183
8453
9625
7805
16042
10313
2275
14932
13054
3769
8522
13804
9484
11962
16125
3488
17496
13389
19961
12867
15439
10255
11740
6398
9407
9778
2557
5490
3252
5498
6185
13838
6057
8529
16886
5972
17065
7987
17921
325
12542
4733
14659
10265
17664
10578
16833
18120
2378
1247
444
13340
388
2578
1936
5477
2975
15094
10354
19256
15436
15516
15989
13741
15271
2468
8807
12534
13156
17746
4190
18353
3651
2860
14899
10261
14619
14809
19095
15056
1542
11515
1285
717
14221
9938
10549
19208
14965
10113
15026
7032
8423
12666
13325
9445
7305
8950
5996
12927
9459
15989
15488
10574
10392
7208
15928
14139
3512
17785
1758
18396
10609
14091
13040
16553
6031
1317
9902
2855
16669
11651
13066
8458
7737
4329
13136
16450
636
6113
10280
4657
1058
4215
5452
5440
8504
13873
4206
4884
18615
10575
9290
9018
9909
12473
564
10530
5978
443
3248
9428
7101
14916
13040
2251
10823
11697
15031
5241
18440
6635
13089
16529
12116
15030
17150
11648
8385
2368
19067
17314
17146
7714
4491
5373
14957
17580
1582
15299
6978
6571
1216
6361
14085
7361
11376
2497
5929
1985
19250
11867
15305
18353
6462
14960
7777
3370
3030
16603
18907
6221
14903
19707
16371
15572
15857
19442
16973
10147
18221
4065
14521
15342
15566
12054
11094
14718
8353
14155
17753
4285
15982
4183
19055
6360
8111
6619
12414
15388
8834
155
15734
13609
18725
8022
10347
14683
6971
17150
2665
657
4075
82
13047
7614
7252
4948
18334
2874
13957
18633
3669
10556
5448
452
18120
3044
3382
15181
9469
17305
17071
15429
12924
15198
10070
18920
7330
10428
19368
1851
12410
7897
19313
1186
7576
1909
1907
6547
8511
19349
11190
7878
5987
17783
13807
9216
992
9731
8669
9969
8782
12575
11433
7181
16624
6044
7462
13784
16323
15133
7620
14484
1588
13961
11186
17516
14267
5599
5050
16550
12911
18083
5420
1508
7633
16115
12921
7057
4407
5747
17397
6175
18057
6743
18484
12428
13600
8872
1675
13835
8075
11704
16960
14747
13691
13505
9795
10478
10139
17069
19175
13378
9373
1353
12817
14914
8372
16558
9623
3217
6401
8877
19474
2271
8559
13040
12860
15261
18034
1105
6365
19720
3063
7432
10659
10030
8933
2966
3900
14171
19955
9577
4776
8385
7666
8824
1494
19446
6855
3970
7425
8385
4583
15729
11923
15271
3449
11560
2704
336
7474
4877
11996
19510
2625
9544
1745
6600
2375
1818
8472
7224
16353
4706
17605
6141
11431
19528
14391
12153
19014
2291
15725
18775
9282
16700
18513
5253
10332
3514
17117
8254
14389
12912
7114
4411
10924
6067
662
11998
8846
11578
3738
11762
7300
9344
3365
12014
17189
5279
11627
5325
15921
4822
15526
18108
18336
18669
19376
5240
17662
2122
6266
3654
5733
12069
3384
12552
1946
3590
15613
10560
5764
6397
1235
12438
14412
13091
19602
12458
11062
6549
648
353
4314
17383
10139
10584
14332
3058
12304
2486
13917
4200
4662
19564
720
7660
11938
18283
793
4269
9582
9137
18727
17231
11875
3294
9835
18765
17537
163
5258
9257
19283
4703
3610
4710
4630
13814
15619
5228
12973
14508
10307
1517
1755
17302
15754
13297
4479
16336
5940
3039
9579
19212
11117
14998
17527
8556
14391
18185
1941
12096
2008
3221
18690
15726
6529
16225
4107
914
11419
12271
22
9434
14442
4682
15375
12621
12964
18206
13060
1746
7013
3781
14102
10040
5312
6334
10355
5336
6604
755
18508
11084
3353
808
2190
15006
8084
14095
17766
9046
17856
15794
19
12561
19795
2807
8914
16553
7723
13113
19630
5300
15641
14557
14577
18869
12873
450
15717
1329
15390
3860
16622
13974
623
4990
8839
12502
8452
1161
6926
4292
14879
7739
11391
9258
1017
10307
7968
12296
2901
1207
8505
7393
7901
13595
1574
12659
19218
3914
17520
1844
19670
6181
18537
6203
17544
4356
12204
3638
9577
13785
15286
4788
15037
18223
7965
11142
11208
9317
1462
3503
8332
15821
13529
5845
13935
10526
626
4889
588
4334
8151
11764
7218
8858
3647
265
10875
2349
18996
18871
8120
15489
18114
16138
8419
5512
3905
2300
980
13907
8888
6754
2275
4818
13422
6704
10044
18145
17801
19027
10255
3753
15935
12680
4748
13351
656
5518
10656
16087
15593
11748
7442
18840
14524
4114
17613
689
1611
17872
823
13003
10226
16632
8749
4453
18891
18963
12126
1506
10099
2263
13395
1424
17213
12262
6374
7402
789
2198
13301
2382
1266
16266
2423
8284
19812
12102
4605
11701
12715
16795
1972
8253
2655
3291
15021
13258
15797
19128
6852
14397
17385
9415
7105
18452
3441
5856
7649
3656
8454
4475
14399
10462
18952
13498
18620
18899
17772
18052
6778
19057
10994
12893
8492
5447
14993
6177
9729
5980
10168
12954
13178
16997
5868
6502
7126
18352
3112
11910
6344
1101
1392
18452
2057
18998
4619
9404
623
16142
5672
19127
18408
11936
2231
8196
2431
5092
63
19033
11777
14294
10824
14932
18585
8588
1709
16385
9905
8746
11614
10624
5190
2259
7961
3275
3322
3577
9142
12283
3567
8157
9004
11006
3445
14554
11455
11534
18141
13257
16802
12158
16045
18823
17291
19024
5465
7763
879
5172
8237
6894
18301
6009
9932
17520
8807
10453
7618
2881
10434
10169
12869
5927
2265
4343
12328
5570
1052
1691
7808
8560
18463
2108
15933
14939
11365
4944
6888
9545
17150
13417
13089
9122
10183
8355
1174
3723
2330
7372
6974
25
2478
6719
5350
14317
18152
12288
1562
1580
19396
2751
2192
18662
15521
4245
11776
17694
2632
14879
8639
15782
5072
12789
12500
3804
1218
18510
18412
278
12927
5040
10674
17130
10124
1375
6579
12560
1641
1813
521
16765
6509
6989
16654
15206
10264
10541
17748
6217
19603
6088
17458
19295
16393
12460
11635
3532
327
13048
14350
18928
14462
10183
6524
18340
11223
2878
9817
14091
14235
19658
17642
10680
3117
8112
11556
4959
17315
4802
3459
2622
18872
559
6530
6409
8208
19382
18278
19654
8639
2580
18390
8557
5029
17490
17183
19164
11721
7713
15418
7407
15629
17086
6563
9090
19916
17232
17844
1727
10168
14962
4283
2058
17180
12910
11105
3510
13852
7433
2639
13971
12226
10715
11518
8285
9219
8426
19112
2049
1576
10835
3864
13658
19142
12641
9403
16152
18225
4720
8068
19589
7037
18530
13251
324
14566
5514
90
6706
1358
938
17174
6840
9449
3381
5712
14347
12684
2864
5661
14068
18672
6240
17228
1985
11421
13893
16840
11198
12280
16033
13345
3869
2536
5919
17314
13798
13526
18013
11412
14585
10470
17980
9957
5774
15020
7568
6255
12480
8953
6907
15425
1080
18808
10145
5573
2252
6157
9613
11353
15030
5736
12519
19224
12944
10124
8981
2039
19360
18266
16333
17384
11921
11299
15775
15595
4069
3160
15957
19684
17128
13065
19478
16483
7597
12762
1173
9070
17262
13583
3850
3960
6972
6801
14207
2271
6831
3409
17802
19105
9140
14884
19295
13538
2612
15431
5286
15641
257
1111
69
10568
1131
263
11370
477
3983
13280
16417
15060
9671
4619
3874
9977
7065
14407
1944
2485
16433
12428
12294
18376
18064
4191
13763
5761
17651
16265
18558
10959
197
7309
3884
15715
3880
502
19053
13092
19937
17655
149
18466
8420
7763
14042
19846
14316
18029
9849
12198
2992
10780
15897
15063
7721
17079
6634
6686
18241
15193
5960
6012
63
12956
8246
415
4352
1246
5820
19175
8646
18322
14776
19422
2204
9906
11336
14596
3109
9313
4347
1685
3744
19721
8927
2933
4343
13981
7140
9281
18424
2873
3248
9397
3502
7004
12549
14405
12258
6894
9471
9640
9250
4818
10777
11908
7550
7567
9095
3677
1239
4224
19744
309
11092
4667
8549
13689
7696
5765
11490
13083
1615
5117
16113
5760
7985
12060
19220
10535
3545
15115
12275
318
1514
15353
8671
19270
16583
2858
2994
19546
5493
16998
15350
10902
15406
14552
15866
16539
5420
19028
11435
16721
4958
18335
11145
17872
10761
6025
9003
9259
4109
4988
15559
4114
19686
2386
16559
1347
18047
12673
2174
19984
17986
13968
13662
2968
2363
8562
11327
9848
13274
16718
13951
17826
17115
9734
15615
16959
12693
9612
17819
6282
7592
10385
18470
4911
16801
2423
11021
19918
7967
13700
7977
2133
8318
13902
4355
3316
5253
3199
6230
11268
2691
5733
16274
7014
15847
4166
7863
2537
11130
6466
7199
12031
10905
15572
3557
7765
3254
12702
18999
8139
11776
7101
16623
15984
429
12898
2348
6190
17307
19510
8216
156
2258
16680
13364
18519
15276
14583
6803
17978
370
17369
15190
10620
9859
3209
12957
14842
9209
2081
10972
19764
11232
5143
5250
17433
12029
2919
7720
9386
5431
3301
8990
18849
4297
5433
286
4229
10263
17116
2042
7968
1896
5217
11934
4028
10830
14065
7461
19404
13281
12805
13502
2660
1746
17709
9760
217
19690
19508
16220
719
9801
2533
12175
3413
4923
7940
11536
14264
15791
9597
2346
1875
8059
3699
1384
19957
10168
17214
10418
7450
10260
19916
18192
3107
12
4878
9548
2590
3963
725
9145
3430
19562
10910
12455
9924
5727
15958
8843
13241
1131
19314
12242
9122
18381
16933
14655
13979
10701
15504
9317
7592
5548
7127
1761
110
5268
6306
10496
688
10082
12569
12050
13645
6461
13008
10610
11157
18720
9538
17966
59
12649
1433
12137
9108
285
15831
16019
16583
1981
12904
7123
1995
3694
8933
3659
8545
9879
13431
1747
2637
6374
5072
4
7366
1247
5480
13091
6149
3733
2812
16232
243
2339
11509
8352
18492
5716
18601
2066
6968
2289
11401
14784
1070
15617
5433
19203
10918
19586
19870
3773
2851
2480
8536
15045
5826
13537
9414
8532
16306
19550
17246
2005
7925
8435
4382
684
7651
4338
9549
7798
12021
11408
13967
1991
6438
18202
6677
4431
924
2591
19389
7531
10921
18942
17442
8232
6832
16271
8232
3821
16860
1913
18400
14183
1508
18049
7744
12935
10531
8450
8060
11462
6806
5909
6460
19579
15521
9810
10191
10504
12940
5331
14565
7363
11101
5664
1557
12170
4105
15571
7762
5539
10171
1603
15135
12589
10108
11085
1708
7961
16880
8165
9466
2896
5876
3457
19644
15722
14561
18984
12196
8091
19122
16227
6889
9933
9419
6487
13167
4620
4426
11332
10087
13203
1197
19607
5468
15381
9622
7850
18376
11810
2488
6081
17132
17762
11314
1720
834
11712
19226
9842
7325
8669
8670
15570
5050
7364
8506
6364
15550
19340
6572
9879
14122
3587
10235
19964
17557
10427
14560
9889
1918
13240
11237
981
16788
10033
6414
15371
10022
16957
9606
18173
6247
13980
2542
18703
1685
18762
13321
18916
2597
11247
4202
7920
16308
3636
17376
10911
9478
14764
18176
17531
9797
14618
17153
6882
6337
5835
10553
4696
9375
12839
5117
1157
5490
5548
18974
1544
7147
14483
1875
10524
3837
4924
3518
1393
463
6036
3517
580
13606
9825
14494
5753
859
18625
10136
848
7704
7658
16201
10848
6451
13387
180
1206
2825
12118
4397
1147
8127
6487
10110
11057
5941
2574
5039
5619
5607
11031
19808
7656
4781
15114
5755
17120
4303
19919
11035
13342
12863
17483
12960
19579
765
18155
16937
14948
15838
7294
6493
10771
14544
14657
14809
3398
4852
1640
6892
18732
7164
11104
164
4896
7750
3148
4259
18644
10440
11400
5552
6296
19287
8207
17541
18544
8414
3523
1672
3399
433
4851
3241
9253
10172
4797
10128
3641
15910
19027
1812
16674
3595
11061
12687
12182
9291
1967
16153
742
10002
2476
10764
15394
12473
9001
4925
8497
5234
2386
19038
3367
19308
11631
2606
17271
5566
17120
1188
4789
16434
10333
3293
11794
15232
15849
13055
574
14917
2799
964
12187
328
1926
19634
7227
6265
13683
14937
18
19183
8534
8026
16573
924
13779
2640
16928
502
11554
11359
546
12894
17469
1209
16213
1040
14079
877
9086
5219
547
13646
15572
4018
6498
18253
4738
17864
15230
4759
4464
1386
9449
13894
3845
6988
13913
19764
17635
9315
4399
17695
8374
19105
17907
11077
8039
8545
6879
1850
7271
7828
9563
16369
2394
14567
8253
19722
16073
6391
16216
15790
9569
4299
6973
4522
9987
5831
17889
3753
758
5176
11913
1330
1719
17880
10014
10948
16101
14855
8927
13898
7096
821
12738
14249
16483
13410
16399
14012
11746
14016
3693
19324
13800
15052
3294
5440
1497
507
10064
17767
18426
5560
3347
13227
12968
13080
9309
19650
7321
12322
11972
2286
16626
8139
14112
7078
6381
5576
18822
16336
17943
6687
12071
16920
2909
14734
7797
5608
16228
7843
11189
1310
15967
13360
2930
10527
18885
6595
4027
10369
1334
6818
3085
1380
14277
12831
9754
15064
13791
5358
12256
5143
6438
8520
15750
14964
958
5766
5488
4351
15684
13340
10278
12608
17585
17223
12265
19536
14850
12035
3807
6649
2774
7167
10682
19134
10479
224
13315
14128
17002
987
19027
7236
8117
12356
602
16237
9283
11166
7508
4025
14328
16326
5232
1357
7275
83
18490
18894
8278
837
14493
5571
15850
14669
7435
3492
12642
9600
10718
9405
14603
7123
7492
1241
264
14544
17443
10458
1602
19983
4723
11649
13886
16806
6273
5857
5476
19466
8004
1756
14444
4968
8249
5376
14420
19065
19462
8276
2425
12814
5955
2329
2120
8916
12037
1244
10940
12596
13234
15120
8941
2476
2026
3762
17991
15214
7989
14481
9670
354
18103
5565
13609
5221
18058
13351
7087
8023
4662
16866
18741
12025
19389
9761
16634
11704
15798
10947
12346
4146
6806
2951
12017
10301
7293
18374
8248
9118
414
13021
11218
11711
15878
9100
13813
5566
16368
7133
14538
12551
15597
4791
5835
17976
17545
10073
4760
7070
8450
3657
8480
9577
262
9795
13190
16253
417
14187
9305
14022
442
9322
12144
5544
16053
19232
16977
13110
14155
17687
18926
2694
18095
12452
11474
18698
16353
8841
13974
12566
17055
7454
17915
2498
16207
13733
16701
12665
18426
11050
17999
12909
19938
1476
275
4617
12919
1317
17017
3052
11932
13704
10560
12048
7585
5603
17395
256
8089
16457
19108
4641
18928
14392
17378
1743
10587
19509
19778
3899
156
9881
3543
13716
9532
2774
15346
2287
10043
11856
2103
3450
18053
2998
10838
7807
12883
8851
6816
19128
4150
15248
11582
1908
14736
6311
13151
622
10312
8693
9617
18391
13310
15623
5920
17402
11123
16187
1514
9871
9867
11866
17001
11829
815
8704
12443
3560
14640
10292
19961
15144
14124
2921
1082
14369
5626
12844
13174
11891
4833
9617
12094
13044
5038
13409
1771
18228
4628
9962
5451
9320
4634
15525
17755
4608
14503
17392
12038
2610
11768
6155
8204
490
10793
11499
6312
4912
1624
12445
7227
17111
18487
7195
19082
3088
3850
6313
16871
19606
4881
4176
14950
7055
19914
5654
3707
4494
9659
9694
19244
18936
7118
10971
17643
4687
6547
16276
9388
15024
18297
15480
5923
17927
14236
6247
5801
131
494
7397
17282
11137
5470
10604
2079
17780
2451
4363
13558
1606
6234
8930
13296
18874
2566
2328
99
15831
3373
12238
1184
6954
15864
1283
6458
15723
2661
4631
2017
7261
7376
10503
12035
15074
14769
10344
6748
18713
5337
9306
9774
2085
7334
16942
6829
6144
11066
4682
15650
15322
5814
15570
14135
15752
18607
7709
17465
4575
15562
10168
10405
14076
11545
8496
6415
10359
9417
3892
16863
16789
12134
17136
17588
11840
8073
18317
12821
8122
2088
13340
2975
11180
1296
9448
2333
4899
5225
7910
11182
13812
18447
17027
8295
744
3802
17964
8173
11004
1044
2130
1205
1444
6036
12885
4616
17869
13232
13165
12506
10202
15429
18605
13764
17214
11577
9375
14398
11007
8917
11550
4789
5326
10855
5213
10601
18736
19392
3963
10367
4018
4328
10720
10912
14883
17524
19691
5003
10247
13860
11630
4467
879
19046
6056
9271
3069
17131
1283
7312
166
13203
4432
15512
4043
13180
6972
18199
11979
19529
14737
6490
5579
15424
1671
10771
8782
638
10769
10869
12196
13612
17133
685
4831
7472
9434
2328
13938
2996
8374
9147
1503
11439
2674
7587
12131
4792
19800
1094
2308
1650
19410
594
16980
9612
6555
12095
4758
8712
17197
14552
7779
5983
5165
2342
3687
8981
2638
18471
11200
14758
12103
9338
15743
10641
13133
17665
11429
10064
18737
16067
6800
6124
19325
8084
16818
10144
19339
12491
14743
8266
11039
12144
439
1477
14218
16788
15835
10791
2671
4374
14185
4923
18697
7669
19195
9005
13587
13598
18299
3277
12191
7591
7367
12099
2253
4843
17199
10310
19875
2665
7641
10615
15892
8411
10376
16920
1745
15677
5115
9332
17909
13271
2533
9094
9735
3681
6669
1507
15593
16841
19258
4044
15338
12650
13284
12033
14119
13556
7923
15030
15240
3924
15461
13302
799
7909
5697
2015
7394
4548
1135
9905
5398
19330
11493
14331
4858
8912
457
12141
3433
1921
14541
18067
14776
19917
15998
711
9621
9263
563
5434
2564
8212
10016
2630
1143
9567
13935
15436
10977
13135
13384
7392
16290
11883
414
13771
9707
9726
18211
14443
8288
6717
19911
9778
8231
7318
10578
10405
10168
7267
11147
3768
1722
15881
11669
18181
4304
12678
4587
15856
13409
2278
11616
6579
10758
16870
1973
8573
6455
11660
4477
11667
4073
5679
17236
12221
5107
5243
10916
13912
9783
7903
15352
16928
13143
14320
6228
16006
16557
25
7143
14377
419
10646
2211
4157
2254
7640
2119
266
2346
919
14358
6703
17647
14588
13807
15175
6530
14996
15503
3771
16232
2127
2392
11868
4976
14337
6626
7844
4098
4343
7844
18483
14790
722
9325
13919
13465
7266
3468
15048
1522
5326
4406
16495
19518
4643
14659
15448
1801
8998
9896
11908
9465
12645
6769
5251
15704
657
11591
10891
1021
4737
4665
19973
17848
8197
1669
18707
6676
7787
8097
14777
16617
2557
2425
17919
3252
10330
11870
10095
18627
12397
4498
9083
15242
3641
11519
12658
9734
12899
9061
12238
13997
15148
6261
12101
2328
2242
11876
9432
7350
8443
2529
2030
16976
5870
1643
14576
6012
5421
12873
115
18414
10833
9330
6120
16461
13977
6767
3303
13614
8468
1447
10646
4596
11119
16624
13161
19276
8253
8634
13492
12568
16104
4040
13427
5308
9002
7275
11296
16755
2
11877
8678
9514
11308
6795
19629
8051
5022
15633
7844
17947
12548
2695
5474
16595
18010
386
8639
14466
2132
12178
16570
2651
7910
14473
7920
19686
17640
8562
13393
6568
2035
1023
3093
4463
3593
7337
6998
13929
12045
2156
2888
13477
3473
11396
18915
12628
7816
16126
16444
4498
11074
6161
19014
663
3518
7668
9089
10622
15774
7838
1805
10517
8940
16142
8645
16975
6278
6589
8599
5533
534
17331
2915
5106
11851
9752
12357
13736
14949
10743
3591
9337
10323
58
13467
5766
90
7238
14445
6223
5245
11637
14396
9382
8600
3717
10189
15953
18733
17940
14950
9154
9775
1115
3469
1167
10732
4196
4102
18766
9053
5086
15819
11111
3588
2916
10959
4770
6105
4941
15242
19663
999
5715
3265
14401
16094
17325
17021
1145
5373
7901
8244
19372
6048
17855
16853
1673
3000
7826
7527
10791
2168
4113
1271
3206
11206
16824
10376
4455
17157
13267
8117
19096
617
10022
13505
475
12623
15867
9979
16295
1348
16003
3121
9366
7369
19328
6799
5554
19914
16213
10342
6044
3265
11079
16367
2736
5423
8269
13927
1570
16059
10481
13339
6157
12089
2981
7084
14695
16298
11591
2694
5743
6707
13733
9338
9355
11160
4189
15706
330
17219
12519
19036
8634
11645
18634
7425
15901
819
14273
2455
16125
11645
18241
40
19110
1830
17407
15108
1723
10483
6636
13224
8031
13783
876
827
14475
7002
16552
14192
13642
4051
8827
4912
6570
19312
8399
3618
3827
15518
15294
5680
254
14196
6727
9320
9636
4479
10829
19047
14907
6326
19968
13925
1167
15349
3275
13087
1393
2727
5462
8186
17587
14181
7276
13606
4791
2904
12182
18618
17300
12812
4411
19030
9738
524
2735
5233
971
11417
12879
14185
11059
7511
7807
9367
13090
8085
4160
17523
12489
19511
5595
5886
9978
14094
10748
10557
9564
5734
4927
16996
6244
8233
2260
19873
1430
14318
17295
8506
19609
3141
13648
13880
16647
7212
1487
12019
14721
11995
12559
18109
14524
8811
10887
18453
2613
10310
7821
5087
1362
19412
2631
6228
16106
11701
15137
7576
4268
10002
45
11978
18192
1694
674
13127
11123
5617
8262
2430
10448
472
1022
18818
17432
11737
3122
3366
2304
8039
963
12827
16679
15329
12557
8175
7664
10716
2080
9320
9873
5008
8221
7741
14974
399
3946
5384
9466
13701
3457
19552
2545
4539
4286
18459
5051
13743
18549
988
6826
14761
19045
12888
8723
4476
15990
14456
4221
8811
19037
763
18122
14343
17499
15499
14371
14707
6933
8167
17255
9568
12361
4530
18275
115
13450
16709
12508
10564
3828
11852
3458
2506
6132
1561
17859
8005
8109
5004
6581
17890
13301
1919
8299
1943
4837
12277
5854
5926
7460
2451
13310
12174
12108
9036
16669
4683
11182
4540
3873
17856
6552
18278
827
501
180
10032
5349
9144
15434
6805
4879
11481
9016
14150
8345
11584
7375
16603
3869
7653
18798
19081
17943
9499
8075
3463
771
5178
18157
2510
14983
12900
14111
13578
14268
2492
13450
2021
15263
16936
17287
19358
5192
15593
8157
8227
18996
6030
15408
3154
19087
14086
5583
3000
3602
1426
10169
7782
9907
2751
5712
15813
669
10866
10812
8258
8432
16081
11197
5695
14395
4551
18417
1353
13071
10965
16689
12300
6476
11776
5537
13163
10244
15460
18054
9102
655
13566
15102
14756
11375
3029
11082
2466
19585
10216
5245
18440
5443
10235
15200
2465
16167
6259
11639
10142
16617
4885
18711
12727
3402
7056
15656
16532
13111
306
7605
18323
648
6222
7828
13550
16203
12720
18107
419
8570
11835
4991
14829
6485
15226
15925
5519
87
17707
1656
10242
4887
2536
18038
703
19006
3551
7890
10922
16734
14191
6105
2857
16395
13046
17619
1550
17463
19456
16757
12591
8967
5063
17628
461
17590
6722
17834
12385
18868
11836
18711
18062
12021
1519
14715
6188
17530
15097
12331
4219
13004
10526
19408
19051
11744
6759
5695
751
3755
11230
223
7904
11825
4837
12767
17682
16303
7362
9654
4964
19909
16692
1071
6407
9704
14178
8517
8004
14498
2471
9676
18818
6490
9833
14510
12658
14384
1742
7908
13215
3657
9533
17454
2807
17833
16575
8897
1329
6037
9037
19812
7025
8714
5122
16087
4913
16305
5159
19612
4385
5816
3446
13003
19341
18539
16244
13141
16746
1507
1738
2626
1023
19171
18813
8637
19389
2800
19070
11236
18527
6223
10438
4172
8583
5816
979
19960
4524
4105
15307
3710
19464
14596
7622
19166
12316
1780
16792
15703
14986
4877
5811
3036
14388
9642
12830
19201
4643
4434
3872
9515
19616
7547
4567
19399
12318
18944
12318
4280
12572
8406
4850
7855
5533
18234
3016
18662
8444
11495
16139
16015
7177
4214
18460
17674
11708
17756
18691
16094
11406
16695
701
5068
2686
4067
2657
8298
4166
6903
17627
19362
15402
1910
2027
9216
18594
12389
9892
15528
10452
9174
16567
10315
18909
10319
12991
12826
10518
2118
2466
12484
16260
11731
4748
2666
13803
16192
3067
5517
13147
11490
19632
6496
4658
5589
7269
9571
7798
1273
6789
12214
15646
17878
10964
14997
19950
6537
1650
3124
15781
18582
4454
10310
1669
18015
18564
5036
11182
210
6986
18033
3128
13846
18835
16023
1357
1853
3470
3563
3538
6298
14295
12610
10461
1709
13300
19000
11556
7037
3468
587
5264
1563
9014
2878
518
2898
658
10138
19924
1270
4986
591
6807
8693
12793
16102
1686
11938
4693
3591
242
1795
19350
18522
13496
15576
13568
2194
10917
19210
16180
17213
3616
6566
11295
673
10092
12123
14451
16639
5916
11277
17735
14334
12823
8441
3498
12959
4069
2696
2839
1159
2485
12654
11963
2918
4422
18956
12390
8290
13846
12538
17260
8816
4647
16541
6753
7580
17054
13440
9156
3035
11271
6871
8141
12767
14327
12778
12967
8877
19918
10456
19861
12510
3852
2317
3118
10381
14901
853
13088
5186
16379
9580
9699
15264
16465
193
15508
4633
5083
19912
7240
13890
17149
16929
7721
2544
13647
18527
1253
14308
17323
10288
4571
7636
9460
15077
13504
6259
15460
15394
13678
13615
11615
16926
1614
8903
13198
2127
18358
6235
13908
10269
18812
11609
3274
7892
4147
9901
10052
18917
13527
13407
5717
646
7280
13927
3426
15198
6093
17361
9146
2665
12689
3845
15307
3133
8496
19783
11312
5172
6642
9735
12708
18114
12359
10158
1388
11058
7721
6066
5593
16490
10769
8481
16844
17278
15238
2849
14730
16873
3222
12283
14005
8319
1860
1753
10980
8662
5136
5546
12089
7162
15080
18353
9390
6431
2332
4283
10417
16548
17448
15558
16007
13469
10653
11013
15927
4775
10962
2792
19176
8840
15940
5737
11502
410
16086
16734
7297
4494
6983
12722
18583
5728
3241
16871
8277
12489
10768
11448
13378
6989
11386
13395
7297
1549
3064
2907
18593
2244
17941
6424
12132
10672
17935
9053
2408
4966
2096
16659
10994
12070
3508
5710
4031
7918
12002
3571
17772
16084
15652
17672
15835
1080
4347
16875
3240
5508
4899
1313
4447
8032
6242
4559
18257
7309
15748
9097
13096
16908
10615
1165
781
9633
12139
3092
17377
4591
18815
7991
5654
18578
8181
19097
9772
7718
11763
14844
2946
12182
19072
15943
15439
7282
11007
2950
7247
1739
19920
15814
13618
6190
7574
15433
17152
13885
6422
19900
15665
4976
16377
4800
4601
15244
15604
15856
15814
5616
6520
17681
362
12438
5546
806
18065
18253
6805
3818
14571
4065
10681
1932
18402
15882
1042
19523
19287
1976
17751
14250
4239
1376
17663
5232
13143
7363
2771
9590
16187
19253
17230
1882
1945
4393
13570
11653
13280
954
12512
6423
9363
17496
7210
17059
5322
13790
23
18812
18278
872
5879
3477
19114
8680
18345
7260
2864
19912
8348
14431
1875
18009
17736
418
2507
1838
17176
9705
9705
16891
9710
7181
14739
15754
2304
12690
3833
17505
18017
15335
19174
7619
13315
3611
2815
13927
3291
4452
3412
19176
12692
6298
18545
3737
13992
6753
7896
304
7001
19311
5483
13258
7943
15444
5974
14245
10828
46
18009
4636
8153
19262
11648
10984
8054
15577
4556
8096
5389
3646
17537
7587
9069
11992
9665
17578
1619
19182
1800
14814
11850
2222
19367
7345
12560
2207
18147
7418
14291
11156
10567
241
3087
8377
874
18476
10328
9681
6558
7283
14591
4184
12873
7919
8612
18797
18716
2275
16392
5050
6712
17176
4906
10671
18985
5661
12530
13723
14221
1891
9042
16381
12325
6212
14332
3486
15530
10566
10792
8231
3441
12255
15390
18814
13302
1243
17818
15094
17252
11277
13986
18874
11256
6496
16473
7751
15525
9784
644
15855
5406
19551
3028
16509
2362
13224
3561
8064
17981
7905
1030
13865
4192
2550
4642
10051
2816
16125
6570
1092
11471
4447
6666
19080
19142
12709
11959
8579
614
2851
14895
8838
9356
3919
14005
12229
10174
5074
16466
10853
19193
10401
17197
6623
19845
2639
7197
15007
12013
15903
10985
3695
18443
14488
13342
13755
5145
14991
8300
16978
10245
15610
2740
8163
3903
15672
3230
14777
9346
16854
17730
11297
14191
8464
1407
2843
8788
2198
5721
13307
18160
3147
6743
16207
12750
4436
7575
7254
20000
9349
7902
13068
19664
2862
15327
8384
5042
9477
1932
7983
10443
6085
13115
9221
13051
8926
11965
5184
15294
2464
7142
17480
17124
19314
7148
14575
14163
7939
7243
12559
13962
18375
3007
8115
13239
6073
7399
3100
9588
10253
19463
11764
7965
11870
16349
501
15081
15778
18280
17761
6489
13479
11385
13088
118
17813
1381
11531
3111
18425
14844
4027
13973
14985
11662
4367
7123
11555
7102
7340
339
3970
5917
5463
6137
18302
18672
11948
5325
11604
17005
4703
13230
9967
5320
5773
1014
8148
212
8977
9169
14190
14433
10959
13199
12719
17296
15427
11908
11422
18999
15603
17329
1716
17140
4163
13120
12175
6953
11064
6172
9944
4107
18710
10097
12185
11334
8560
4246
12289
395
9226
15299
18292
1239
19555
12974
9562
13616
18048
18317
16478
2771
2722
4403
1190
2266
5957
8700
17466
17310
19475
1686
15308
5656
14902
2484
7998
16397
12741
961
5968
19510
18964
11950
11897
9783
4959
18654
17975
16793
10763
17031
17147
13224
14483
5899
10429
17345
14327
7089
19138
4879
12808
770
19758
15588
2625
18146
2386
9940
7277
5434
755
13435
16039
4445
18971
4506
12590
7931
17237
11569
13252
4685
7074
3202
7897
771
14832
10868
243
3211
9732
7617
3729
512
17151
6031
6532
696
12703
10320
9503
12729
18961
4210
10287
19452
2139
18349
1458
7887
95
16614
17732
6743
15002
8086
12132
936
1264
10063
4176
16410
5698
5777
15809
13149
17898
13666
16236
4279
1522
14155
14749
11223
4401
11307
79
16951
17262
4079
13581
15041
16963
7753
10301
14096
9243
5871
2554
19653
10983
13614
7778
302
785
13474
494
9436
5117
11453
3108
528
9583
3706
9231
1295
3169
16239
11629
15038
399
16105
8512
8375
11741
13014
15020
19975
18871
19085
814
7448
17927
5449
8970
11617
18323
14401
18669
10614
4749
11373
13177
1806
15818
72
12847
6263
4746
14675
1494
16937
7182
8803
3174
17269
15748
3184
5588
4539
18910
2707
11528
2594
10212
16322
8175
159
8433
10733
96
15474
16801
12391
5047
13627
4259
2111
4960
11142
5244
9310
853
16397
18431
7197
3359
17005
4632
144
1828
10519
19898
409
10675
7107
12301
97
23
2101
6109
10529
16672
10265
14273
12162
2748
9062
11624
3228
19112
5965
14309
19347
15354
16748
19874
2040
19333
12004
19909
15410
14030
19382
4761
5995
10527
8739
10960
2602
832
9826
8255
934
3937
476
11897
800
7085
2079
16073
11777
12338
17980
4663
4309
13
12239
14720
16122
1687
4941
11516
5913
13682
18766
3030
5690
1171
12988
13794
5145
13955
15999
14643
9164
9942
8487
1138
5111
5713
18268
19045
13778
13622
2811
12121
12477
10140
3073
17770
14887
3867
8426
14848
13604
17170
2549
863
2970
6636
9258
7635
16391
1940
14740
11351
8606
16917
7396
15258
6227
14730
14420
5880
2125
8471
11082
7571
5850
509
17480
11967
14862
16805
1547
12686
2831
262
16901
15056
13759
10247
4448
1209
2288
2948
10247
7969
18527
17651
10992
18434
16742
8590
7529
16922
17756
19008
6223
4275
18080
7882
2387
16383
6482
15903
2527
1679
9070
8115
12645
9024
17185
15286
14272
12125
5263
12463
15665
7077
8107
9017
14679
1957
14343
9784
8264
11410
19702
8864
10465
15308
11417
18890
18482
18336
4560
15860
13873
1995
13976
3759
8981
6933
18148
18534
10123
17201
9719
17728
5206
10467
18265
5966
4740
16985
16213
14648
16200
9722
2695
6153
18210
11788
8377
6490
8813
7666
18815
19662
3606
5805
15171
4750
3189
19109
15174
9620
9846
17941
5153
12916
2168
14134
11754
14390
4495
3894
5709
7263
15599
6352
15246
7680
11574
5105
11828
7974
15552
4220
8540
3884
19292
13919
6452
17883
893
15515
18070
9800
16177
16049
4420
16413
13364
6107
10595
14943
13851
15871
7884
17010
14789
869
17848
4069
14588
12679
3625
3274
11627
8152
9885
15005
13421
15941
1619
4508
7261
4217
18702
8459
11056
17093
18489
13727
2987
15024
3157
18205
18291
5032
346
4925
18106
8603
14656
928
9520
14270
17153
13685
8303
16162
7609
571
16192
8689
14485
7233
16344
10776
960
19726
5237
2344
9590
10455
7117
4935
12125
11886
17113
10062
8112
13984
3108
19196
16423
18151
13448
12033
14224
12842
15537
2239
11023
476
9091
11770
3110
18463
8933
13769
10073
17357
13782
298
12173
19212
602
491
15410
1138
17581
15740
10039
116
178
3187
14674
18056
8607
13604
13171
14034
11805
11551
877
17103
4303
3897
21
11978
4374
11771
9772
11304
12327
40
7665
14176
17860
9775
18524
4091
7113
3185
16435
16228
7164
2570
16183
18937
7292
10652
5388
3381
13112
1005
1783
2067
19285
9194
4813
451
5471
8392
8575
560
5365
15222
13894
2027
19708
10558
271
15400
17384
19449
13011
11023
326
3439
16737
1787
15602
16715
9568
1219
13982
17738
12471
2524
18163
13463
13512
256
18551
17402
11649
18434
9184
16945
15977
11055
5565
2933
17223
5049
12545
10287
5368
2525
4712
10535
1226
2344
5004
4997
1431
5132
18019
15403
16037
17990
2620
3471
12969
2626
7340
1820
2222
17373
12830
675
13785
9770
8766
2270
4926
7368
11496
7536
10286
16803
10442
11956
17879
1345
12587
11810
14746
7041
5356
121
17873
18163
13828
11572
11430
13901
2791
19715
3334
7988
1019
143
19630
14393
4941
14134
1709
15756
8247
18233
1062
2395
5
9525
3684
4609
11096
8670
13488
6883
6256
1141
1496
12906
836
15729
15799
2392
10124
18118
19099
17025
13730
5097
12728
6839
16797
5124
12321
1652
9652
18514
15724
11858
6013
6662
3340
1156
14548
2828
16112
17263
17806
16632
3230
10262
11785
12217
8491
13234
7680
2704
11353
11700
13438
9475
979
12726
4569
18318
11624
17482
18561
15043
1598
12254
13578
6922
7721
1959
692
16662
18007
1206
16948
18655
942
10255
7594
8669
9686
11876
8346
8231
7616
2792
11160
2645
7299
16852
19518
6846
12556
422
15942
19056
12551
18401
10736
4999
19097
5178
3420
4212
18451
13346
3154
6622
15625
6111
3565
12312
13359
41
18680
19716
15046
9882
6131
12867
5590
3076
9252
19330
12520
17963
16288
7798
7796
19431
2725
12812
19230
2434
1230
15997
19509
11373
9002
19055
12927
4046
13468
12588
19383
1378
6850
16925
8912
6155
2832
10912
1101
13436
1959
3019
8668
8020
8350
6367
7770
14057
473
13861
19796
10137
18084
13628
6104
5476
15597
2878
10150
8038
2675
10662
12310
5814
6592
1232
14673
5912
7893
17493
10723
13321
846
4694
19257
3084
7019
5331
10594
7195
8332
14291
3176
17133
8985
2738
8253
11245
8821
8267
14345
4802
10598
19695
17002
13320
6884
5720
6241
9524
19113
349
4025
12714
18158
16002
7141
9650
10347
6812
14696
14942
17336
16907
1745
11134
10592
17175
15725
6823
4149
1213
396
19643
18505
4405
2847
1110
2345
5425
9591
14776
5316
3479
10954
17028
12598
11644
18599
6707
7255
19538
14092
9301
7616
4499
16501
17901
6625
1164
19100
9441
10527
18333
14532
7142
14674
9938
7053
18199
9090
11798
17434
3755
17858
4068
18846
15665
6339
18517
4117
1592
8864
15155
2387
1641
1764
53
16383
7344
8269
4891
3536
10494
7244
1387
11312
8273
3049
18155
10024
670
7559
15744
12069
165
17321
16715
468
2609
12628
8749
9824
1592
6346
7120
9171
7874
4981
11558
17554
12576
10355
9782
2418
19028
1013
9185
19705
12498
2926
4411
14360
10884
7099
18317
13973
17109
2791
8478
14725
16490
18460
13092
15120
1577
9694
8109
104
8012
2645
7235
537
3629
8041
19373
6699
8813
3121
6688
611
10142
6515
2679
10985
19515
15489
6509
11640
17892
2493
727
19319
11895
17630
3536
16990
9764
10739
13452
17122
882
11088
10626
14455
1293
16866
2188
5656
3815
17670
13066
3992
13419
1654
8847
9282
17214
13548
19815
16268
10928
3714
18325
10647
10627
2176
12208
16123
13654
4292
14021
11976
934
3276
9544
10491
18183
1563
9829
9719
16712
4139
11689
9257
8451
8335
13133
14606
19218
13716
4106
4102
18495
3740
12765
1143
16105
12420
17370
3899
1424
8565
12241
7891
19433
18575
9845
17417
12518
18142
7983
1722
6348
