14824
12711
2849
7322
11146
7629
17474
8723
14207
18935
9740
12947
6290
13340
14447
2615
7629
4420
15225
18603
18939
14407
1813
14410
17890
15341
19441
11131
4746
19537
6193
10821
5455
10553
6899
10539
3578
16600
328
14277
8665
16557
73
696
849
2777
15604
14501
8341
6144
18633
15750
8277
16782
15904
12670
9158
12704
2247
19110
7744
1698
16764
9273
13233
17972
9164
5346
19305
14728
4639
9516
19719
19226
11841
12549
19113
3474
13890
12085
3293
4630
19478
11329
18575
13740
13233
7796
518
1701
6485
11030
9349
3977
8359
18133
5492
6216
3003
7430
18589
1138
2691
14351
17297
7232
7677
14016
19398
3517
15064
7601
17303
9239
9669
1358
18416
15666
11158
16887
859
7093
2165
4285
977
13210
1549
15040
13003
5051
12129
14163
16273
8729
19559
8651
7062
13619
48
2063
1065
8153
9655
12083
13764
20
4597
15828
1892
12885
7916
3993
45
17804
3470
10460
14128
4229
14834
14620
14886
12901
8469
7041
16205
13181
19646
10916
14123
11442
12732
955
1708
3993
11117
16351
6166
7383
2119
6827
16010
19587
450
1308
2874
16194
8311
6997
216
10317
16600
19115
11259
912
15173
12898
18131
13427
16786
10569
17409
9959
7446
5282
17559
7238
10514
18398
10707
7534
14022
3526
12667
18072
6755
18888
54
9106
9566
15420
8843
15386
4421
13147
14412
12563
6881
17446
9362
886
2394
16295
8033
13632
17296
18422
1356
1448
10341
15788
6167
5326
4756
17826
11111
9498
3516
3400
17553
3110
1655
15487
247
6691
15659
17476
11595
13766
1178
18691
12814
16449
8503
5839
11943
17185
7268
3000
17936
14310
16265
6479
825
9823
7299
19365
7620
10629
12118
10781
9198
6103
9574
4556
11393
2198
16109
18173
9216
5774
11259
9545
79
1331
16503
196
10069
8929
70
1311
2805
15406
14570
16030
13100
19963
9738
11165
16189
2729
9544
5475
16871
16797
1332
231
19971
5665
19065
15677
7905
357
457
10154
19398
4598
14512
18282
12219
8853
3949
11265
15738
15033
6961
9732
2379
8234
7408
1043
7189
19269
19865
4329
11726
4141
11878
3480
17867
19380
12466
15239
8559
5903
17724
8640
10087
7129
3168
1371
11432
7539
68
14219
18354
6510
10284
9920
5356
286
11816
14944
15432
5034
15464
9766
7397
17882
15654
13570
6401
3837
2723
9083
15823
3627
4647
19302
4092
3572
3122
5404
5216
8790
6354
18350
7969
8492
19435
17213
16579
13961
12214
12348
7935
1297
18993
9630
12636
1059
7540
13183
18872
3970
8960
5314
444
16599
11043
3690
12911
3426
19759
14634
15819
3182
9213
97
3802
7729
9342
6982
9173
6802
9040
19115
4838
2233
11828
18780
18179
478
9612
755
2133
12413
1679
11889
886
226
11403
17696
18228
18605
664
19105
8547
10993
14204
4381
15517
14544
9283
18479
5125
3694
14994
1771
2510
9376
12147
8774
2829
8671
4075
12327
17116
8902
8064
8126
19649
11407
5976
6059
8224
1169
14574
9713
11301
16463
12808
18422
1012
19941
7262
17241
10490
14091
19309
1191
1081
5124
18136
235
9414
6194
105
10240
735
19571
305
5047
1400
17474
8846
12827
16630
5361
14940
12874
6100
19284
16589
12220
14430
17371
10463
587
3485
15261
9261
1069
4760
14581
15432
14773
12531
1410
17076
10030
12354
318
6471
7599
12547
16274
11793
18597
8376
14847
8760
8036
9746
12978
15995
6436
16750
5077
9534
18895
10516
4328
17580
15734
4311
16778
14426
16191
4965
9623
3746
11450
9969
1602
17023
5792
1745
2871
4632
3150
7424
17643
12114
12031
18280
7067
3620
5298
9521
10510
6205
16285
5942
9665
2414
4047
6087
4571
17446
15093
89
719
19753
12728
7273
9288
5910
17755
15330
7121
5984
5162
5982
4016
19713
12562
157
4416
14216
13443
11882
714
566
17523
17025
5816
15984
1908
5457
19706
2016
7385
14042
4864
9488
12680
15239
19747
17023
9187
18655
10427
3117
2605
17771
4389
6822
3945
12319
5985
7199
6990
14292
18048
19505
19554
10404
13399
18645
8803
2783
11315
18901
11626
103
3702
4343
2560
2118
10901
7690
13245
11857
16438
15349
16911
16273
13108
18054
14926
167
2088
11667
19930
19191
2787
19541
19051
16883
6186
1774
14363
13188
7197
10778
5770
13613
12160
541
3154
14358
3613
5210
14408
4815
8290
6986
3501
7142
19326
6654
19988
6071
17260
7205
7170
521
8336
2726
8104
10322
297
19362
1623
18474
15080
2860
17465
13382
4442
58
17267
896
18807
11116
5513
12637
4009
7309
2211
19754
7762
7476
3147
19684
1705
701
10353
1231
7100
14735
17045
13932
13070
16647
633
13006
19422
5859
12683
15893
3183
15051
19295
9600
12510
695
3653
9445
16232
1855
11431
6858
13746
869
17043
9559
17396
7427
17615
16196
18673
14635
13599
2348
12047
18180
18143
18546
13149
18451
5957
13506
6258
10806
4707
15482
16613
1494
16276
18130
15503
5483
951
16184
819
9671
16886
250
6671
5759
15193
12114
8413
10080
11901
5993
2363
1029
18301
8327
18819
2337
6676
9084
18844
9634
4228
18807
17946
7413
6897
2288
4174
1634
17114
1022
11018
11790
10363
327
7804
15451
10479
10019
7784
7014
13248
15992
11354
17828
5719
10750
8416
17168
18122
17242
19952
562
12164
10538
5255
13963
11421
12114
15828
8378
11581
3419
7066
4354
11938
8471
13448
7146
11769
15436
18080
16844
18051
16364
8232
2561
5486
13051
241
5884
10348
10557
12633
15904
13563
12479
18585
16355
17817
637
1818
8936
8101
5526
2741
4122
5015
9187
11879
16550
3244
19271
5415
17974
18382
19328
9819
12829
16734
3172
3914
11718
4927
16158
276
4543
14923
2547
42
18829
12229
8944
12573
530
14974
3555
2066
436
19813
12772
5723
3192
18415
7261
17598
5635
19539
1826
18062
15
16579
5179
19861
16099
16664
4135
11277
2592
2935
18340
14443
2018
2072
12898
10067
18347
16836
759
16330
4167
5874
12224
5928
9148
14123
17504
19268
8678
4319
4706
7492
3333
2837
8660
8758
19772
1045
6046
15934
856
3879
19033
16269
4704
16697
8353
9840
10734
17555
19675
9778
1975
5331
2946
13237
13649
17724
16817
1145
566
14789
10561
15726
18393
1232
8031
19515
3049
7498
12484
7858
7480
13269
16426
1467
11185
14335
693
17670
5985
6396
15719
6810
15707
18077
18942
4709
18167
4057
6259
14646
17107
18194
15483
5915
15848
288
1468
8835
3149
4054
13932
6231
543
10892
1719
19297
5131
7784
14971
19800
12368
15923
8313
646
5758
17542
18366
3614
5075
7244
14485
4147
19903
19094
6133
18051
6243
11023
19474
6226
5588
13199
431
4755
8845
10520
12014
1810
8699
7868
7327
7522
1048
4906
15442
14526
16847
16298
11210
7872
7008
14594
4354
19781
7686
16308
9284
16226
3828
11032
1874
15291
11056
5764
4423
19659
5835
18025
6894
7057
9508
6494
6409
14992
19213
7186
17667
12552
12318
1248
9711
19597
16732
9208
2100
840
3034
14485
14139
4957
13956
1085
4297
12780
6361
10687
10840
1767
19108
18035
10509
13314
1335
12665
1860
16307
16138
1321
17498
18412
3266
2338
14664
17560
19378
15606
15246
16498
11842
18767
6235
2393
18833
18117
1836
12074
166
18528
10937
14156
9040
15283
9640
12795
9604
16124
16306
11127
17221
6373
4900
13271
15472
1271
14710
1031
12879
16976
17953
17010
2507
12969
13943
6573
6344
16199
1375
11236
2471
19416
6265
18716
11115
7853
11123
4862
10868
17651
16154
10156
3598
3369
9173
2841
8357
7414
19766
18128
17979
12143
797
5241
9473
2253
19139
16638
11031
16930
16885
10636
13290
13200
12542
6515
13117
17162
16975
452
14575
12626
10852
10213
13730
19829
17058
8512
17851
7385
11744
1032
4115
12175
8765
1071
15806
8673
6112
7494
2873
19754
15269
5930
10240
19232
3365
1405
8047
565
13895
12823
8609
8277
19320
17516
11188
11828
17000
19685
3559
10958
2306
3091
17939
18820
4325
10241
1771
2337
10666
9845
14728
10365
8774
7482
14345
10305
10715
3109
19312
11058
6540
6447
14704
6634
16324
9513
18155
8085
5402
19125
14036
10536
13472
6533
14139
17934
6357
14571
3019
19042
11290
5174
3889
18241
19372
9343
9527
5782
15332
10732
6463
9354
19260
10215
5067
19656
15444
6407
9435
1107
4513
16081
16856
3616
11349
716
18343
14621
6618
5562
13008
16587
1650
1512
8581
4021
12512
10848
8229
15825
5339
8114
14575
1685
7633
12946
15605
6699
12815
13437
6024
11774
18370
12687
16629
17406
8554
7350
16391
18717
3966
7249
1994
6996
4612
11932
4104
10290
3988
18843
6568
13493
12590
3736
10029
10934
6987
8698
3921
2490
1525
2867
18085
12889
18010
12927
18692
9509
5412
8038
13645
12022
17851
14933
2130
14839
10283
10099
2073
11195
4372
13834
8696
8126
12309
14451
7637
16311
10602
4831
16766
12347
71
2744
19730
17916
2043
987
18248
6123
15730
8965
9756
12293
15509
911
6439
622
3572
12245
12026
18666
10476
18620
6371
15561
9602
15042
14854
6654
662
19666
17628
13573
4168
16501
19554
11855
7193
10047
10321
11123
12836
2533
7595
17491
11531
4964
12595
18585
5574
14686
12521
7027
6863
17738
17602
3186
3015
17378
5874
6417
15743
13454
5509
14773
10404
5918
16796
5184
10559
18848
6876
18651
15241
9029
12072
12225
19998
17119
3966
10062
3910
2717
81
5131
17387
14565
11709
12451
10047
5667
10511
18114
15794
5225
9625
4149
13007
19554
7110
7863
14337
18441
8343
17182
9859
4618
19777
17504
4644
5609
14263
16690
10758
6487
4919
2605
17395
1500
16499
402
9008
5972
16044
13021
15551
7556
3259
18758
17446
11685
14485
11465
14934
3493
17122
3933
10677
11977
13910
12296
7615
9245
19109
17376
18737
17577
1164
14725
12803
18152
17587
14662
16626
422
14135
19169
3650
14160
4077
17657
3155
14964
1417
6132
4205
11640
11394
9797
2755
13936
1927
10071
6439
4157
5548
16550
8885
1798
18167
2932
6433
8118
16548
2009
18878
8698
19024
12537
1887
14354
8163
3461
11764
3308
5583
7583
14480
8638
965
3473
543
15734
11307
17754
6287
14920
15895
2324
9624
8373
7333
7844
18652
7162
5292
17273
3280
4946
18123
17273
5538
15153
13712
19747
16816
15120
13789
17928
18181
11165
7600
18074
14235
15757
14193
14103
19795
3535
7178
15346
18705
3502
9920
16890
17151
7360
19068
10995
11429
15718
17427
1746
18609
319
1569
13053
6604
9685
10952
12915
8686
9451
7751
10023
4976
154
3025
6410
19914
15596
920
18591
9531
19145
14291
1436
13116
11750
10757
9679
15225
13867
19581
10323
18477
2138
4709
18507
5379
4022
13097
6094
9865
1110
13189
11527
17561
10003
13557
11902
1705
6580
13258
5421
16963
17142
13424
5964
8276
8000
6556
14644
2228
13243
2033
19139
15138
7780
1228
8982
7404
1193
2866
7818
18027
7580
12326
14295
12401
13415
5524
8761
17347
13921
19163
3846
19754
10705
843
10445
16273
16927
8994
17015
12617
15009
10790
14301
10059
19787
11142
16874
9351
11091
14361
11469
10992
9608
5902
10512
9860
13109
1802
7775
17884
13524
14406
6377
3797
19003
16969
11961
15854
15005
17599
7394
3910
5721
14400
10487
18867
11732
13521
10894
11049
17079
6713
568
18667
18066
220
8587
5189
9258
13918
14343
1766
18185
17572
14178
12960
14040
16649
2749
11502
16343
12391
12417
19295
18444
6694
2847
10250
14802
13008
13282
19809
19606
12223
17047
6877
17442
15518
3215
15014
2277
17126
18444
6252
553
13012
4344
10163
9524
18647
11647
9937
18285
13160
1692
3905
15468
4120
4399
15906
16450
5140
3319
3783
6675
15949
17693
3604
12089
10928
9466
90
10172
1628
2160
1090
5735
14401
13320
12353
8158
1018
6436
6256
263
14828
15526
4403
19254
18426
19076
13811
11981
12021
7144
13141
9417
3425
18099
15429
10898
6417
5625
8246
412
4699
725
19091
9374
515
803
8647
2080
11200
7315
12616
4265
2292
15163
12199
18154
16126
6267
13172
15425
11452
9321
14184
9826
11067
4937
409
19612
5186
19795
1646
4535
3243
14342
919
13454
4298
18403
9490
13982
44
14328
2047
1826
10162
1496
7708
309
898
7996
15167
14231
18558
9861
1882
9014
10922
3431
15804
81
1850
8899
18599
12961
7627
6260
7344
19362
16852
3058
3502
11605
12224
11236
15683
18394
11910
4706
12312
1303
1338
18204
2348
18132
15381
3061
1221
18695
9159
4008
13113
12326
5200
11196
7662
6720
14296
7254
14028
11262
3959
7170
19745
2386
4229
2065
18954
9737
5955
11861
11100
8010
400
2457
19126
5047
17028
9625
12084
8868
455
14537
17276
10506
13090
10256
14281
5804
13791
6473
16042
8052
15657
11984
13408
4474
18038
13146
9025
11342
3383
14603
962
11004
5921
15823
11180
4928
19106
1870
5305
10957
7075
6949
13834
2187
1710
10749
14784
8653
14101
16406
7009
9287
14134
6929
12660
225
6319
17366
957
645
6881
8601
3647
4879
19636
9605
11839
1363
19357
12327
7939
11193
10988
9324
13499
10476
5204
9313
17416
16845
7978
5107
299
17205
14741
19971
9173
1926
6425
19374
865
393
12550
16295
12353
2435
8911
9971
1090
10074
11545
11994
3814
4003
13920
7361
9571
9726
15699
9653
9278
1986
5144
12791
11725
15887
11021
1636
7640
15845
17562
4390
18194
12769
19339
16304
19915
11796
3144
12918
484
202
16215
18650
13185
1976
8893
203
5952
15353
13692
18217
8412
3826
6731
8944
7891
14361
5933
18480
13069
15697
15322
12073
9292
19415
7409
11407
4184
4730
10506
19437
11002
9387
18623
8871
17766
19253
2544
11820
19395
727
14418
5764
13712
2798
8028
11416
14840
1532
17222
10394
16949
5714
3817
18238
3815
3934
17928
14730
7376
2509
19337
3219
17169
2666
11826
16316
9472
17630
4436
16918
2675
17656
4281
6635
18212
4219
1896
16423
4478
7803
4567
15417
12480
2846
10369
15667
13251
1760
15824
2801
13784
9977
11933
2301
443
2765
10121
4965
9597
401
5557
839
13211
1990
9331
13977
1281
1868
6806
1461
8927
11214
4137
18998
14425
6923
6384
2539
13882
18520
476
13836
8703
1595
2962
5347
13604
13461
12413
16887
18097
17437
253
14186
14163
6640
15929
5167
11177
19107
1299
13979
5315
19121
9230
11548
18096
15063
4870
6858
10435
181
15475
16254
16546
15740
1672
77
11247
17423
15916
11644
10067
1944
17236
7285
2818
14427
5533
5371
10304
12628
16146
16933
11141
16346
18299
13825
18623
7084
18394
15073
7378
19950
4112
9918
5697
14152
19267
4253
5783
2529
14724
5817
2505
15964
12366
10690
8773
7973
20
8998
19945
17730
11083
2685
13757
9965
10672
12280
5541
6649
10418
1432
16076
4991
18244
11170
1788
6929
3211
3367
18171
15887
600
13162
14233
19919
15481
7305
21
9874
7792
6857
11579
12648
9205
1893
3002
14261
15618
10425
11966
19651
5278
14191
15394
18426
3428
2522
11613
10185
13768
2108
18420
7207
7582
8029
1797
11278
7387
6491
11688
15163
1844
11815
16878
17009
13445
11611
13135
7339
12486
5100
19072
16174
17798
5982
3972
14980
2978
3039
5840
11702
17548
8549
5823
2690
7778
11238
1005
9700
10883
12969
5202
12432
14629
11563
19856
856
19498
6017
3646
15930
15506
19083
4349
5707
11356
3064
9195
3034
19912
15747
13005
14631
481
7192
14009
1777
7387
3220
9643
7269
16452
10165
625
7851
11636
19413
12508
13472
12319
19276
17878
13685
17768
13552
968
13084
12346
2874
6848
11891
18885
13371
14569
16285
6328
2902
10807
5807
18582
14224
14959
1246
7524
8239
12581
7746
15087
18047
15182
7570
2805
19491
8664
8976
14979
643
10549
4035
14782
13243
7515
8982
4177
14717
6914
3800
5753
1030
14477
18906
3087
6572
15590
9197
5888
8278
10467
13654
6914
18080
13778
11469
4123
2416
15637
17762
18349
12689
18788
13026
7490
18914
18271
9567
3611
12372
13372
15097
9664
18350
3924
5886
44
1358
3431
6398
2911
7484
7294
13115
6627
16715
7618
2444
12090
8272
14862
2423
19840
17524
208
10825
2959
15059
3542
19973
18116
19181
19891
14321
17791
3872
1704
19994
13425
14378
19851
15069
11838
11444
6569
3164
2421
19109
6295
10579
5195
6227
10905
7046
15598
11386
8105
18083
19014
16615
19760
12138
5405
8486
13653
15365
6306
751
9072
6736
10225
7097
4306
4933
18239
16750
17805
11104
18393
12680
7883
11647
17932
19505
2456
10163
10291
4787
3299
5720
12802
7698
15315
62
15362
2010
10629
1041
527
19584
6654
3548
2114
13497
5566
15388
18526
11612
1718
11122
10386
9017
2834
14958
1622
11501
9974
11335
14082
16895
6945
2968
4351
5500
9362
5854
6732
11207
8804
16042
2091
5915
8099
10193
7197
5639
12201
4956
7058
1896
9374
18545
16627
3673
6233
1543
819
18091
186
10420
10225
10603
4989
12317
10598
17097
8799
8017
3919
15544
12859
12414
1354
13323
19360
13680
11076
18532
19602
12086
8871
4506
15005
7278
16932
10759
17814
14486
3655
13474
8481
12841
8215
14022
4125
13758
7140
9475
4588
1197
17695
15054
2500
10098
8138
8428
4274
5298
12279
1518
2304
1934
18392
9451
3688
11420
14532
11885
16723
3744
5857
12720
7252
6915
9403
1073
17076
6049
4517
8222
15362
15135
3229
804
19807
952
1645
4404
1656
3069
15537
19148
4775
9466
19111
16011
613
1208
13485
18344
7711
15698
11136
12509
15109
10207
18975
17642
14908
5688
4390
1947
16811
12098
6285
12449
14165
2873
501
7645
16662
6875
16097
19415
6691
16858
16162
3281
19114
14391
15011
5013
2522
3899
4002
19792
1239
3740
5248
2673
11013
1130
5595
2125
7653
18176
19091
16505
3024
806
3986
18643
9924
14647
17768
11284
11878
8393
16111
373
6681
12119
11233
16228
6656
18139
19716
5734
17129
19928
17481
18464
3015
4776
11367
9451
9953
14676
2332
15903
14139
10691
18362
8483
15109
11421
12312
6609
12729
6761
12581
12505
15136
9521
17108
17048
6508
2316
2257
10701
4911
3464
4850
15249
18828
13087
11076
16247
16262
8370
8424
6922
20
11120
4793
5430
11724
5924
19484
2594
19395
12181
8236
5013
17296
3317
13686
10628
15982
19658
14529
18121
10333
4453
8214
7742
16796
5738
6215
5545
19292
9968
14583
3832
10668
11025
6996
7707
1111
17164
3271
4250
6691
5745
14608
1423
1605
19486
10667
5497
2719
10064
14718
3993
4431
13972
15451
5760
6443
15838
13050
19181
11875
15021
18232
6464
10518
13589
3335
4853
7426
10363
18101
12966
540
16626
7484
3086
15396
16856
3990
11976
4813
1055
4780
298
15122
3518
2043
10402
8906
14940
15478
17158
11432
7769
13650
12857
1596
11168
9995
4903
2961
19532
364
17499
9171
636
6915
10111
15542
14865
10351
1346
8634
17665
5624
8104
16320
651
10545
6825
8103
8094
19383
12580
2242
17766
19007
1481
5292
14470
16433
9880
5337
13739
10322
4539
10397
4102
12005
17197
11960
4553
17420
6287
16542
9241
10959
19811
1993
12160
17762
11817
13146
7787
6515
3671
10950
5987
14956
9011
6671
5652
9542
18477
13919
3520
7798
18209
8575
17207
17652
16079
131
13956
2604
5714
9023
16429
3092
2217
9348
19867
9317
19106
5067
2660
10402
12922
10644
2373
984
7042
5727
8001
7724
1531
639
18478
2924
8377
19883
3625
1001
13983
18884
463
6814
12696
18522
18795
846
13912
17704
7161
19877
7993
644
17552
6300
15127
19582
18880
2776
16001
1443
9466
9914
19274
9624
11988
8962
11710
1157
857
4314
5845
1437
8573
4051
6950
6356
7426
12329
19980
7945
4467
6341
11998
11916
1908
8598
10763
8728
7083
18749
3309
1405
18165
19939
18830
4207
7360
4873
14856
13469
16143
7409
18976
8456
5095
11122
18360
1068
10987
17095
1837
11448
12808
6109
1785
3912
11100
4393
14334
12441
2166
4250
5707
4531
657
12230
3955
10611
2917
19847
2650
18771
13899
6911
3727
928
11003
1903
18903
15743
13576
18417
13821
8016
17846
14443
8583
3823
5199
2275
14466
12830
4256
4792
3452
9162
18966
5523
10279
8164
4224
14101
5001
5003
11206
10292
14898
9708
2313
11507
9657
15592
17889
11201
7351
3010
5681
18082
17326
9691
6512
3875
6171
7147
1407
16283
13506
15093
18051
2676
7263
19389
17107
6545
3639
15518
15772
13670
19254
1583
2721
19
19439
9572
8597
8585
12686
19841
10386
1197
4689
17975
11272
19885
7234
6462
15453
12181
2467
9572
6865
5846
1618
16466
15128
12510
10595
10259
7851
702
3060
4884
19636
434
2403
15530
3696
19345
6820
18039
2432
13426
19940
4837
11812
3879
14625
16802
17046
8273
9925
18682
7644
6180
8165
14045
15710
12903
12917
2487
19530
7021
3808
8639
7964
16416
5985
2178
15793
9865
17661
788
9238
14334
16572
2608
4775
4593
8981
3567
3366
11149
9109
5501
5166
18829
9402
4957
2543
8019
3778
17197
12373
8766
9429
3437
19977
9320
1221
12039
9575
19662
2115
16961
18755
4329
4907
10902
5766
10776
5642
19639
19258
9028
4314
11434
1360
8056
14190
4108
10868
15921
16517
11456
4702
15197
13437
11012
16034
13778
15050
5026
12493
3564
13145
2952
6936
4383
19317
4127
13162
13135
6016
10553
16087
15523
4858
2692
18377
16843
12164
15811
10188
15419
11539
4086
14818
8280
16761
16101
2966
1277
5657
2261
10277
8263
12548
5782
13436
557
597
10283
4828
4770
1776
19093
5470
2463
1724
12378
3612
6064
9603
14398
1694
13920
7613
12684
10317
5435
818
10200
14386
19752
1862
1581
9368
5888
10571
15822
2384
19297
7065
5369
1296
6410
5314
12970
711
6198
4950
9657
17402
7037
868
4031
12374
7581
4577
19738
9715
6219
6290
11020
8653
17684
2564
16246
50
4160
14222
13244
19853
18000
13612
8590
3576
7853
3230
9891
11254
9568
2962
6132
10321
637
14553
17595
17389
3280
17148
4796
3107
7281
7075
2681
3732
1153
161
12712
12572
3466
286
5971
15416
6113
13098
8781
816
11044
550
6235
17930
3214
16831
814
16294
18778
9722
17980
7055
19705
18241
17763
10762
9706
12936
4977
7972
6844
18532
16922
17946
19215
7166
17856
2169
3925
12450
10710
348
18280
19512
4459
11305
4706
10771
11152
9636
7129
16903
3839
15758
18235
6673
19053
19647
7200
18053
14366
19080
5500
9289
13670
11678
14390
19769
3094
592
18623
13573
7755
10973
17074
12365
17366
18767
1124
17128
3187
2341
11285
4725
8458
5019
17209
14775
15684
5399
12355
18249
19899
10281
2514
6388
14422
4338
13123
7035
5888
3311
15327
7458
5525
8018
16564
12946
813
2042
5397
5335
19002
16906
11740
7984
2640
14917
3658
8791
7164
6733
19107
6818
8745
8233
7001
5934
2826
9821
372
14188
17293
18711
7692
10851
7501
13227
15183
9365
14332
6764
19853
16822
6578
10532
15309
6610
12681
9103
4286
8946
2681
987
4636
14329
928
14453
17767
782
1300
5352
8171
8910
8919
14092
19735
13451
19183
6277
17490
10028
5162
12980
10695
16300
398
7461
2560
2255
13993
4357
16542
6160
5448
151
18280
211
17425
3775
3288
6979
17866
16322
230
3885
4157
11047
3562
12622
12916
17963
1146
12397
10397
5283
15092
10749
11123
12205
8255
11294
12022
722
17023
19958
15275
19938
15294
12239
11353
4149
2201
10289
18029
18758
14099
11868
4053
11139
14470
12359
16546
2432
10018
16949
8486
2002
6276
992
3122
18327
7726
8834
5578
18888
15549
1622
4736
3746
16727
747
17380
9690
12600
19098
10890
5091
15060
13870
8352
1387
3274
2379
10539
9436
11943
7677
9206
18744
6410
7199
15307
16324
13774
8118
16063
6079
4678
13689
5516
2920
7702
11187
19659
4637
9057
3894
2426
10200
11694
18363
14559
9230
16215
12879
1601
18616
10696
12142
19322
9556
13186
18061
12723
3951
4209
15544
18067
9226
9962
2760
19641
14697
1840
9532
12712
2012
863
10348
7543
18310
8011
9557
7796
16879
5668
19353
19192
14113
16345
15501
19362
12628
6699
10955
12397
15251
6125
4704
7875
4251
12572
14128
11232
4670
3371
5288
8658
16166
18359
10014
2702
5750
3786
2023
3318
4992
18782
8548
1738
14269
10334
4181
11426
1615
13438
7808
916
7244
2075
14954
8220
94
9269
8301
18523
18238
1665
15814
5722
4755
3958
12641
1401
8017
15611
11295
4473
3962
5686
11450
1725
18218
1466
3462
14386
3434
14001
6608
6627
4332
8581
7121
7776
2649
17730
6577
17754
7362
3778
13691
7604
4023
1335
18047
11616
6367
10179
205
559
3787
11402
1478
12618
12697
18894
8151
13107
15038
16076
4618
4533
5251
871
19656
16570
6601
19391
213
11014
11130
16265
14985
16993
1997
12705
8949
14429
2439
2887
6966
15198
16179
10038
14334
5342
15919
16838
13651
14653
8916
9566
11363
16549
9923
898
9776
4186
6200
19378
17792
1725
15566
3144
3844
12691
39
19978
2217
9254
15935
6678
4692
367
19580
2267
16390
11039
14804
4530
6949
13857
6985
6640
15125
17718
8177
19059
8184
11162
17443
3400
5912
18377
11500
2423
2255
10671
9717
2229
7973
11314
15168
12721
2841
3185
11062
12508
6376
1603
14294
5346
4073
184
9262
14861
2782
9967
3291
13743
5806
12570
10438
14152
10185
8824
6059
14492
9269
13149
19426
3120
1149
4168
17904
5169
13101
13014
9956
3592
504
1745
7798
12160
3003
8082
18602
9884
15929
14639
1449
10700
2918
13514
4130
15517
17017
11316
14108
18534
19064
13173
44
2124
10395
9353
1325
396
3565
3232
18572
4420
6847
13804
8767
290
17806
838
6390
10353
10279
9686
9052
15240
6643
4533
7379
17815
7774
4080
14230
14872
5530
1551
10705
10888
6881
16917
6677
11385
13787
2948
5516
3539
19391
11669
8533
8052
4089
18999
14653
349
5951
2453
13627
18333
6938
6348
17289
5987
8074
11583
13627
14499
15962
16090
10772
18264
15027
3338
10195
10635
15713
12895
1071
7871
12897
17684
9254
14044
18745
12273
449
18643
15985
4711
10167
9012
11116
11966
15095
3936
4177
13731
5147
3011
10056
11498
4178
19678
12892
12214
5139
9764
17671
10354
493
18010
9454
1665
1593
581
47
19408
15027
7606
18869
2330
16484
6548
14115
10103
7377
10635
4596
9298
422
12022
12309
10215
17802
13073
10456
18585
8854
6211
5589
7599
4382
5273
18430
3195
4
12525
8875
12911
10093
597
2569
16321
4880
15422
1869
12217
4087
14580
10225
16840
19296
12156
4375
16996
5232
12534
209
3113
19309
12099
6987
17746
6724
6764
9941
17192
14187
19265
11755
3519
1980
11402
3730
16578
4204
3765
11347
1600
15658
11672
15093
18043
10120
14468
7307
3945
12744
11165
13212
3133
16133
8005
11956
19296
2219
13146
18395
19691
8283
8049
15523
7576
14051
3427
5011
12301
1964
1756
19946
13630
16488
8006
118
2013
11575
5626
7948
4747
10567
13159
17861
6280
2690
19228
3792
6632
8870
13340
14643
9347
15240
8735
17691
13151
12192
7299
15803
15675
6862
19774
4316
12634
2775
8002
14682
16329
16975
11974
10038
1346
17797
15931
10561
12924
12488
6798
1055
15162
11546
9405
15732
5106
6965
5020
12636
13691
8098
8829
19802
4310
4692
8887
8952
16672
465
19294
6146
8631
5981
6137
3307
7851
1461
207
9205
2965
18648
5961
16199
18197
11766
17113
8587
15898
7337
12876
10747
4366
16529
9514
13152
16414
10434
7553
19177
13536
4164
13347
15265
19399
10726
957
8536
12187
5882
10939
14239
6795
13753
9654
14974
1894
17743
12478
6046
10873
13146
8954
2375
19071
8180
693
5542
10520
7412
10359
6304
2234
5492
7253
15930
10105
15733
12998
13049
357
19941
2807
398
4117
15320
6072
7819
6742
9956
7547
11772
12501
19064
12809
11251
14305
4785
6548
16164
12187
14354
19406
2503
13593
19946
11033
13930
16591
3286
10973
10167
5771
18791
267
18788
2712
15664
3798
19952
14704
8262
8487
3086
18610
11295
15016
1643
11448
18745
3525
8064
8550
9841
16865
10555
6934
1174
3433
12448
3389
16933
9655
303
8942
5475
17120
8685
15866
16531
9665
18666
14214
14573
15538
1766
19777
14335
12888
13715
14769
3876
19493
1238
8277
18035
4901
1747
624
15112
14861
2356
11311
5097
18919
7671
8447
11360
1251
19326
3431
6552
19278
11699
4739
9088
6259
16502
13475
19275
4588
8471
2082
16305
5298
16172
7634
6295
9768
18482
19128
15519
18508
17524
1655
9755
11701
10839
11885
16188
15726
14670
17030
1557
14540
7126
12577
13360
17246
9347
7371
3375
19896
4058
13525
485
13870
8035
8495
8398
19834
9220
2720
4306
19950
12571
9226
15360
15663
14413
8396
1200
17191
18043
18170
1468
17467
15375
10722
17274
8203
6916
2286
19045
4611
11507
5905
12791
15735
7336
3369
18009
8028
2279
15258
12551
9535
8450
2737
8364
580
1387
19230
9329
15638
6130
6879
3345
13634
18664
8322
15324
1284
955
19790
2873
1235
10534
6791
12976
15339
2331
19316
16850
9363
5829
6827
19636
12195
12943
18032
7363
19235
17218
3505
15355
18003
14797
3276
1717
8738
16721
7124
13289
17953
11263
5231
13365
15043
3286
4718
9814
11457
14818
226
8778
19576
15177
10004
2640
9066
3639
9320
10225
5554
9361
3953
661
15266
3361
2150
10907
8227
9908
5483
19749
7596
7984
15460
3086
19302
10515
18244
10568
11921
7543
7541
10998
14358
228
17818
9745
17662
18049
3315
1024
19047
8545
2488
1759
2215
17383
8162
8040
18744
1274
16785
4441
12560
9183
8006
3010
9860
2118
9511
5743
3954
19113
2287
16582
11166
10123
16615
19479
2634
15502
15207
6437
10628
14957
10647
13372
3709
5144
7936
18361
3793
6973
998
6496
3495
529
15406
926
11698
1012
499
11968
2362
2362
16613
2667
8633
14114
10279
8190
12879
10630
12139
9715
15127
14478
10985
6868
18597
3300
12075
4968
4680
5835
18758
2142
14171
4024
12606
9387
13585
15042
19281
17332
170
8761
12263
4767
19600
19729
15525
398
1135
16890
12477
12140
17188
15279
3857
1025
7442
4657
10618
11020
15905
4000
15598
10041
6820
8443
10418
8444
3845
5128
55
1131
16010
9044
18801
3929
445
759
12317
9357
11163
10508
17159
3336
16726
13446
10970
19211
7967
15748
1626
19941
11847
17716
3488
11796
15741
170
7456
7740
11636
16570
16440
14624
13847
9514
3171
17818
12495
1155
99
5486
16914
5137
4708
14963
7047
13544
14735
19977
1626
4000
19260
12942
14601
10354
1748
19660
939
10393
8932
11845
11513
4089
13321
14488
16821
17814
8712
5184
19660
15488
11538
12961
6481
9594
12303
5371
16039
17094
17440
960
12298
10279
9255
9889
10670
2030
18118
16346
19631
12409
3861
11808
10243
843
13003
5848
12956
11174
14933
11512
15646
2059
7470
18567
1230
19789
8543
16494
3289
9504
7831
9745
14906
12132
18110
19023
4685
13768
18214
6538
9519
6458
17362
14461
7742
9401
3934
4202
13284
18415
1926
9792
2963
15242
10776
504
14617
16373
11644
15739
3853
12470
6521
7540
11796
8475
5071
19486
10413
19080
14808
12415
15995
5667
19713
14406
6014
9568
3545
1763
10215
12462
6648
8482
13591
257
16965
15832
1784
1243
10213
407
3642
4490
9638
5568
14864
5389
12445
12359
10297
19432
8216
2867
13385
18115
17159
6658
15570
17852
6792
9849
2782
3221
12995
10916
19888
217
15189
6899
13665
14988
15065
10665
12695
18090
726
12302
12813
7851
2616
18274
12710
12464
2724
15918
16683
19964
14224
11089
19444
19614
7074
16469
18857
4432
12207
5537
5755
11682
4
17697
10982
14186
18074
7829
14851
3237
7320
15718
5725
5573
18144
4488
2764
5370
19577
696
2703
2197
18906
17846
1145
12737
15168
13945
18786
11883
6700
15082
11494
11264
3927
19640
13902
9095
946
14800
19231
9438
189
1423
4227
2301
9268
13638
16598
10707
11233
6558
11380
14053
2363
8675
19563
11167
3076
15703
17386
1158
6416
14265
18427
4945
18597
18056
4008
6560
12099
10174
6417
19742
7266
18464
1540
13882
14361
10596
7375
3418
17332
1949
1793
1988
12700
8897
4100
2292
4860
15670
3084
4157
10888
9628
9273
14754
15698
5868
17019
2295
12032
7627
19558
7285
2064
1367
665
9759
10538
718
14717
7664
12911
17580
5126
7502
3657
10519
19955
4335
18632
5402
3058
17793
19695
3198
11
4221
1818
5713
12917
1612
9600
16182
14598
14583
12332
6563
13650
10964
4084
10874
6466
5423
6201
1996
15625
9191
18704
6581
4061
14143
10538
17781
14086
4576
3361
4470
18217
1560
10446
14402
14081
12332
1788
1456
18097
15149
8325
14823
14587
2430
4456
4033
14858
18471
7495
17491
14314
9296
5745
9512
2806
963
6698
8427
19874
10182
16541
16484
14548
6272
732
8206
3086
5085
11554
3127
9535
17224
19379
7602
14490
1066
6303
18082
1626
373
9173
1854
10377
15043
742
10107
6816
14872
106
5053
11921
16733
6500
14656
7492
1214
18637
1731
7381
8290
6609
2495
17633
3142
15969
5964
3020
2672
17015
1193
10778
1901
14229
16163
490
18739
2924
16466
11349
13433
4385
6042
9637
17029
6438
14317
3508
7813
17315
18349
9481
19902
5238
2622
586
16624
16433
17833
6658
7099
18820
6471
9660
9683
9862
9024
11312
14765
19917
8601
1877
9260
1568
5832
17284
9875
2011
4352
19647
14434
15133
3068
16246
10905
16056
7693
4998
6929
4382
5719
16830
19630
5510
16355
2290
10672
19200
9259
8662
16551
5900
5964
14850
15413
12000
15844
4309
7234
6531
1306
13735
3251
4662
8451
11110
19461
2826
16992
16750
14339
1164
19176
54
7602
19410
4582
19790
13076
11034
12301
10938
1092
7845
6966
1983
16764
1187
19159
3888
19702
17889
13334
5092
17449
18520
2983
2501
6650
1672
1604
2897
3010
855
4970
17649
7685
12033
3457
6415
2688
10834
4276
140
19840
14542
6142
2839
18466
19163
2260
1672
3742
11682
6222
19593
5840
3363
6705
2498
19209
17815
9154
9740
7793
7257
19354
8251
3006
6391
17028
7154
9281
15728
19583
8882
1946
19471
19474
18360
15194
11706
11939
4406
4643
4486
1810
6005
13210
15593
7624
15120
19568
6450
12680
678
5457
8308
290
3213
2607
17487
11893
17275
2708
2944
16578
13656
10510
8720
2318
1787
18958
12808
2186
10363
18474
4016
8404
145
18471
18140
797
19351
16214
19568
3913
5772
17583
12869
4818
7531
9150
636
10059
9877
15163
2297
2621
9762
4591
4021
16607
19962
13171
1611
3036
3572
11629
17032
22
16556
2214
7497
10988
17328
11198
13855
15704
19480
11445
3029
14197
4173
14815
13084
1713
55
1828
4899
13117
3967
11735
18065
3382
6702
2950
13049
13200
3732
15277
15023
1177
8203
5439
9037
11720
16507
16596
19576
7870
10937
18270
2317
11529
11703
2023
14015
19328
1980
16149
7860
19309
3694
5336
10807
9226
8152
7476
8665
6443
13603
12064
19941
3668
10684
12027
1818
3061
2538
13090
3943
17976
16968
17145
10218
8309
17789
12490
605
8795
15702
2854
15639
2310
14731
7563
17310
17079
4173
204
3397
5260
18474
474
14317
7231
12752
2795
6742
4632
12413
17952
5739
16072
10889
6216
4470
807
11210
19710
11642
7530
5346
1405
14987
19698
4148
19957
15548
10037
4478
13599
2275
14485
18803
14185
5797
5150
3972
19807
9154
5023
5898
11713
6845
15430
19369
11484
14275
1684
7869
10024
12814
16818
8959
1471
3454
11904
7421
9890
17248
15590
11391
14780
16090
10986
457
19950
3137
13182
13527
3392
4426
19275
7053
7557
13692
4681
16523
6117
8389
18673
14284
9925
2993
4694
9419
10424
17712
17730
4136
5611
15532
17138
14382
2077
60
4096
7578
10496
12693
19826
4932
15700
82
3210
7693
17990
18852
4684
579
16852
17933
822
8973
11775
15590
1302
13687
1407
12096
10771
9963
9486
9939
7331
16722
14369
10080
7380
16960
11554
10846
3953
15070
777
2586
10140
11762
10140
16003
6119
12280
18335
10917
18974
8018
7277
2203
17747
6253
12572
16562
19586
14575
4171
9793
8397
9950
17471
4224
15171
5112
3439
14496
10175
4558
1180
4491
17160
3768
1333
14286
16874
4850
15233
2411
3054
14487
10815
7095
14909
13283
5629
2800
2280
17174
1327
6181
16465
201
18753
9829
10183
14003
19693
2062
19921
2043
13993
12447
16569
6411
15468
14046
16701
14200
15863
7960
9651
174
6868
3062
11869
17525
9167
13179
18459
16032
9179
11162
11614
4342
3534
3683
12769
3219
17156
11170
16979
4287
5810
1499
1557
5944
4742
13793
8493
19435
4592
4157
8993
5113
2387
1697
1208
12782
12304
1770
10583
18049
11104
1863
12910
12667
8121
4074
1291
10843
8143
12410
15497
5041
8909
2552
19103
13985
805
12765
4503
15514
18233
3877
6954
10251
15161
3202
8264
720
14850
2875
9363
18892
4039
5399
9304
18339
594
12094
7633
9933
10254
1930
3680
13113
11596
7988
18901
785
12200
6808
7278
12242
15140
6072
10736
18140
18874
8434
8546
9062
19694
4095
14890
5994
7542
8846
2961
6113
3535
2468
13270
8618
10159
15350
13675
17847
11880
13109
12272
5379
4067
10431
4625
18382
7652
18943
2687
278
12862
934
1840
9095
13545
8664
4954
8176
15799
13115
9925
2419
15186
4037
19372
9333
7115
13017
18294
15496
7089
8545
12649
15669
9372
5307
7660
18449
12636
7988
13288
869
16378
4220
382
3219
2060
17667
8715
2865
16655
7267
926
15810
14894
19343
10487
7523
10477
19987
14717
5033
831
11789
12194
16430
10217
14395
280
4497
13148
19309
2434
18098
14332
9944
15765
6453
18574
11717
17541
15645
19244
11742
13365
10901
2560
11725
2916
8193
4424
13535
11282
16084
344
13928
17503
7399
15439
3635
8133
16835
12971
5100
17629
559
1046
5951
8376
913
10481
12202
7794
707
12520
8513
12096
12158
4
711
13376
7383
1346
15994
1761
4970
1260
2989
11822
9821
2107
3718
19588
17529
4485
13696
2847
16122
19860
11696
7893
15140
4184
9891
6785
1977
18368
11879
2348
3119
14682
9868
7513
15603
11756
14916
15517
2396
6574
5687
6340
9016
15335
2287
15146
3079
404
326
15152
14807
10157
8158
973
4142
15544
17626
8041
11447
1175
16353
19985
9432
6263
18689
14638
17272
8807
13375
13413
15616
5775
9253
946
9891
14711
1005
17456
19741
5171
19370
13602
18018
11185
14991
10928
6615
15980
5553
5152
1139
8409
16909
13230
17913
19695
10682
13702
19523
11100
3296
15293
9497
4169
2537
10535
5747
6640
5150
18937
19390
18923
19453
16574
6834
16241
13088
7009
6962
7145
19556
1367
14998
19214
14609
18119
4465
4251
19035
19378
2058
14131
10753
12778
19719
2626
17336
2820
9172
14611
17854
19757
11952
12238
9628
16408
6033
812
5719
19304
10617
2269
15044
6361
1404
349
1539
9137
6462
11416
5502
2468
5217
790
6448
682
11052
1528
13109
8313
8806
15538
6949
12184
1693
15382
5932
11987
4466
15379
15307
2571
17591
7085
2030
3010
17857
17900
15061
9354
7387
13439
15841
733
7415
12087
6198
1586
19575
14578
17777
19171
6054
15751
17979
10788
15501
6511
17650
850
11006
15510
12049
14040
6626
11908
6785
12132
1488
17654
19720
15900
8166
3371
11914
2035
3651
14407
7200
15027
6995
8381
11891
16373
14849
4940
5912
2144
8175
10157
18184
2801
19929
12374
16942
16947
5852
12060
17231
7211
4678
6690
4938
17207
10710
13295
5353
15065
4892
7243
13928
18021
16548
8799
12899
5989
13595
19443
17803
18299
10962
9808
11253
15788
13645
16065
12136
16677
14156
13943
1450
15567
18916
14608
11744
11988
3114
18949
12473
14640
19895
11332
8128
11002
9941
17392
16017
6836
16728
11448
4823
15450
7470
625
4408
10397
8047
12758
9851
9539
7561
5867
11686
1541
5119
13899
19155
8394
602
14582
7270
2800
17391
14141
18993
18664
16908
3783
6671
5160
13390
4941
2806
15501
5858
14108
7043
15837
1915
11193
6040
9865
8546
3886
17569
11798
5061
677
12534
14074
16721
19016
15524
1623
7954
5780
4482
10259
7231
952
3785
17331
11486
14637
10627
14122
7958
17706
3384
6274
8927
8933
2102
3974
12622
11383
17906
6400
15617
9227
12254
9675
6248
4698
18085
4262
17812
7451
17138
10352
13169
10048
7526
5708
6010
19761
6665
7287
12349
1493
6233
14080
5514
3385
16140
19873
18650
13079
18240
12105
14829
9054
18642
17408
4283
13033
11810
4669
13871
19468
6484
14266
18041
8921
9301
12224
12816
18810
12135
10671
1533
15397
17419
17197
711
8965
19290
19438
10554
486
19526
5444
13778
12266
5311
1493
8970
6284
9123
15541
15215
11942
2207
923
12913
19777
5730
82
18380
3192
776
6399
16545
12699
9526
1065
6519
14873
18568
12837
2822
13617
2657
18969
6351
10427
11666
1810
10210
3769
19891
17308
6797
793
5006
10686
16953
10787
14229
15157
11882
5773
1629
16514
19602
3902
16043
4121
4492
18401
4991
14532
9587
14805
17930
11955
2439
3506
16696
11019
2240
11937
13677
770
3452
11874
3328
18943
16561
6508
15089
14327
319
8025
15759
1893
8206
15676
964
18584
17731
5054
6026
83
537
14169
17504
15430
4859
17624
18221
14301
8176
2845
1426
5863
2069
11264
3518
14032
6873
17571
5361
1862
2837
6543
14904
12493
17840
14278
9965
1599
14311
2846
14370
6074
7250
3644
8234
4320
17282
4878
18705
18214
4345
16745
8683
19171
19220
311
2456
3852
19721
2473
1366
19565
5940
10875
9585
216
10738
16971
19255
16962
14538
19523
1452
11228
1625
4805
19614
861
12041
9493
10939
4992
8249
4639
5335
4312
5918
16917
4125
5129
16871
2416
9656
481
12488
4644
11792
9246
1813
5183
97
13646
16881
9900
11033
18059
19168
14861
11044
6821
4354
8591
18609
7540
12983
12178
5146
14493
2713
12726
12114
6730
7330
18883
19773
8131
2244
13701
12853
3743
5855
18683
17384
10118
2742
6741
1397
873
7055
15110
12906
18941
350
13932
5435
7509
11184
4049
7778
7433
12994
12859
85
14124
18841
18519
10720
9620
10499
17713
10043
9823
13344
10441
12963
16782
7505
4113
3314
4647
19759
2625
14267
16051
18990
306
1224
12061
19113
8361
3615
10457
14418
16618
11486
11441
8799
15554
11676
3500
15623
19591
9766
14908
13338
18412
473
3340
7383
17860
10250
13307
203
19421
9740
6113
15722
10492
12956
5125
6115
12641
160
5176
91
15175
7036
16260
19645
8233
11616
1767
18363
9358
9820
15766
15459
12881
2662
9566
17790
9606
9150
1194
12022
7726
7722
12029
9407
921
10312
8377
4046
11219
985
17147
16868
17567
14544
17572
1947
7699
12842
18224
5891
11807
19981
12133
2147
10412
6128
3163
12743
15802
11476
2138
5401
17668
8554
15956
5170
1610
10193
11069
12571
3948
6436
5203
3103
16845
11628
9514
15857
5497
13860
13193
1446
9013
11740
5031
15
16980
19060
18474
11201
16655
526
18856
4011
16356
3525
5897
15053
15650
12436
9025
14000
13527
12611
19386
11478
5334
11185
9424
13080
17413
13354
13086
5439
6637
7225
14556
18950
16289
16423
11149
2568
6280
2994
4335
4150
18231
1088
569
10006
1718
524
13100
10459
11837
13451
1315
9390
1306
7607
13039
13793
11395
4999
3065
10362
7470
13440
15943
17241
18188
1399
10815
17319
10865
7084
17143
16265
16536
8833
4656
2867
6680
19123
5305
4038
17269
5520
7621
9756
1166
7983
8531
3099
2034
6342
17797
8517
9381
8234
490
9798
7680
15317
13884
3438
9865
5854
19400
19191
9428
845
432
9803
9784
14832
9684
19161
1499
1273
8405
2421
6458
7432
11627
4638
15098
14900
8166
4372
16285
9517
17454
638
7874
6928
17822
9426
16467
9826
8474
9256
10425
3643
8112
7686
9366
6126
13092
10033
17312
15510
14755
19552
14020
8665
1134
9499
11858
896
5023
10344
12149
3255
17754
3416
3950
19440
9597
17028
1585
684
5017
11092
5463
8907
13161
14690
16451
2323
11316
19791
9809
2123
7361
3666
16071
19271
9380
18603
14481
2167
9893
12895
15061
8419
14917
16421
18982
18327
9603
8321
1172
4260
7687
7297
1754
13637
2201
7835
2878
18549
12250
9745
11578
803
16201
16533
17601
18395
9220
17276
14844
5407
1782
15739
19778
14293
9811
13252
8070
19190
17820
5347
4864
4579
883
5225
1571
11817
7661
615
4645
11081
13356
5949
5075
18867
19129
6658
10501
15387
3512
10574
14164
9380
17540
8669
9239
16324
10533
720
12922
12072
3256
11396
17793
9875
6267
4601
8718
12221
6780
13817
3734
1260
6204
11388
13403
14114
7626
3177
19150
7276
14823
2005
1597
2635
7611
14627
15038
2219
5659
9606
8397
8731
2613
5611
19286
19112
14595
11363
4237
11192
18335
15303
2042
10714
33
13056
10784
11434
17352
2707
9686
15795
5581
14530
1162
11529
16711
10519
4666
14498
16705
14428
5622
12834
10850
13825
11586
10190
12941
1735
7409
17461
14243
6502
19397
10168
5258
9192
4883
1447
831
14882
6487
19351
1403
16874
8390
4093
9696
14801
5584
12216
332
2740
15096
19729
18448
2329
18398
386
9311
3739
1281
18276
2680
3616
14887
18817
16268
242
7610
19580
3489
1927
13951
3552
16979
18672
477
2955
9541
6627
10378
7694
15015
4601
9880
4707
9
14150
1852
452
7969
1886
6008
9363
9195
6243
11648
12889
16775
3470
3844
4389
4588
9494
18529
15062
10451
2342
4699
18035
16652
11205
18546
16819
5578
5173
16938
18592
18463
13954
5725
7624
12773
5897
7572
11034
9183
16468
19768
2186
10532
12902
13468
19641
7385
16213
11213
19846
5775
13911
2348
13659
11139
19566
730
14395
16478
14718
17449
14849
9851
1394
8389
8161
2279
13835
17266
1713
10013
19107
9246
15982
15350
2283
9284
3760
1294
7041
12315
8371
3143
5858
18542
8576
2733
18231
5525
10160
12931
4939
17184
12586
11717
7547
2776
5425
9335
6415
6015
14173
17240
7132
19172
16661
6485
1768
7829
14033
12969
8868
9775
7743
13372
3435
3802
1626
17159
6355
16225
1502
4578
3253
15831
6026
15442
3921
838
17094
1722
1251
5856
9547
2764
5798
7481
16992
7341
7995
5843
13854
11677
17473
7449
4098
6872
18274
8853
13623
12577
4104
11092
10448
15508
15731
19640
16452
12728
8872
5238
19633
13779
8330
18741
14871
6849
7793
19691
18872
3110
6105
19445
6031
10246
1750
11
15499
3143
17069
2116
17032
10025
4088
13344
18014
18256
15465
671
10771
8533
10539
6972
19787
16377
15222
11738
11037
10216
2852
17982
6665
18942
15678
9901
9993
19424
5838
19067
1962
1027
6831
18960
18832
462
14882
8281
2916
11915
9457
9973
5510
12379
13572
6344
19521
5398
13407
6030
18915
11956
7386
12375
2850
15873
8905
13795
2468
502
449
2748
16278
14437
15415
14933
594
2470
18593
6705
5051
18682
6873
16312
11259
16784
3616
9327
7647
14961
8844
3103
19802
11683
6954
2257
3501
10531
9567
11298
7859
14056
16762
8173
7416
12191
11283
1279
16403
13033
553
6638
15626
14972
17147
11275
12105
16278
15247
322
12598
10214
6835
2249
5007
10785
1530
4057
13826
4197
5011
18291
17746
6273
9761
3197
12323
2919
1606
4666
11776
16843
5863
6255
19514
10046
13182
7037
18177
10030
12778
9624
4649
7543
7281
16132
3298
7495
6376
4035
6840
12235
17601
1710
19105
11952
10666
9243
15912
12119
14752
7752
8062
19258
231
14092
3731
16791
13924
15676
7756
17401
1362
4438
4879
12417
5933
7950
19875
3596
15836
5045
12450
13210
8643
17879
5565
12585
1155
15978
15189
11908
5493
3197
13912
13700
11057
15488
12730
19222
5928
17518
6879
10699
9217
5416
9599
1734
19761
946
3066
19250
4285
16902
4192
19581
6046
566
17022
2655
17658
10432
10757
1128
11029
11071
4144
2021
2352
19783
17758
6879
10817
3478
6132
16246
4631
12761
15634
8597
15912
8479
17639
15389
18789
7419
14687
5703
12877
6259
14538
4079
13723
2505
15375
12387
18676
6298
2458
11913
13670
4503
12860
2610
18993
9963
4077
19852
2259
11128
5228
8593
10674
18393
9775
19428
6229
18805
16466
2282
6024
10891
7382
18153
15066
13120
14288
2388
7886
1657
13769
19314
14631
13957
10519
8703
13510
2164
12909
1312
6220
2205
9421
11356
8334
18418
854
19252
8438
3163
9040
10265
4264
8558
15946
18897
19170
7868
12272
827
18483
16721
10958
14573
12581
11604
14232
13665
19905
778
4889
7921
3948
15967
11019
6479
6577
6827
17420
7125
68
6935
4443
17724
9062
9307
13947
856
3211
2600
11248
19016
18618
5194
2836
14722
5868
15801
16545
1578
15129
1635
18725
210
9275
11592
8191
8208
12461
15681
4716
8177
5360
12812
2964
13898
2249
1157
15331
8261
17756
13655
8992
14310
1082
9871
7348
10222
16780
7562
6868
4409
14866
7734
6170
17451
13253
1953
8507
2540
5531
666
15473
17559
1193
18829
16368
14797
2364
14980
2341
2595
14933
8501
1404
13552
11848
15344
7097
3902
18243
14952
9746
12659
16179
7881
9985
1179
10217
6571
19931
2459
14506
4469
15450
1200
15123
5044
19896
12008
13150
5054
1066
16275
14339
8368
11341
5816
178
18638
18512
12805
5843
2898
8447
15038
3866
10586
16114
6664
7864
10574
5253
6017
14703
12276
9222
3274
2724
19249
6598
8702
16576
18891
13280
1382
3026
2373
17828
13375
13048
11621
15102
18516
12566
6683
13518
8957
14781
1891
1283
8788
5178
8968
8837
1129
11288
8712
10176
18806
6156
1912
1720
18817
2407
15663
18013
11364
18068
3822
1211
2761
3710
4216
8193
13097
5825
3380
17882
3914
17977
10910
15933
18190
5883
18381
8078
11038
4048
18168
9701
7630
15740
990
9736
16075
19869
16300
6832
16822
11878
7872
8879
19405
19830
8179
15543
16895
18539
10329
19315
19682
11833
8405
871
17968
13544
19608
14999
14304
8788
10928
7412
19792
8509
8316
17754
6858
15613
6935
17927
14517
13197
19980
6092
9437
14439
9003
19418
7880
18063
7976
7573
18050
6757
1455
6511
8123
13974
10399
15337
17130
16593
12933
10054
4709
8138
15476
19735
5186
15445
9659
18054
11117
8242
6894
12811
9264
5211
14725
10179
15853
2733
14565
3325
17499
12574
12902
3157
13498
16975
2532
15642
8409
1204
5094
13474
1676
765
741
17763
1385
1073
19875
19032
8054
4460
11799
18446
15934
15048
13585
2447
1411
4837
4805
11283
15419
4214
9982
9609
6230
2285
18128
11431
12178
9479
9129
9501
10218
8356
6192
5684
14241
2047
6699
3455
12645
9650
14306
15398
3219
2498
8220
8873
1204
119
6551
3910
2274
10451
3339
6752
16017
16457
14738
13778
7517
10248
18372
287
2178
14858
7564
17214
9344
19480
14660
9491
17006
8871
4531
19249
14091
7884
4967
5806
3064
15009
9243
8652
3520
10116
6527
8397
7883
5186
13659
14476
8247
7946
6974
14840
11234
16157
5525
5573
14893
13446
12981
16509
260
1131
6473
10308
3862
12267
13147
1737
14997
6906
12245
5670
8017
11541
3838
19146
14881
7172
19416
18542
10615
5138
19704
19032
18909
15764
9064
14227
2822
12367
15867
7059
7228
15185
7212
3153
696
17262
12203
5278
17930
7012
13857
748
1222
4245
15808
7122
18656
17752
3845
13410
10053
15235
6364
13642
6556
8012
19712
17996
1639
18001
15085
14688
12470
6027
7002
16504
2809
9484
14716
7041
13966
15746
13651
11520
13547
8506
15225
5257
8892
18471
12525
18616
14819
4583
13753
16093
10334
549
14315
11120
6496
19903
15121
19725
17764
17767
16259
12020
14583
3031
7727
13654
3432
18381
18151
16176
9498
19227
10008
6392
739
16679
19342
120
12431
14006
4116
4079
16867
13517
6862
2974
15266
12086
13368
19368
10766
14779
7549
11803
12386
963
11102
7791
12570
524
14770
11274
19459
8208
14614
10796
10707
18514
10586
182
17147
10586
16221
1295
5209
7077
14552
2964
15709
41
4033
8955
9841
45
19116
10511
7935
12676
18543
600
2332
5773
14913
8811
13167
6403
2435
5528
16928
14717
14686
13919
1924
9863
2026
11112
10264
13456
4500
7524
10745
17796
17144
464
10617
4896
17946
5528
15675
7140
19907
1707
8467
4681
3305
3697
10642
12319
722
10210
2535
13557
9140
18591
13467
7731
2799
14119
6850
5527
12697
4309
6105
16567
12472
17856
1324
19270
13211
8652
13904
13307
4839
765
18250
5770
9617
8443
2731
308
14257
15371
10807
18380
2339
11209
182
9348
19714
9543
13649
17630
10192
13732
5443
18558
769
16297
10458
2864
12411
13739
6438
4927
711
18699
15873
4653
10371
8533
17611
358
19278
7627
16058
17564
7318
1106
7687
16338
16166
4066
4051
18831
2836
5100
5361
19535
8653
15173
19896
17708
374
15729
1779
19936
1516
1659
17437
8086
6061
3430
16261
4736
11819
15943
4525
11758
8326
7278
2742
3849
5825
5514
5431
6926
13948
6840
19914
5529
9998
16817
18941
16023
13119
6325
3354
12248
11900
19621
231
4358
18221
17084
19462
8330
16983
10304
65
19841
6154
2546
15644
12888
5632
17221
5626
7264
13543
851
1941
6325
5356
8504
9217
5711
5806
2397
8456
2878
16101
14807
10280
2599
15339
16353
5978
13291
4635
3186
5184
16483
15434
17706
3428
4333
15256
6610
12206
2766
18947
19160
10565
6304
10765
13351
12810
2074
6024
7027
19218
12352
3985
2188
6906
7711
11486
18728
1675
15982
14098
6014
16889
13924
6844
12178
2391
13248
18358
4335
12387
18346
13058
10408
13536
15197
18543
11315
17080
9537
19758
11350
666
4530
15850
18658
7868
4016
14341
7467
339
9452
17049
11538
14751
4066
5826
12027
12034
6273
7641
230
11783
3844
1710
7024
7444
5988
18493
18787
19519
13217
9621
8634
4274
545
19294
17417
11209
8146
18468
424
1983
12542
10612
8094
13522
5485
8545
2190
7327
422
13525
18820
13061
16334
19474
4679
18825
17166
8030
4946
13996
15227
10065
1448
8617
17155
8738
11904
9094
8336
499
2559
10663
9185
18179
9902
11485
7862
1983
17589
19410
19069
1621
16315
9231
15828
9345
10444
13562
4349
10582
276
6943
14830
2641
18860
5708
10121
19027
18057
8959
2473
7542
16306
16093
16693
2027
18790
15155
11783
16642
12030
9763
13123
1830
19082
7787
10304
16765
11540
7661
4165
12695
15602
12017
12758
9467
12539
11588
19793
4443
19555
18950
12250
2895
3235
13007
17526
15276
16656
17700
9295
14383
13927
19455
307
12731
7874
8072
4943
1109
17859
706
714
13793
1334
1418
5004
10923
15658
5735
6100
9341
6389
18842
19850
10550
17116
18036
2931
10280
7488
6909
1562
17127
17134
12384
5628
12756
16978
19917
12228
7579
7756
11720
13935
18259
11716
3957
7958
1970
16446
10628
5706
11082
7935
11567
11440
4231
10406
1740
10553
152
2493
12589
14449
18479
6661
16896
2512
9691
18847
14559
17922
11601
13767
16430
2746
5576
7707
14097
11581
10810
17581
16605
9935
5404
5589
10732
1306
9165
641
862
9238
9908
11519
7913
14464
16741
5724
15105
17606
1290
12959
16286
8425
6043
15706
8402
5393
6945
719
5420
13293
13695
7456
917
5
657
7821
12659
13277
2067
18976
18940
2775
16016
729
1468
3467
5507
2306
18444
14928
19204
13459
6623
2558
16057
11302
10615
1762
8878
8573
5758
17642
6472
8371
9225
14903
3000
16646
19429
4900
8324
11894
16937
4118
16939
16543
11599
1827
11335
11639
15094
19049
5946
66
4111
5749
15950
19411
492
15750
8099
6322
5651
17556
7091
3942
2289
4152
1190
15850
13130
4940
19161
11481
14762
1857
2676
17766
12752
12825
13017
5484
9840
8538
18204
13641
592
2631
17556
12684
19923
18513
18236
10572
13825
7135
10695
8815
1086
16849
5468
1398
13559
12994
13978
1702
13992
15735
13539
760
4357
13178
19898
1136
14549
8593
15798
60
7496
19064
9970
6255
13561
4519
10981
397
2983
14701
18663
17732
16297
3162
11572
4785
1712
5094
3849
6917
2384
15563
10243
14979
13038
17400
7860
1006
7693
7219
18897
19441
5505
649
16895
6786
18257
3665
8656
9757
7554
2609
5700
3725
18559
7839
9190
18628
3791
18671
16665
15570
2747
8934
16813
18270
17742
2268
16284
4551
6798
9981
3712
17895
17364
2420
3523
17962
17163
18311
11005
8698
16134
3798
3081
17168
19281
7802
5768
10979
18190
13057
12654
752
2393
18880
