980 210 327
6211
725
5424
6591
2109
4236
9038
5378
7501
3682
4848
5629
8152
4535
3832
1641
7612
4016
2648
5694
3311
2987
7785
2264
102
3467
4186
1675
8311
1325
1663
707
3975
4553
8493
5748
724
4843
4040
5513
2409
7129
2557
943
9258
545
5034
3274
4189
8848
1382
5525
7416
1131
4336
3546
3753
6611
1515
8451
8588
6630
8370
2492
4480
5218
3277
5678
1820
6033
8839
5660
3041
5545
6164
2391
8990
4454
2547
2550
3989
1369
772
6689
2573
7032
8166
3759
2725
7220
5240
5939
2986
8354
1301
1180
7939
1448
7046
1972
5885
8119
4216
2043
3296
2555
704
2020
4098
4361
2482
4862
7062
1858
3614
541
9079
5107
1010
6231
3161
3967
4308
8066
4136
315
5338
3990
3443
294
2893
4049
2123
4293
7118
910
8048
3202
8357
7875
5309
8962
8633
1533
7928
8472
9173
7831
3900
6509
2973
4962
5173
9015
2876
1272
1343
2430
3669
5608
2322
2673
4059
8537
5042
2341
1999
635
5781
2183
4829
1891
7730
8883
3248
195
8871
8980
151
3095
6863
7159
383
450
3947
7905
3159
8712
4801
5812
5133
8813
5145
4747
5798
3235
2354
2167
8825
338
3819
989
2087
3484
9182
4674
2506
6965
4068
1118
1733
4727
6851
8927
2422
2998
6404
3504
8399
6443
4936
8744
1946
9243
6462
7285
3765
2649
8168
2139
8562
2832
8694
9133
5898
6116
1061
9012
2612
5721
8967
8920
2968
4320
2129
3522
5562
8843
6310
849
6579
2600
841
6001
5579
7857
3289
5709
722
5455
9203
2969
3805
3563
6105
1007
6565
1035
3860
8213
5226
976
8334
6889
2377
4394
8005
8245
8101
1283
320
6917
4502
7231
1265
2431
6799
1498
6672
7494
6983
4206
6816
6395
5062
239
3319
7800
6754
6205
2820
3008
2253
1754
8886
6383
7617
2803
149
8206
8455
1538
922
1789
7547
10
5161
5988
5803
3113
7290
1090
3460
3666
8197
2660
6528
4734
645
6435
4127
16
882
2540
2221
3218
2643
4973
4152
7330
522
9200
2314
5921
7465
3918
8953
6138
1315
8039
1871
7752
181
3871
6772
5406
955
8287
4740
1554
4083
3501
1465
8518
5597
7488
4595
8650
1203
4383
6354
2628
810
6617
500
6016
7374
5321
7745
5271
7358
1579
8676
1473
6152
3884
6639
9368
7009
6649
3700
7957
9008
3631
5281
3673
6723
9135
5254
7640
7625
4310
5948
8769
7276
1807
6429
3120
6486
8437
8021
2894
6130
507
5020
9204
6077
6809
9144
5879
3385
2931
5766
3787
369
4912
5061
4089
7100
1436
4441
7572
3270
4632
7574
4768
8140
5724
8506
2310
8075
9024
5625
8749
1457
304
2867
5094
6275
6700
3334
3149
2170
5115
2544
8128
1162
5223
1211
67
2464
5529
1502
166
5648
3259
571
4601
7060
4696
2781
7177
1876
8611
678
4092
7187
210
2234
7879
3996
1419
8363
1188
8382
2645
5498
2301
527
147
3186
4594
8302
9319
8940
2985
3362
1049
524
7205
6782
9371
4617
3084
4803
4053
179
8486
2067
3597
5911
4033
8258
2158
3848
4114
2618
95
692
3639
8903
270
1724
7402
5074
4247
1027
8651
8658
6331
8914
1074
6365
7322
71
1415
3294
5809
5866
6713
782
9051
4569
7306
1297
2245
869
8720
3094
7336
7845
2075
960
2744
4928
3696
113
262
720
4376
7366
7449
5677
3539
7391
553
2858
1570
7065
2107
8909
2367
2934
4938
2608
5351
5287
231
1489
2326
2620
4176
673
8854
4820
419
3054
2844
7000
3422
1913
185
2278
3711
1936
5104
2733
7611
4521
1254
2954
2096
6736
4287
1108
4682
8833
2186
6181
6498
830
2766
9162
766
5362
2759
6300
1519
2030
751
230
470
5611
2799
5200
1243
1586
808
870
5501
5836
3999
6197
9086
1828
2524
4472
7715
482
1394
131
172
6427
3818
5654
4260
7662
4513
8733
6282
7532
5312
9037
7260
5481
1129
604
3535
819
7751
3140
6859
2590
426
5569
7527
8539
7354
1412
5634
3955
1624
1381
2880
401
8777
6590
1602
8375
8184
7234
798
8280
8154
1739
5392
3412
3198
1612
2287
2915
2702
4495
5284
1231
1361
4826
8412
8730
5962
4347
712
1159
622
2474
1185
8385
296
5222
611
4097
2224
4298
1104
7644
1903
5979
7230
6257
8699
446
6962
3297
1845
3078
6953
4880
2456
9306
6054
6833
6654
3431
5587
3258
5440
5052
7153
7951
2825
6606
2631
2782
2884
2946
5765
7913
6396
4163
1680
4061
501
9114
9297
1956
3894
2286
2441
6526
3130
219
8001
3580
2080
7768
4898
3747
8786
2194
6715
7137
8616
1215
9229
6801
7247
2141
7173
3933
5653
2514
6716
5515
7083
6410
437
6066
7983
7896
8745
44
8665
697
27
280
5849
1988
3653
4662
7085
9346
8679
3749
8982
4650
6714
4087
7509
2990
6139
997
7698
864
3023
4266
2984
6403
6464
734
3846
5137
1635
9041
6903
2049
1930
5010
5017
8580
7818
4109
6229
4989
2723
8532
351
8296
6239
453
2210
2714
9026
9351
4085
1697
4944
8264
3368
6527
3067
5464
8804
894
881
6090
8802
400
5980
3394
248
7489
8170
7302
5002
3175
3780
8544
2689
8596
588
3816
6871
6569
3721
1142
2002
9002
4442
1853
7563
4786
7728
4755
4641
7025
6827
7772
2365
1766
4491
3344
9103
5827
7680
3727
9273
8993
6543
3314
3740
4305
8409
7396
2507
2662
7972
6450
4032
7407
8327
1741
9288
1784
6481
4583
1706
8198
6348
4411
7591
2909
9221
2398
5740
4713
7188
8428
5185
4221
6043
4107
1313
4271
9315
2054
5262
2582
9025
9067
5296
7292
7471
1202
6935
7606
7433
2598
4857
7774
6533
8880
3436
9032
59
1776
79
1645
6555
8752
9131
7997
2171
6325
5559
663
4884
9295
9337
6727
6118
8347
4426
8092
3857
8896
940
5079
8227
8702
1280
