7245
933
89
83
205
569
904
869
654
69
533
81
605
751
573
804
290
204
264
696
47
620
895
456
365
872
770
432
690
261
157
368
893
701
136
189
951
78
169
271
286
140
135
342
296
766
662
689
765
925
211
282
112
570
749
230
751
863
85
523
361
290
136
184
742
417
843
829
553
227
152
649
889
676
645
465
827
699
437
291
378
87
659
92
270
807
134
41
457
216
729
190
178
556
436
924
570
450
624
923
712
487
840
427
386
577
871
853
781
311
189
569
785
890
220
276
492
800
920
57
646
104
276
642
342
832
489
198
473
768
191
91
759
546
673
582
312
89
332
379
839
53
572
98
105
76
770
96
572
454
840
619
213
863
258
419
518
493
808
614
304
677
205
419
416
138
645
561
456
306
586
274
810
282
139
240
472
877
105
90
447
72
903
562
280
126
74
892
148
382
377
229
835
783
133
351
799
933
647
313
231
644
98
32
854
806
353
640
613
576
73
330
695
392
822
848
734
497
310
625
39
639
460
32
375
166
831
799
342
107
373
756
751
446
535
462
104
327
265
398
831
492
765
143
827
592
929
53
383
678
572
866
319
228
215
273
806
33
525
737
270
386
814
433
474
252
443
394
843
820
38
900
567
772
660
947
318
785
426
401
35
624
867
167
818
460
729
404
612
361
695
241
98
600
438
424
879
160
371
691
873
251
604
952
175
688
675
353
528
195
560
301
904
732
269
355
366
905
209
693
924
724
841
191
587
98
448
105
423
894
739
182
719
933
75
931
943
135
446
615
786
831
235
876
545
88
152
511
94
657
254
364
329
285
414
471
279
380
113
276
533
597
549
457
460
869
738
545
65
479
533
609
41
396
36
118
621
449
826
588
84
256
151
35
142
478
692
487
579
821
334
464
578
757
98
244
599
697
131
450
613
830
328
107
466
222
880
566
750
715
897
826
788
393
241
334
677
692
79
203
134
176
338
64
831
127
332
275
350
232
925
731
74
47
656
279
795
683
633
671
768
757
476
633
906
564
365
383
649
354
483
882
718
525
142
700
898
200
426
342
636
434
520
67
383
57
489
301
779
435
313
124
725
713
469
638
890
484
779
125
919
703
383
145
792
235
353
653
91
43
276
255
571
830
865
514
249
490
334
645
115
596
769
438
892
178
31
149
594
375
484
656
81
950
111
491
620
792
565
415
927
726
333
38
225
450
399
951
910
923
753
154
780
643
698
447
803
79
181
778
162
700
134
951
425
498
513
451
495
791
874
428
929
197
755
438
688
135
123
201
128
944
272
821
435
907
589
223
765
940
151
598
880
205
855
934
836
883
810
125
732
264
426
143
262
556
63
531
466
787
149
198
622
702
929
810
127
199
935
68
703
847
756
66
782
438
381
289
468
416
436
367
719
741
741
489
817
498
781
921
239
332
142
553
747
527
869
356
631
450
671
119
597
911
768
296
650
504
136
841
171
231
692
78
234
407
747
186
946
649
370
812
239
166
423
233
47
847
574
273
685
599
604
311
362
208
628
837
381
503
344
499
936
846
912
585
843
932
678
418
635
392
78
505
439
290
317
863
381
649
563
394
932
557
742
747
891
789
318
950
168
120
451
90
640
118
379
593
223
65
101
446
256
356
496
580
854
747
595
335
923
96
773
365
258
56
918
286
794
355
555
122
157
802
289
771
500
91
768
174
926
611
138
730
792
233
69
889
809
311
690
672
228
262
696
946
177
916
455
431
601
434
677
790
429
40
541
522
255
632
600
255
755
609
551
611
870
868
497
803
720
789
525
229
436
275
844
57
786
896
244
455
762
597
303
934
877
560
850
405
190
576
215
450
663
207
834
68
574
936
542
646
100
792
441
197
517
582
221
757
383
434
717
562
667
617
686
277
118
435
723
574
355
871
696
161
278
845
893
131
640
44
660
500
135
790
129
167
253
100
492
658
213
511
361
922
63
803
255
822
240
436
340
821
924
670
316
457
274
631
433
791
154
536
305
697
636
852
793
361
458
717
152
614
396
63
331
854
94
528
792
914
712
541
185
635
501
696
656
908
761
49
530
666
243
722
895
518
163
795
679
460
49
185
70
798
457
655
541
913
868
485
844
482
459
112
812
141
661
936
199
511
206
943
855
832
71
553
925
942
528
436
316
859
740
227
217
670
332
663
250
111
909
702
430
757
596
910
364
444
792
259
165
658
357
94
618
943
110
229
490
827
234
902
420
111
143
450
664
497
884
865
289
408
317
416
320
807
574
870
252
516
213
239
334
127
357
646
859
387
46
439
884
778
113
689
401
603
196
836
70
377
618
819
790
370
263
381
624
428
338
705
329
221
519
333
128
250
157
696
586
579
278
736
902
501
139
417
143
665
479
113
471
531
596
213
493
394
666
499
775
949
69
707
299
64
100
259
778
457
478
678
118
724
592
378
462
289
896
644
928
93
831
68
41
229
185
189
781
305
401
636
65
772
816
711
37
817
509
557
514
658
679
255
141
431
267
842
593
218
434
734
752
417
414
681
915
454
849
366
248
500
275
223
566
908
180
471
284
420
293
487
547
487
767
572
369
745
943
347
308
455
752
154
46
734
73
65
655
434
845
919
852
530
411
435
335
297
268
214
613
46
252
887
322
713
319
90
38
931
49
91
505
500
163
126
631
640
388
470
763
238
587
772
562
792
731
86
646
57
703
380
764
682
314
445
309
526
468
525
135
375
359
509
636
262
62
369
207
601
381
46
548
50
167
235
472
596
596
602
878
677
150
726
193
649
802
736
937
232
489
724
794
34
806
279
611
938
836
823
563
84
874
821
637
702
767
327
399
696
525
463
539
618
186
851
220
906
927
174
680
289
896
39
564
937
520
204
828
151
421
248
458
32
725
922
444
339
825
942
632
202
841
243
733
802
325
442
354
297
618
143
614
234
223
69
674
342
426
468
265
682
375
72
304
332
388
142
206
891
394
431
471
264
796
810
391
164
288
776
224
765
777
836
918
199
619
421
508
949
484
522
880
157
281
612
433
640
151
864
600
92
708
533
309
80
826
75
331
908
772
573
66
79
58
794
916
377
415
864
410
358
644
103
109
533
877
151
819
491
499
255
430
419
30
709
500
521
410
44
545
560
718
416
855
710
545
228
815
802
349
69
604
311
503
62
585
872
647
867
557
82
466
796
408
95
636
431
406
284
421
78
312
428
626
74
764
391
530
321
177
652
522
863
360
933
52
97
855
126
112
302
596
541
597
845
52
314
894
732
861
641
608
477
906
919
872
777
776
872
410
621
653
727
208
810
203
728
98
632
187
105
817
687
609
873
401
340
87
290
889
697
794
796
196
212
58
644
197
240
206
91
726
506
269
194
920
397
560
736
41
322
901
468
865
488
764
751
63
244
720
112
947
51
528
267
265
194
126
677
399
52
263
931
616
208
509
380
74
216
860
875
395
729
336
607
181
207
780
543
541
54
330
488
583
378
875
210
96
392
483
574
215
378
889
220
535
917
516
71
408
187
635
765
493
345
872
89
97
71
460
612
95
341
952
234
232
916
451
581
428
258
608
374
104
894
838
726
152
778
719
58
345
73
492
167
59
509
806
677
738
736
67
724
856
776
868
418
389
517
857
409
50
105
205
385
162
341
285
175
43
826
540
137
700
742
85
150
841
369
814
477
693
504
456
716
150
789
253
313
239
349
611
894
88
369
797
423
870
244
709
371
122
356
774
264
575
747
932
378
463
509
569
314
194
575
150
409
317
171
321
893
946
123
763
317
839
737
331
180
484
337
129
943
678
263
262
139
542
494
314
593
163
313
502
764
566
659
513
479
738
221
534
92
865
881
263
562
897
890
714
925
143
301
839
446
748
839
388
850
367
486
659
314
850
129
798
513
668
450
86
943
379
753
453
666
253
541
317
135
85
155
819
332
418
521
814
581
513
612
514
706
644
691
49
947
238
253
890
949
78
674
59
637
73
623
948
584
603
880
372
816
844
80
822
951
812
538
49
587
579
271
640
931
170
628
96
51
949
96
837
462
891
175
469
667
363
241
122
812
795
263
322
581
773
550
575
499
179
787
497
391
772
440
916
729
204
551
622
701
104
695
662
193
693
839
685
323
564
352
70
491
640
454
196
637
198
790
815
617
788
436
706
279
618
539
327
238
284
682
106
422
578
77
557
117
79
831
475
228
691
570
838
160
130
883
445
86
872
614
878
857
685
746
509
596
778
470
950
939
227
520
432
221
244
607
665
545
650
99
284
786
438
192
530
698
913
451
166
186
330
727
326
707
179
913
919
371
318
234
792
48
341
218
515
921
448
733
608
608
366
929
180
903
873
731
425
457
217
187
917
583
148
195
923
489
294
832
807
566
845
909
634
133
252
124
418
35
926
233
790
474
448
292
355
871
180
857
32
338
698
125
909
47
945
653
845
170
165
760
766
133
383
101
685
69
179
197
513
787
845
633
950
346
934
645
576
781
910
60
820
866
533
877
608
753
89
860
210
598
769
409
721
35
34
927
207
184
759
828
193
648
421
514
706
196
289
555
336
634
657
207
745
367
220
625
584
798
648
795
548
317
732
588
428
358
649
30
522
730
257
455
448
689
66
100
531
75
206
834
732
664
497
639
671
193
146
152
918
34
35
462
843
892
177
175
667
581
514
409
816
495
237
389
697
482
686
518
679
100
651
665
183
630
170
749
858
517
576
841
420
420
272
756
292
952
536
946
522
856
932
590
112
469
525
177
787
62
811
874
356
280
624
688
48
86
895
442
385
140
428
327
747
677
322
298
258
107
696
590
913
603
122
671
381
285
148
185
257
521
41
61
423
88
33
596
741
578
214
874
499
622
331
236
917
604
289
793
252
897
157
43
510
701
95
243
625
500
918
846
89
815
548
84
563
141
749
252
734
414
172
96
799
648
551
292
186
775
469
580
111
227
201
212
94
241
198
54
466
636
793
331
82
80
368
834
123
739
577
73
788
157
512
386
68
145
449
559
455
851
169
774
298
73
334
389
629
468
840
129
905
190
34
320
294
165
188
604
941
105
228
770
721
419
113
874
257
869
451
858
221
897
568
639
413
600
639
837
311
83
328
147
285
650
283
880
685
526
322
409
924
221
152
709
931
310
331
343
820
413
198
875
397
403
454
940
77
410
265
654
375
932
639
416
398
772
470
763
751
431
126
595
712
388
299
750
599
31
519
189
859
169
191
534
813
475
598
78
169
534
234
946
447
326
895
272
568
779
807
154
42
518
943
506
606
572
163
558
195
393
651
374
690
32
650
824
752
299
427
838
59
547
846
162
231
759
473
944
648
349
323
406
202
915
672
534
730
102
869
305
185
164
160
54
276
389
781
798
557
489
674
907
595
86
406
520
455
812
569
830
90
68
570
293
776
621
257
605
177
485
807
476
829
713
384
920
598
177
514
358
837
868
834
240
571
107
908
454
168
813
440
520
181
396
244
515
74
785
137
73
313
613
825
406
730
149
214
641
638
350
420
318
845
557
47
441
696
264
813
678
169
457
574
394
140
32
399
424
424
864
442
708
262
395
648
597
466
250
762
207
285
764
109
871
476
85
265
641
658
281
282
725
879
464
284
671
736
593
936
282
384
573
391
100
290
361
562
651
321
537
700
168
270
87
356
52
885
403
113
327
842
884
455
951
467
852
473
459
251
86
176
672
408
531
719
630
400
510
42
926
285
842
484
729
903
279
425
354
34
169
318
268
93
518
153
147
675
952
614
371
365
115
250
138
349
804
335
950
305
775
163
295
914
590
673
927
820
845
688
831
724
295
406
406
891
854
823
877
463
225
39
802
492
275
720
395
628
853
453
660
728
639
203
205
452
621
413
591
387
826
448
902
936
921
909
183
752
30
616
661
761
200
479
409
322
379
731
220
90
412
613
783
797
166
552
638
280
892
828
453
85
510
639
913
133
330
828
534
181
207
442
370
214
262
223
515
749
626
813
720
832
159
806
269
365
796
61
186
779
535
653
588
203
655
855
830
559
905
623
434
836
727
77
855
114
161
647
169
593
138
377
368
750
86
739
589
533
612
919
180
888
603
371
738
477
41
872
704
49
570
870
476
329
126
162
736
855
556
331
740
470
301
476
56
188
531
666
292
186
172
144
642
542
373
676
879
551
446
406
281
389
58
259
911
602
945
281
841
186
491
809
824
847
255
155
643
939
336
199
838
466
439
238
218
788
106
130
706
506
555
469
264
328
784
104
716
753
322
810
754
268
423
633
474
209
542
637
257
337
515
553
242
527
121
511
104
113
107
84
171
236
496
669
179
89
621
219
870
789
463
705
874
619
536
83
32
762
204
932
478
165
479
190
321
498
500
311
186
483
938
186
726
845
48
464
444
770
390
686
851
54
933
68
792
102
692
428
103
620
510
351
232
541
379
345
147
640
579
382
221
413
649
933
733
57
855
253
227
648
526
797
331
746
792
888
497
742
493
234
416
857
660
410
657
232
374
213
695
939
510
534
470
146
805
759
521
656
448
710
589
455
76
580
361
361
783
913
310
463
829
182
216
833
111
757
32
336
757
548
419
383
822
690
786
201
625
837
645
494
129
472
933
768
112
695
56
605
572
784
795
657
71
578
60
72
748
314
584
787
51
776
365
605
564
747
749
663
857
830
137
744
313
396
929
182
568
816
929
468
879
497
62
160
157
544
75
459
353
74
506
155
410
475
100
838
676
420
364
589
848
660
237
916
227
90
936
139
800
729
274
683
277
384
268
692
948
486
260
707
341
71
905
557
437
281
537
393
102
273
459
513
790
482
502
859
137
54
50
569
588
711
67
876
245
174
685
500
659
694
823
33
532
279
924
733
353
918
904
240
357
583
728
650
823
657
376
945
596
186
458
371
581
192
675
734
169
249
264
812
416
137
579
454
655
564
35
919
605
750
41
459
498
97
562
239
343
660
231
699
565
110
875
704
693
352
851
229
93
224
560
73
268
604
469
866
887
627
83
267
44
255
823
515
851
896
791
817
721
856
108
637
249
754
189
451
510
229
652
587
948
79
754
132
912
374
218
161
481
193
370
731
798
335
470
34
797
726
181
42
365
555
474
741
255
222
131
718
464
259
875
501
437
656
407
194
180
67
639
772
676
490
646
661
49
301
657
815
296
305
942
468
172
549
436
887
325
904
105
298
256
179
376
321
472
584
329
579
288
30
744
540
467
336
684
241
65
392
369
50
182
651
952
511
223
740
834
734
783
607
445
484
86
120
150
672
289
347
624
672
807
529
783
485
808
168
378
752
601
56
445
943
492
784
865
828
591
419
529
56
317
742
189
530
528
142
749
291
407
220
214
574
819
797
324
886
443
307
195
156
397
256
749
246
508
400
740
943
814
178
62
696
885
178
504
760
725
863
386
457
839
385
896
945
689
231
784
952
604
737
915
561
431
141
891
902
287
113
655
151
935
685
542
914
138
53
616
630
474
943
289
531
622
570
612
559
289
586
696
604
178
315
56
328
491
552
819
952
481
809
586
421
447
731
469
422
207
290
150
192
146
176
795
538
567
291
450
738
416
642
312
375
140
197
373
186
309
56
411
879
221
79
255
728
66
789
751
446
797
808
634
224
865
174
517
547
608
667
503
519
863
401
885
148
303
426
714
794
405
663
693
579
320
126
324
667
537
629
243
939
922
783
808
758
501
311
450
453
547
87
508
330
751
770
468
140
78
866
729
655
716
127
805
313
601
854
624
780
50
442
73
819
659
587
142
737
362
744
488
866
539
393
604
69
325
307
264
500
705
259
741
344
146
144
535
950
836
574
771
153
450
299
202
947
891
564
137
70
273
886
936
747
43
487
242
674
42
552
670
940
189
333
736
368
207
687
412
248
336
866
796
420
216
656
172
44
415
116
525
336
53
115
596
845
306
526
302
504
765
151
476
443
258
196
166
213
560
242
750
815
438
694
793
592
473
370
436
518
551
173
831
58
755
195
356
695
906
132
127
644
328
125
128
91
563
916
632
313
456
726
510
455
607
244
538
888
616
587
186
376
852
77
711
321
783
180
82
723
822
506
231
542
739
133
941
67
463
755
472
70
821
124
450
734
154
707
225
155
477
101
625
151
883
731
121
859
781
85
439
381
596
572
659
847
263
926
600
344
537
736
904
462
568
321
552
536
178
65
456
514
285
293
559
487
878
522
639
666
838
369
201
915
438
210
283
167
712
482
158
687
551
508
66
277
680
706
531
460
644
110
880
157
540
608
158
809
280
163
565
600
105
521
703
425
138
132
457
364
444
643
903
860
64
634
424
362
282
815
62
189
298
849
171
455
841
433
834
191
822
595
902
546
107
267
745
649
430
735
652
633
204
43
632
290
250
302
223
511
498
465
911
672
811
639
595
307
493
292
312
504
298
52
365
800
587
544
285
225
799
534
391
229
289
884
790
369
566
760
363
718
134
938
323
504
665
859
694
913
499
835
614
247
265
412
944
721
636
461
478
952
561
801
32
607
580
769
313
863
131
739
484
488
537
665
903
339
145
70
429
941
305
84
71
783
405
395
765
681
588
109
348
318
169
405
76
388
148
232
92
590
411
716
880
281
467
611
910
590
463
507
393
949
689
414
222
506
629
470
721
446
157
169
93
947
421
434
83
119
58
629
608
835
440
285
756
427
745
745
184
519
881
825
615
63
129
644
891
656
47
744
861
595
660
454
468
500
328
380
911
593
713
707
361
840
214
145
780
92
649
669
830
530
126
259
762
722
851
773
326
791
138
532
364
560
625
33
929
184
351
715
332
186
470
900
394
231
448
333
925
619
347
434
273
747
811
791
477
852
496
451
930
202
491
917
481
596
479
855
897
300
466
530
390
384
720
777
952
330
550
587
184
764
299
262
840
449
450
294
140
569
490
332
551
290
621
339
916
601
938
826
950
633
598
419
870
766
486
472
150
706
248
693
380
372
130
139
936
382
642
625
550
775
59
511
705
857
898
170
596
283
789
928
938
347
834
500
448
174
787
157
711
405
350
878
835
515
604
99
616
337
619
136
306
77
842
433
570
286
432
93
98
661
582
930
78
375
258
284
135
139
55
322
576
727
895
765
801
303
944
873
317
533
460
247
756
379
438
544
251
397
702
757
304
497
184
696
220
112
694
218
381
527
556
429
574
298
578
462
443
580
741
319
498
515
119
601
404
931
522
603
426
566
179
702
347
562
284
122
260
822
76
397
930
53
686
458
113
380
872
875
226
408
476
798
669
942
489
532
77
259
771
723
455
783
185
667
818
639
397
506
524
916
60
825
873
121
943
350
235
779
559
350
851
786
127
173
580
737
377
904
822
664
839
571
944
835
421
368
808
278
772
474
303
80
564
94
893
152
87
640
489
489
577
253
513
880
556
945
754
251
103
877
710
184
495
600
188
435
463
697
40
811
574
228
385
640
716
609
871
186
813
265
699
742
373
377
588
60
951
231
310
375
844
556
560
524
941
633
403
941
450
62
469
445
760
294
532
234
168
59
220
732
238
101
33
462
204
507
673
257
922
696
354
552
689
623
414
287
512
937
704
672
253
285
313
914
271
905
626
598
762
820
935
675
31
715
151
572
390
109
550
434
434
313
591
436
421
489
155
723
244
358
944
862
82
915
462
712
824
702
126
710
323
627
938
191
746
816
42
717
133
369
353
503
771
869
179
550
81
725
551
75
787
707
591
391
634
627
394
644
245
610
35
272
733
281
826
469
687
273
558
430
519
333
289
297
130
232
772
484
433
940
356
625
636
62
221
928
614
125
480
581
254
559
704
886
881
583
519
529
528
150
155
833
422
506
458
403
339
83
363
47
99
292
398
856
546
765
532
675
283
564
33
783
941
353
366
92
588
798
896
654
563
74
856
441
766
684
641
503
536
415
224
511
597
641
703
354
417
489
764
644
106
789
374
181
310
439
427
904
882
256
522
855
477
405
516
177
31
819
601
573
476
601
483
607
683
476
313
239
324
222
944
678
523
617
364
888
138
266
262
779
323
675
318
258
381
317
623
574
913
252
582
489
557
842
589
385
728
90
34
34
495
413
46
288
81
202
608
663
377
437
608
891
512
367
699
372
185
391
46
656
319
112
232
37
397
370
553
272
306
123
554
57
836
124
479
289
788
700
396
418
344
444
254
781
426
631
579
249
945
238
897
34
850
767
161
720
723
487
109
170
699
797
802
239
749
194
204
267
293
354
594
158
399
692
265
924
156
569
74
576
128
871
539
368
706
502
102
141
312
60
764
760
877
346
151
949
77
311
912
642
683
874
390
719
222
56
425
884
217
297
570
220
32
392
586
870
796
878
93
187
218
812
623
148
719
518
127
737
89
683
611
675
71
218
641
443
57
803
145
66
658
855
475
939
196
182
407
493
927
561
211
835
54
750
274
685
429
444
171
422
832
664
414
824
429
497
838
792
92
587
33
389
108
253
519
94
846
553
682
848
127
383
927
865
919
468
374
545
825
626
634
583
190
608
467
602
655
265
342
102
323
662
427
553
374
111
295
429
354
743
428
179
251
708
636
742
526
172
799
378
206
735
96
786
642
417
451
892
898
464
320
173
142
580
776
263
297
467
114
344
301
197
190
890
576
772
754
935
499
903
743
344
618
579
619
210
257
778
602
768
560
57
926
768
145
443
213
788
555
277
794
75
392
40
697
255
933
189
450
723
659
607
800
846
78
289
939
203
258
382
864
699
759
704
361
335
630
375
332
609
377
551
839
595
589
822
321
505
739
111
258
754
178
120
478
924
407
285
194
749
539
359
821
461
220
63
303
869
537
551
247
453
652
689
301
117
171
277
885
235
81
584
755
90
406
49
203
522
450
291
640
593
527
180
202
472
294
394
766
62
606
685
399
408
728
581
425
75
131
866
134
352
110
459
951
536
739
316
396
105
223
480
455
325
172
241
573
159
869
489
905
594
791
103
520
857
121
646
735
735
113
439
176
836
555
231
489
542
404
331
595
76
517
771
563
412
932
416
379
891
212
797
768
428
259
327
316
775
669
792
294
462
390
85
422
251
433
111
804
261
722
69
533
321
652
31
413
710
236
48
493
542
605
574
798
614
939
812
318
865
295
103
113
149
885
677
644
518
150
665
489
900
639
880
357
41
813
381
354
373
276
285
234
919
94
866
67
375
824
704
472
244
287
148
110
680
774
31
627
640
691
814
222
322
286
692
176
655
698
147
353
211
260
772
37
489
921
925
882
278
772
285
841
46
701
854
251
769
458
308
616
207
804
273
874
721
393
172
40
932
358
897
616
891
571
919
434
484
594
444
252
322
473
195
770
587
91
554
768
555
148
628
412
178
228
74
470
617
388
341
210
861
275
393
165
391
171
68
349
615
842
292
130
156
711
53
353
786
793
428
254
522
351
542
625
92
356
513
240
247
260
908
611
663
182
463
572
40
156
370
426
308
928
464
668
252
567
252
648
369
124
530
499
845
391
102
847
636
777
223
324
440
122
140
402
50
715
36
669
794
728
352
63
907
941
194
595
821
270
267
901
805
840
312
779
205
264
635
646
67
632
894
815
858
895
187
890
361
669
233
632
91
463
408
100
534
708
183
665
493
326
628
707
850
657
920
301
833
507
464
712
321
727
888
752
718
151
145
795
886
589
533
525
559
144
718
390
177
840
133
164
729
828
895
568
436
403
436
567
200
78
614
366
869
502
130
629
747
635
121
339
724
204
295
438
686
188
597
522
908
236
310
835
353
808
862
171
885
694
245
736
293
552
840
674
281
933
773
414
411
520
175
324
662
432
366
383
754
807
316
415
848
406
266
122
429
148
567
818
113
282
489
922
512
557
421
618
250
376
710
369
196
886
842
232
719
80
98
193
81
738
214
638
481
270
39
215
594
447
348
753
358
558
383
908
673
867
865
562
109
423
787
943
352
704
270
670
530
523
949
608
553
67
544
324
461
896
72
549
492
414
327
872
330
305
572
226
860
786
537
565
560
546
557
688
52
518
445
796
568
220
745
379
536
764
362
441
735
451
207
265
440
788
352
79
564
168
672
144
697
95
96
67
737
707
35
755
490
516
474
684
760
111
488
94
53
835
147
750
938
110
457
517
225
790
224
897
394
758
156
223
747
597
382
591
581
692
519
95
184
493
223
97
777
581
405
818
871
597
632
790
836
357
468
62
75
611
525
576
628
196
621
64
759
113
303
906
684
528
232
661
780
162
709
637
358
858
899
298
356
791
708
138
818
809
627
887
800
107
170
832
407
104
127
576
321
249
947
497
803
774
219
114
463
468
355
185
185
733
32
529
606
556
776
37
74
313
175
425
886
49
695
101
230
602
348
100
673
563
860
493
716
633
766
261
810
319
550
401
134
120
495
821
746
218
591
559
747
546
740
283
443
330
882
211
780
683
199
918
37
563
206
683
797
146
128
406
943
442
829
369
949
847
209
945
866
329
281
414
893
531
682
458
724
124
697
749
48
351
607
627
532
939
563
484
276
138
810
821
564
228
143
775
638
568
814
755
906
484
46
411
39
267
216
296
836
251
325
108
613
468
271
681
562
951
791
436
223
724
779
495
271
218
309
397
931
247
730
205
238
128
412
402
785
649
567
499
470
662
628
634
666
105
63
711
664
886
630
259
197
431
403
252
212
435
330
619
261
834
241
98
42
473
121
917
720
431
927
936
561
699
288
227
939
492
709
587
243
93
45
273
871
367
346
925
917
143
849
90
743
76
74
450
59
35
493
580
622
161
527
41
656
904
213
218
435
366
509
689
119
444
631
831
754
132
670
555
240
373
40
763
98
122
235
717
668
92
504
661
229
584
388
231
371
816
471
321
760
846
287
573
516
355
33
484
420
413
211
860
208
674
790
198
783
408
400
460
637
123
260
172
231
927
453
77
898
150
493
147
271
309
299
350
112
362
194
372
401
633
535
428
510
535
524
47
584
731
597
363
219
894
436
618
750
510
535
943
834
723
770
683
639
838
814
703
750
147
551
232
177
516
514
855
342
667
107
874
227
407
482
819
914
108
871
730
461
749
114
674
493
511
406
690
171
908
60
147
270
150
585
509
783
187
637
416
437
699
588
943
292
547
125
784
910
402
913
708
184
214
931
735
100
444
852
549
321
775
350
869
579
272
632
607
718
766
812
456
907
898
922
440
836
30
334
840
812
218
678
162
74
866
737
492
533
700
222
684
589
180
96
505
197
758
165
55
449
417
174
243
787
85
453
936
79
842
650
331
342
589
288
421
736
822
380
221
113
261
331
221
137
112
75
541
648
884
549
81
631
447
811
946
704
523
586
853
88
301
266
323
779
579
192
411
431
815
559
251
230
721
276
31
242
638
659
622
348
177
365
780
753
174
839
294
474
396
627
214
570
305
355
823
307
666
447
161
199
553
768
149
471
346
133
450
722
628
641
263
38
398
364
272
89
699
535
190
849
143
652
482
85
675
397
180
76
419
712
166
336
870
691
504
303
79
41
564
428
91
103
443
333
452
566
802
324
745
53
877
246
428
902
300
173
101
175
416
537
531
129
550
461
221
229
697
330
649
848
415
896
249
130
150
606
238
56
695
658
871
535
934
872
448
523
775
132
917
836
706
319
320
598
115
865
860
179
68
158
812
405
580
295
176
687
778
827
455
701
931
51
311
640
741
596
577
413
675
453
491
747
522
495
371
370
938
883
841
265
54
287
51
435
239
639
861
507
120
239
848
37
326
58
105
623
152
559
332
98
288
189
538
799
430
605
811
502
33
535
737
674
921
524
295
446
834
229
667
433
653
425
402
254
813
539
319
155
575
491
709
111
209
858
79
298
148
326
350
536
779
594
266
301
546
674
120
66
394
616
742
937
726
932
209
588
83
510
229
580
553
562
121
666
724
305
467
528
318
422
856
178
727
939
233
698
75
865
80
655
862
510
908
98
714
515
211
560
548
224
701
164
252
772
934
77
832
792
47
293
118
161
209
494
865
922
64
739
896
622
446
279
491
506
732
261
666
340
517
87
279
658
421
893
127
490
486
722
472
72
150
363
561
38
168
514
609
563
703
648
844
179
45
706
907
313
589
636
269
312
738
621
535
105
208
821
685
806
571
345
194
646
289
275
889
274
531
930
171
44
610
712
586
344
267
905
705
700
366
158
118
121
190
468
791
913
758
322
729
291
86
923
191
947
937
946
949
894
392
381
347
367
368
652
666
366
205
149
678
696
201
140
438
625
594
728
480
453
634
881
731
352
376
803
133
349
143
904
735
830
498
823
461
104
682
178
288
818
635
543
89
555
365
505
638
260
310
576
472
443
600
149
126
33
921
587
556
313
214
689
488
611
206
863
30
35
290
729
161
812
809
866
594
95
917
394
211
168
738
434
935
853
170
920
351
93
738
892
192
323
769
593
313
751
903
385
203
504
824
242
290
560
652
583
551
756
563
32
488
798
83
661
330
475
668
583
290
805
371
52
301
201
672
808
700
233
276
348
322
921
108
657
74
947
487
434
380
426
654
853
472
215
733
536
909
308
138
713
313
79
156
62
923
247
504
807
503
326
589
362
404
760
720
937
525
818
899
52
134
800
714
401
228
762
318
786
901
351
132
113
774
887
877
356
774
676
938
862
567
316
749
179
135
521
935
510
766
241
352
756
562
92
363
406
854
186
861
667
95
630
182
416
934
855
943
802
593
390
319
54
165
562
430
527
713
493
568
510
296
857
569
518
879
321
389
382
701
430
525
867
854
795
435
817
640
484
419
69
885
850
726
333
305
817
937
355
506
292
845
100
64
665
179
247
851
156
813
123
508
73
847
616
371
394
237
302
92
650
436
115
759
580
871
668
406
905
329
235
542
90
526
459
673
402
913
848
735
165
708
159
703
361
52
795
929
840
624
427
589
337
612
600
566
75
235
316
765
605
664
348
447
491
473
293
94
203
841
455
885
522
426
284
573
583
474
136
394
256
848
223
567
732
898
466
895
428
894
238
391
907
480
900
736
131
710
882
831
106
346
841
179
658
286
488
883
764
285
907
932
785
828
745
473
174
438
234
444
279
701
410
818
257
153
619
493
819
239
695
478
260
154
157
559
421
791
155
719
769
137
939
901
397
882
815
268
516
890
466
632
182
498
635
251
480
705
243
778
247
138
689
484
372
456
248
568
406
747
565
569
554
786
602
307
393
778
240
398
541
732
443
891
927
471
317
450
193
938
275
35
934
216
774
137
481
662
252
941
311
285
843
475
718
340
31
908
557
775
717
35
165
66
269
525
112
721
736
924
785
751
470
166
795
374
178
641
503
770
853
874
793
412
952
749
189
585
323
149
674
258
93
125
279
256
598
733
664
159
540
731
227
411
77
258
759
123
625
651
800
298
446
882
663
417
838
245
699
226
457
587
105
476
925
941
336
143
238
351
223
208
179
389
495
104
145
107
97
824
190
869
436
362
767
469
172
411
490
635
472
573
517
229
568
825
756
692
593
836
790
169
258
181
425
237
76
328
154
178
123
840
90
864
491
875
920
229
291
527
504
131
214
758
651
209
812
120
251
693
184
903
695
34
105
728
826
459
512
782
431
279
577
772
762
334
671
204
345
103
587
239
913
276
144
941
463
889
727
631
462
590
843
894
600
66
491
259
500
550
311
404
728
503
794
729
657
406
234
506
869
893
232
364
187
935
382
66
867
775
215
672
83
641
581
906
819
720
519
712
114
565
645
244
318
584
336
162
36
926
387
925
289
618
769
235
772
371
788
729
437
893
818
925
437
138
293
464
555
739
593
452
913
54
348
843
831
612
646
932
352
395
528
146
471
895
74
595
282
746
238
795
800
911
300
576
436
675
875
472
86
874
283
701
821
683
656
730
425
379
586
931
211
814
233
338
165
945
733
134
838
623
840
485
188
229
294
189
433
388
596
132
637
807
771
188
560
273
890
61
675
692
242
112
486
914
795
90
383
221
834
597
735
286
744
428
564
595
688
207
454
509
450
463
563
613
900
419
42
922
850
322
239
346
436
134
382
268
846
230
690
626
387
107
712
761
40
226
773
820
511
219
735
141
854
863
194
346
678
762
589
605
247
942
178
132
239
752
231
610
49
92
131
814
482
762
332
357
924
496
656
601
469
115
661
324
600
30
156
911
295
673
153
187
111
491
558
352
383
110
117
74
491
322
219
121
510
673
116
748
86
425
777
54
905
590
552
774
917
735
511
490
619
483
710
518
723
662
678
613
111
794
368
285
707
933
593
216
543
223
611
763
218
184
680
510
296
355
916
32
46
864
400
279
897
873
536
142
263
553
242
750
264
811
869
89
698
611
487
648
721
852
209
612
257
268
385
755
380
690
946
554
66
700
755
102
484
323
365
471
740
366
934
408
146
637
141
296
366
717
817
362
511
137
435
55
458
683
698
493
454
72
667
72
454
683
618
714
151
40
495
871
