3456
4955
9198
1550
9241
5603
5717
4143
2237
3394
9550
2813
3577
1460
4154
5490
2590
7135
3497
766
7053
819
3380
2010
8279
910
752
6187
5774
4395
3159
7779
1221
9728
7347
2398
1971
8569
3338
2708
3037
530
3631
8445
9451
2451
1651
1396
4152
3098
4640
9284
9206
3211
5445
3285
3565
4173
7096
7650
636
5104
1410
8483
6752
856
6423
6106
9794
7615
4786
6195
6018
5372
8901
2085
3949
1211
7341
5603
6640
7684
4261
6786
4567
6925
648
2437
9382
519
3559
733
8331
8280
706
4806
9902
6091
4583
5794
8203
3206
4472
8534
5833
1137
1601
6891
7924
5095
1713
3954
3970
4136
7753
8383
2100
7999
6091
8073
905
540
7081
6774
3966
9138
5197
3720
1069
4734
9374
7577
7247
8978
4624
2593
4314
3565
8426
7934
630
7759
3799
6590
5435
3214
7094
5544
8525
8186
7840
2586
2295
4038
7245
5221
3589
571
9424
7916
1148
2315
3114
947
987
3496
998
2847
1206
2544
2485
4556
3217
7405
8806
3965
2920
3134
9720
1872
3778
5087
5163
7278
6567
2484
651
6079
8964
7750
5735
9118
4249
8630
8173
4412
2308
6219
2907
658
1964
5748
9827
3172
5753
3070
6697
4140
5812
1875
4749
8282
1526
6828
2407
7843
6776
8153
9329
4509
3451
8886
2891
7287
1216
2001
9047
5930
6875
2436
3551
7294
6575
2993
6608
7569
6421
4005
8628
7095
5174
566
9342
8603
9646
8382
6145
9739
2863
1633
1017
8748
5364
3226
9130
3752
2937
5736
9843
2100
9704
6659
6300
2427
7244
7176
3700
6416
9790
8085
4981
7494
5764
7027
2644
9063
2718
978
3788
577
1108
2553
3563
7356
2262
6400
7041
7361
5292
2457
7157
1847
2252
9973
4968
8120
6193
4027
6389
4810
4175
5606
8889
5907
5661
6272
4284
6802
8099
5833
2004
2373
2758
3415
4671
8370
9534
8898
9653
3408
6936
6966
3280
6644
9494
7241
1060
6199
8718
7073
5962
2784
3760
930
3153
2895
7141
6901
7551
2201
9592
8246
6672
9883
7508
6273
1964
5377
5881
5280
1155
6837
1816
4486
1860
1831
8443
1115
4572
1137
8106
6409
1530
1163
3373
5493
5772
4238
3332
9678
4254
8399
806
2442
6105
4263
9367
6806
7921
1522
8079
4823
6536
9122
4890
5562
2260
7746
6536
1120
9512
7157
3382
6148
1012
7601
1726
7663
2809
9952
7771
8335
6108
2818
7840
4483
8799
2747
1594
6240
9501
6767
6826
2551
8654
7891
4264
4171
9530
4881
3256
5431
859
6391
7377
9218
8922
1167
9795
7736
6078
1017
2826
6708
6757
2949
9399
6262
6989
6313
1881
1745
2018
4860
5756
3816
4012
7123
8955
2104
7173
7543
2928
6208
3605
2436
6180
3179
7761
832
2796
8852
8887
1555
3273
7747
7029
6851
7621
9979
4667
7002
3570
7979
2590
1292
9685
3825
3666
1859
8837
9167
6988
3764
1103
6908
7289
5582
9600
1274
6143
2345
7736
7986
6358
1198
2537
8035
6613
818
8684
1716
8019
9433
1759
2215
7008
1126
1506
7152
5823
1726
7238
2434
5506
3146
1899
2726
7820
7749
5445
1515
3011
5783
1970
9849
2718
1959
6057
3773
5651
8002
8756
4293
4515
8852
8791
2300
6970
883
8371
8217
3628
3030
4734
7903
3206
8710
6331
8694
6852
7028
4932
2587
7130
3358
3490
2736
6052
788
2941
9707
9934
5403
4722
6002
5494
5239
5841
1629
983
8324
3950
898
2561
3024
4212
4753
6907
952
6887
990
7652
2251
5413
6562
4427
4050
953
1739
6020
5461
4863
5724
8100
991
7847
3799
9038
8313
4594
5309
3481
2868
3934
8570
1127
5415
6356
4061
6293
5158
7766
6085
6020
9230
6070
9089
6532
5028
6588
6610
6739
6204
7989
3685
3420
1397
2626
7443
2279
1811
9747
3818
9422
4409
911
2747
8162
3533
3053
9261
5443
2225
7968
4925
7218
4702
3909
9895
8425
6590
2027
5292
1061
4842
5418
3997
3302
8682
1354
5568
3349
8419
2952
2539
8616
534
7249
4690
7862
5302
3536
1094
3959
1070
5167
8912
8466
3645
6341
3773
8338
7956
5266
4692
5327
8409
5114
1102
6890
8194
1818
526
516
7709
9455
571
3194
5662
5364
6681
9665
9961
6927
3614
1605
663
4420
2528
8083
2643
6114
9768
2261
6408
8117
5515
8982
1710
6328
1443
1301
9060
521
2454
781
6314
9133
7901
2371
3249
5404
7903
8672
3100
4530
8857
3729
6232
5643
6202
839
8953
2684
9467
1126
3939
7747
1242
7239
9792
5424
7835
5199
2788
1674
2658
2960
4209
1238
9268
1571
8329
7523
4509
2294
1916
8215
1677
8293
7370
3718
4875
6039
9794
9395
9266
8580
1187
9759
2551
947
3706
7968
8855
5214
6487
1218
4854
1348
6688
1235
6456
1244
3993
6756
1545
4116
1220
8113
6895
8707
2030
3908
7349
2247
2137
7812
7627
7244
8100
7923
4312
8953
6004
6772
9646
1620
7366
9128
6840
7929
9237
9939
3886
5173
9771
1542
9957
6346
1149
622
7546
4583
4866
1365
3657
617
6997
7754
1783
2657
4534
6343
8650
9390
4636
1030
5678
9920
6034
4667
1228
6867
4128
8715
1920
9939
4868
8843
5423
8055
2203
6251
3477
4102
1251
7933
3413
2571
3924
1181
2785
7050
6472
6322
501
1427
562
5138
3041
9654
5525
1416
2097
2654
6410
7284
6672
1562
5301
5575
2087
612
1396
7227
6554
8068
5671
648
2786
8638
1929
9813
1344
9979
770
6778
8524
732
8018
4145
3554
8881
3668
9220
7524
2293
4912
1684
6624
8630
6526
5852
823
6197
4719
9673
4903
9317
8603
4463
7027
3035
7546
6343
4468
7403
3142
820
4891
8453
2461
7311
7103
6255
9931
4188
1357
615
2491
2897
898
9280
5888
3366
1831
6088
6795
1483
7554
974
5877
5707
9859
3928
8733
5576
6919
3682
5634
5699
3276
5323
4333
9605
8569
1978
671
1782
4176
2749
4139
1344
6687
9644
3943
1959
2109
2923
5579
3706
6590
4979
4181
5504
1227
7405
4478
8076
3713
1578
9808
5507
963
3411
7000
8693
4012
4845
9546
6012
1525
2083
4047
8705
2353
5883
8276
4891
6413
5819
8747
4142
1695
3772
710
774
795
4064
9122
8718
9704
2884
2119
7796
4505
2675
8739
7477
6477
2017
9223
1136
8334
2906
8420
7293
8786
7589
1614
832
6227
4346
4848
7618
9409
2578
9191
5152
9370
1711
9824
5333
8274
9897
1617
5452
4654
3139
6884
7190
3958
593
9098
9624
6368
8483
1860
5999
530
8579
6518
1963
3013
1013
2633
1000
1612
3732
2263
8795
1470
5201
2329
1746
2386
7139
8107
1636
5880
7488
9265
9770
7956
5079
5208
1886
4356
2842
6949
6186
3569
4071
3788
2130
8957
7798
9598
9083
1587
9514
8708
7160
6448
8312
7734
8446
3848
1585
6386
9032
8821
5233
6254
9562
2684
4257
5439
6203
4866
7215
7263
2876
1410
3308
7784
3507
1781
4455
9154
3391
9914
3734
6824
6995
6949
5288
1730
7481
4613
4191
7443
9146
1372
5995
3547
9203
8823
3962
3323
5222
8461
2536
5899
8980
8012
7281
6874
7838
4508
1833
4864
7142
7785
7672
9726
4615
1630
3778
1058
7959
6300
6337
9571
2810
6953
7447
743
8471
2618
8605
4819
7618
1607
8422
9729
921
8516
4510
2218
6351
2821
9644
9513
1368
3782
5017
9118
9591
9270
1018
6170
3003
5645
3441
7714
9112
1084
5643
4888
8108
6861
2651
1143
7825
5641
6068
7863
3589
2319
6425
2047
5958
2713
9468
652
966
6096
938
9883
8089
5604
5066
778
3334
6101
1031
1690
1681
6458
7855
1660
5602
3250
3066
3948
8289
3184
1648
1280
6158
2178
9935
4008
8505
6010
3768
6702
9387
2298
2513
2575
8364
3510
1449
4019
6081
8674
7278
4568
2162
3101
3238
7663
3996
6901
3908
7120
7565
9560
7567
2373
7606
9953
7259
7157
5435
6758
7289
6352
7257
3840
8529
2689
4277
2885
2486
1395
6142
3567
6275
7542
5554
3917
2956
5358
8466
877
4507
8879
7418
9275
5509
4546
4925
6681
2312
3684
506
5634
9569
8283
2114
1035
9306
1128
4099
8351
8537
1689
5838
8457
5509
7080
4204
1382
2650
8886
5770
5504
3719
8777
2804
7285
4989
5605
8194
4826
7853
4847
4293
7551
5940
2898
2338
6078
2662
4460
7841
3684
3655
8950
4801
1958
2039
9107
6300
4590
5054
4796
1448
6381
1537
5211
4622
3057
2471
7602
1298
8758
5593
6104
549
4359
3685
5040
8788
4510
3702
5561
7220
5540
8199
9917
9208
9219
2751
7614
1686
2039
2069
9826
5471
7214
2146
7059
7662
622
1391
1887
900
1035
8869
2221
5170
2128
8571
7944
2410
6613
3620
6693
4086
7705
7766
8423
8134
3662
4804
786
1200
8932
3061
6582
7527
1151
5043
5844
3405
4566
7197
2503
6693
600
1098
857
4080
7117
6719
9990
743
4810
1734
4362
8617
1204
2655
9903
8652
9209
1592
3767
2124
4661
7219
1919
6315
2307
1433
519
1023
2886
8018
1171
9011
2437
4212
4875
1203
5397
9784
7774
9715
9743
5513
3810
5801
3384
8097
984
3256
9190
8293
7237
5578
591
7595
3718
1670
7426
7844
1846
3819
9832
3189
8130
3704
6812
3916
1391
4963
7604
7608
9061
5064
7774
8054
4745
3707
6319
8025
1178
5567
8015
4826
1805
2345
4686
2571
4188
7396
7146
5357
5792
8653
4190
1183
8624
8757
5974
7128
6279
3254
7886
2443
7857
2230
6891
1468
3460
8765
803
2038
9481
4661
4001
1481
6887
9202
5207
9016
1506
7996
2543
9317
9866
4764
5300
2502
1081
3829
2712
4689
9719
3066
3864
3792
4278
5649
9190
7052
6227
1126
4744
1065
3242
9965
3881
5250
3954
551
4186
2524
726
3190
8097
3323
8681
3822
1265
4734
6969
5661
1073
2941
9967
1597
3538
1299
6666
1480
6456
7561
967
7221
8455
3246
570
6477
9579
4586
2716
3299
3695
787
1245
2557
4377
9057
4531
6713
8238
1398
6249
5352
1113
5940
5206
1814
1051
8204
8154
3973
6616
1483
8165
8423
5449
7969
2534
5828
3851
5823
4788
7812
7381
1684
9555
5721
6292
620
9880
8879
8072
1238
9369
5200
9663
7771
2054
9301
6041
2905
7736
4826
6044
4217
8155
702
5814
1640
3424
3413
7403
4422
1875
5171
8657
4650
4082
6036
1856
4070
9220
5975
4041
3814
3925
3207
6272
2389
6263
6654
5803
567
3770
7739
8589
6870
7503
8668
2117
8037
4198
3767
6107
7110
2233
9235
978
8074
5999
3016
7904
7653
1427
8355
6349
7321
7530
778
3112
9701
604
5910
6142
1701
565
9737
789
7179
7552
1742
4229
3121
2768
8035
2832
7499
4507
4570
7378
6910
1784
5587
9842
9115
2446
8298
9129
3077
7679
2143
8601
1363
5612
4977
7840
623
3655
4814
640
6966
2608
3163
3201
9575
1614
7635
3568
9456
585
1921
3917
1565
8935
7356
5232
5246
528
1934
7768
4307
2333
9049
9568
1862
2435
9912
2559
9808
8562
2967
9694
7304
5884
5337
4611
6163
897
5524
5415
4477
6090
3281
1458
7161
5711
8237
4041
3306
8844
5738
3472
5943
2277
9088
7688
3104
2732
5076
528
943
7266
3276
5188
6754
5073
4605
8786
1710
7128
9574
707
6442
5115
3614
2425
5122
8883
6457
9518
7031
7415
6229
7614
4775
9678
2877
8512
1962
9455
5195
8040
4369
7628
890
1488
5835
4676
2487
4862
1716
823
8656
7839
8327
1815
7445
5064
1953
2466
2296
9528
7379
3949
6536
9513
5032
8419
2952
2853
1106
4539
2406
6583
9239
7247
9285
2488
5093
7409
6380
7298
5868
5673
3789
6916
4184
1919
3530
1236
8664
5812
7179
1773
7996
6669
1576
9463
9127
2460
1121
5480
4471
9439
5468
8718
8035
9130
4208
677
9071
1096
6250
4233
7722
7133
9555
7650
5051
8129
9296
6002
6713
2737
4069
1994
7770
6178
7267
6624
6919
680
3016
5336
5986
8158
547
6287
5434
9402
5167
832
8946
4616
4119
4844
6912
7189
6433
1958
2239
8685
4996
5408
9736
3418
2631
6910
7746
840
1875
6922
666
1800
9342
1056
7740
1741
1396
3964
3674
1228
4540
9160
2832
5829
4740
1081
3716
4540
5655
900
9173
1522
9625
5300
6895
7931
2049
5795
7099
3794
1525
6143
7309
3901
5329
7375
4927
7437
1930
6436
6885
9635
9748
3122
4265
6256
7325
7189
8258
5882
8440
6117
8968
4838
1337
4693
7744
8656
8843
8676
2979
5572
6883
9283
6056
9398
1721
9564
2385
2760
5698
9035
2691
4305
6075
2982
4686
3429
3940
510
9318
1000
851
9667
9483
8754
8250
5175
2499
3808
5563
4193
7859
6155
3148
5901
2772
2458
9985
1873
5401
7367
5114
1419
6553
6129
6283
5613
6948
4228
2291
5952
6312
2395
8303
6116
5945
3306
9312
8641
2403
3655
9145
5370
6517
3831
1073
6403
9062
5619
8506
4123
6672
3551
4331
9240
4506
9903
8786
8521
1712
3410
1651
5341
5130
2434
7224
2363
2161
7636
3271
3725
6430
9092
7731
3642
6902
1670
855
4221
7170
3607
6755
3912
5611
820
6360
9544
4022
9651
3158
2101
3241
1201
1114
1925
5300
8425
6698
6086
7026
5878
1024
5801
1615
3673
5827
6910
5626
554
1123
6667
8986
9980
1258
7207
5598
7401
9311
6844
6321
1554
2979
2288
3712
5538
6704
6690
1467
6963
3057
1357
1915
2772
7905
8920
1769
3313
4612
744
6235
8665
1923
4160
7976
1230
4589
3483
4290
3347
3818
5240
9928
2810
9695
7249
7686
7638
3497
9877
7032
1400
5893
6710
5802
8467
4358
7324
8490
4280
2116
8520
2418
1394
7319
9686
4129
2678
1384
7753
6222
5842
1051
4849
5702
8426
8806
7514
8993
6922
835
6699
3538
9054
3136
4713
4353
8630
4356
5690
2592
4689
7449
9287
792
1601
7820
6749
8356
7498
8073
5581
4195
4756
7448
8671
789
7949
9917
8391
4960
4041
8129
4096
4803
519
1041
1264
2752
1893
2534
6391
5389
8876
7864
7464
2983
1020
1101
4244
9643
8012
5145
9398
8919
7237
9508
4789
8517
2402
6131
1412
7668
9083
2710
3659
7852
5308
6894
828
7376
8639
1315
5778
7469
8221
9223
5669
6950
5157
5708
7324
5982
3551
8666
9620
6913
8769
3449
3943
3047
6828
9386
6026
2532
8055
5380
3732
4091
9540
1563
7622
1798
5951
9613
4141
9915
6386
5851
7929
7643
7400
5071
9887
3914
7739
1684
4186
3918
1431
2092
8660
7955
6443
3623
1049
9858
3287
6062
515
7025
4621
983
4751
7998
688
6606
4290
4716
3689
6822
4657
5482
4366
7280
3864
5311
6134
4856
7967
7255
4642
700
6957
6370
2619
4182
6840
8132
1927
1729
7137
3573
8179
8279
7410
6527
6565
7411
9239
6030
9895
1473
9515
5736
1498
9668
8348
1960
8536
664
3433
1096
2255
2068
5252
7715
2226
6269
4734
8960
6704
8851
8605
4554
6908
852
5576
655
6553
3025
9561
8810
3034
7334
1147
2854
9391
5648
5519
3150
6804
4706
3087
1685
7874
7045
4765
4389
6833
1218
6817
8752
2461
7441
4238
2110
6596
6220
5267
6598
4772
943
5082
7777
9936
9160
3881
9324
9134
988
1733
1530
1794
4812
8134
6517
1767
1932
1470
2781
629
9641
4323
5508
3366
4465
1116
9910
8863
7748
6430
971
6181
7595
5366
9038
3933
3740
2828
9278
5593
1597
2058
5338
7134
9656
3285
6694
9270
8271
2614
3418
4151
5479
4354
2337
1921
6475
7257
8222
9006
1627
1613
2166
4710
5915
9085
8798
4817
3382
5791
1909
1186
4569
9618
3835
2281
9004
3252
5285
4859
6727
8621
3412
8259
1111
510
8839
7615
5488
7833
7821
1407
5603
2055
8969
8822
7130
7556
8602
4163
6282
5479
6878
7049
8343
3557
2058
8249
767
5356
6901
9918
975
6594
9583
3757
4301
4969
7888
8975
884
5981
6981
5745
4601
4506
2027
6954
6278
4858
5939
8499
7539
5161
8929
9352
3950
1456
4049
3125
1534
2753
2349
8553
2576
2576
8841
6621
7506
4684
7210
1170
6902
979
6407
4618
5416
4290
2851
4953
6429
6909
7164
9557
9637
3767
4562
6925
8763
4494
1091
1491
3768
4281
2130
7886
4799
5842
6709
8241
9691
4199
3642
1149
3635
1750
9524
9256
9991
9322
7523
4216
4793
6707
5664
2468
2231
5368
5947
9792
2745
9803
8022
4718
2260
6503
1218
3388
6866
7717
8535
9282
3795
6306
7005
6594
1383
8247
6161
6630
3740
4830
9240
4192
762
8953
523
7754
9969
843
6487
8805
9974
3388
7409
6902
6964
2633
1100
4064
8140
7990
8651
9212
5448
3025
9522
8810
5120
8248
6084
887
8589
8251
7820
5648
793
7064
2553
5321
1203
3783
5232
8766
2855
5262
1286
8625
7931
6796
7055
6158
4943
2243
6389
3532
4297
4052
5634
5719
3052
3788
5157
4682
1708
7502
3495
1761
1645
4857
1712
3394
3801
3305
9618
1459
9319
6969
5667
6314
4589
5870
2797
3455
4275
7525
1616
2483
3673
6501
7047
2004
680
510
2128
6220
4108
7733
9792
8626
5000
1425
8707
4668
8986
4404
5776
6947
8509
7173
1357
9726
6705
8636
6818
8219
6802
5521
1199
1370
7290
3428
545
1485
5560
2784
4482
6297
8472
870
2106
1366
3252
2318
6793
5149
6834
4212
1471
2114
2934
9620
6470
9401
9577
3707
8344
1190
2873
813
2743
8253
8931
4519
3957
9374
8123
8358
3457
2812
2461
4253
5175
2663
7596
9433
942
6895
5262
7654
8544
2330
1524
6934
1831
3219
4092
6044
1513
4470
4105
3736
5970
4664
7428
2502
5294
5770
3356
7367
3468
8951
3134
7376
8955
5348
6021
7902
3048
1805
8757
2600
2922
9670
6102
9974
6761
1423
5473
747
3230
1347
9056
5355
1323
2355
4173
6504
3367
790
7911
7929
6069
5352
2987
7798
5122
5793
5658
3101
6726
5339
2571
9176
4391
1617
9878
5793
5988
8753
683
1154
7401
5156
8227
1088
6872
1038
7276
3200
3289
5437
3522
9910
9921
6929
6481
8781
6656
9309
2189
624
5721
5547
1079
5828
3501
9472
7376
2994
7179
7914
695
7462
630
5179
918
7944
8427
6118
4195
4450
8844
7328
7753
7635
3539
850
2328
8533
7582
6240
6578
5696
3259
2650
1101
9375
1456
4559
2333
8797
9893
2429
5322
7209
1886
9076
6739
960
2994
1666
7007
2893
9143
5533
7934
6555
6383
533
5742
4890
3274
1286
5989
6435
8346
4264
1454
4503
3806
3132
1094
4852
6494
3958
1102
4230
7992
3470
9040
4395
6420
8142
5688
4858
8905
7097
3696
9379
1833
707
8995
1389
1593
1680
1621
3989
1053
2542
1206
3560
1478
5270
6285
7609
4164
7725
6490
9980
7831
9212
2542
4992
3853
7169
4549
2243
9665
9282
9561
1727
5991
3294
7170
8783
7290
4650
6212
3234
3678
7677
9005
9145
5424
7541
5660
8009
3273
8287
6748
6243
8275
7393
5158
3439
7312
4794
2686
5105
8261
5234
1462
6829
1582
3598
2158
6967
5571
6372
1323
2091
5570
7391
6464
8864
4135
8789
907
3736
2692
8343
6484
1226
8083
1965
5096
2207
3610
7484
2507
3222
9924
8837
5973
6742
2590
5727
4100
5877
3766
3732
2531
2875
7341
764
8003
3349
1398
772
5172
3634
4865
5946
5226
3600
600
5390
8790
884
7011
6912
3848
3499
4641
9924
3306
1981
1262
4528
6087
9096
2845
5178
2847
7662
938
2226
597
8488
3752
8794
8603
4886
9496
9509
8955
3304
9477
9575
4268
8836
7341
1661
6731
1301
8218
1809
1169
5181
9674
6084
500
9414
7493
4752
4884
5410
6781
1623
4561
3074
4398
6264
5610
653
5013
3133
9486
2587
5470
517
6462
8385
3970
2508
582
9736
4403
9206
1387
3346
8520
7007
3348
6689
6893
6483
2507
5271
5136
1597
7562
9903
1610
5517
4245
8414
8356
4567
4330
9787
9496
3747
4898
9432
2210
6605
3083
9205
7098
5311
9533
7632
650
2836
5691
4363
9670
7232
8562
5110
7889
7674
2766
8851
731
3060
7985
2759
8713
4696
5075
4888
1135
609
4913
1822
6110
1423
7343
7659
8843
7548
3603
8629
2713
7033
5370
5780
5260
4252
4335
4299
5716
4865
4866
4325
5213
5442
1879
2241
4560
2290
6666
949
7847
7403
4311
6941
2160
1900
4654
7262
2433
7549
9160
8210
5706
8474
2219
1208
9703
7155
4064
5224
9744
1105
3575
8302
9937
5736
4316
2257
5890
2957
8603
5463
9156
2496
1949
559
3299
4446
1692
7146
9445
6999
750
7835
5977
5840
9359
3207
9259
5637
6839
3246
4189
6406
5555
9351
5977
5697
4583
8485
6297
2873
6501
7365
5208
3010
2519
4490
2640
6193
7973
3948
2448
3015
2489
1888
1525
4320
6896
6491
3027
6111
9054
3554
5812
5633
8527
7472
685
2416
7495
5935
9059
7578
7337
6607
7924
3975
8916
9421
5753
5354
7627
