3456 28465
331
223
225
16
417
214
154
24
461
90
47
210
343
103
410
156
305
286
412
76
325
28
286
102
251
434
316
296
387
189
124
216
14
223
341
224
70
19
398
10
16
119
19
6
261
54
44
128
181
148
295
417
274
56
443
372
399
290
387
107
492
124
142
485
236
375
223
35
176
395
113
486
344
305
317
456
363
454
262
314
107
96
136
447
222
439
310
437
464
441
186
12
363
346
497
167
413
436
4
231
248
475
259
60
286
355
122
270
423
458
475
70
370
402
176
62
169
497
388
253
481
275
71
442
377
104
315
19
300
216
225
218
500
28
14
214
197
252
401
362
15
234
462
432
264
157
251
427
129
429
83
196
402
486
143
270
28
109
235
147
112
28
498
452
177
245
410
273
59
317
439
395
136
418
200
339
277
261
216
448
405
401
118
314
412
107
59
312
426
379
398
251
357
497
238
348
234
162
30
478
13
132
328
416
339
366
321
481
366
236
470
409
85
270
88
368
60
5
162
84
360
305
185
450
9
208
175
492
46
453
219
357
386
496
241
159
381
262
346
152
187
254
95
324
309
221
403
124
368
137
323
355
214
299
81
92
175
148
209
24
55
455
454
457
360
398
493
152
257
423
445
165
411
30
71
181
235
374
255
295
361
403
229
422
29
338
3
352
296
473
245
265
16
383
419
197
137
166
431
75
90
112
135
279
7
382
192
410
8
99
200
231
287
208
126
247
388
400
260
174
476
313
124
384
151
225
47
129
7
374
393
236
470
149
414
427
116
417
110
33
445
37
381
414
4
296
391
486
475
355
97
358
84
416
71
398
312
476
271
391
223
304
452
129
382
172
235
493
258
16
161
342
238
75
261
373
8
451
398
187
40
88
383
126
226
240
261
491
342
16
389
36
236
110
4
157
165
423
422
391
344
230
77
377
444
378
413
31
54
182
216
149
371
372
279
265
435
387
99
73
133
203
224
483
194
56
308
172
66
402
236
472
371
238
325
135
344
41
38
444
396
113
476
425
233
269
325
47
486
210
374
422
41
444
103
166
468
109
425
377
473
119
166
442
306
321
440
483
113
361
21
222
364
127
40
327
390
198
313
206
31
219
130
276
288
99
227
279
26
186
6
171
264
330
424
111
478
129
188
454
499
444
41
302
65
119
394
448
230
310
49
178
496
170
312
315
226
281
124
258
150
373
317
236
391
123
338
236
241
223
209
215
131
433
301
77
194
55
5
175
209
43
125
74
212
364
414
146
206
226
79
314
11
267
211
376
310
312
268
52
361
392
342
75
288
306
302
53
130
435
484
157
236
14
471
202
157
203
74
54
475
447
158
229
291
461
260
409
275
161
154
171
188
98
187
439
276
48
300
266
174
169
489
405
31
145
378
212
167
24
290
345
462
493
157
316
204
383
152
277
261
319
46
306
351
363
231
342
58
49
335
157
68
188
489
215
101
113
129
243
135
286
34
129
422
376
429
68
275
251
64
37
386
192
249
244
494
105
338
220
484
61
224
108
51
193
220
370
361
57
280
222
413
133
472
483
484
349
88
253
438
188
499
117
401
227
73
347
43
217
417
188
275
429
478
45
398
476
209
326
407
98
384
159
449
407
347
248
403
131
236
35
80
489
167
271
421
134
61
213
285
192
304
161
372
81
493
268
236
487
250
244
409
196
291
25
406
197
500
90
273
178
487
171
14
424
154
489
44
145
254
395
413
128
231
204
438
66
66
476
197
392
216
76
419
373
169
470
422
385
115
351
87
107
39
54
464
499
157
274
295
351
251
115
132
215
319
397
452
188
86
4
156
478
238
363
102
251
181
256
171
351
381
20
379
262
91
42
151
310
364
244
28
285
164
414
301
73
435
146
240
262
381
328
59
319
122
79
302
132
5
216
267
403
163
72
196
207
229
326
182
54
367
206
109
6
260
302
425
36
134
422
270
400
454
278
42
456
38
223
426
89
137
312
126
382
452
34
129
422
495
231
243
237
330
188
422
232
18
53
188
487
137
268
393
224
157
162
222
337
339
439
444
5
375
411
370
446
363
99
295
92
140
67
53
153
287
341
385
463
301
108
206
163
399
479
134
431
239
202
185
439
135
416
112
375
121
5
119
79
145
151
326
4
314
100
80
174
301
495
273
277
489
324
85
118
68
482
35
473
16
456
360
174
24
46
291
229
114
95
390
199
38
126
64
159
231
279
23
365
452
214
313
203
5
164
292
13
345
387
169
235
153
33
117
116
46
325
280
433
167
3
235
392
215
193
339
202
2
251
354
382
191
441
490
126
437
324
79
489
156
227
214
373
238
476
300
64
73
358
466
233
321
311
376
238
112
410
432
316
286
254
126
90
109
340
368
136
254
200
119
209
191
199
241
194
464
376
70
495
271
330
17
245
125
197
433
180
443
458
309
435
453
483
321
179
7
368
249
263
15
295
38
255
116
101
340
219
165
497
316
198
198
271
158
61
328
346
45
261
344
186
461
300
387
315
53
352
108
240
107
84
446
475
480
490
485
108
41
343
422
488
147
263
421
321
28
355
28
49
398
259
250
452
384
276
496
343
368
459
186
473
248
135
7
269
164
266
204
60
79
291
108
74
299
380
7
37
15
473
333
182
207
487
359
298
102
292
441
144
494
270
203
337
463
115
159
141
442
310
436
336
436
243
303
428
374
398
123
57
475
467
191
471
423
457
153
357
263
415
116
88
492
376
174
126
428
479
92
167
11
63
83
468
496
384
317
300
195
40
489
373
150
315
478
468
189
93
389
488
169
431
82
450
8
3
218
376
140
74
142
355
233
421
141
312
251
300
240
71
230
51
278
113
303
224
97
107
414
387
81
186
48
145
234
481
43
258
357
120
4
469
15
66
478
296
430
71
450
312
115
231
18
332
231
2
136
424
398
21
207
99
488
378
71
129
183
282
116
353
250
472
332
236
133
352
7
319
379
190
255
474
322
446
236
300
99
44
90
173
212
126
89
136
129
92
386
478
216
430
371
300
11
398
472
410
230
357
337
411
408
493
148
240
240
86
479
111
421
337
320
227
89
236
351
23
483
8
468
392
94
381
43
479
350
104
87
197
124
252
258
350
397
331
455
281
428
255
252
452
191
454
340
385
419
134
311
137
101
167
440
425
145
463
386
102
79
29
391
335
359
154
345
133
288
308
461
462
210
380
295
36
426
124
445
46
451
129
388
218
491
242
392
375
328
347
206
200
174
400
303
252
450
297
98
29
444
146
443
242
163
46
221
105
266
328
119
71
397
236
362
123
284
28
177
284
193
337
217
84
226
352
399
79
225
492
357
387
343
431
415
387
84
329
210
230
365
113
470
83
143
62
179
36
245
348
363
309
209
46
103
221
495
476
284
399
24
491
353
153
53
4
68
38
477
70
456
246
436
232
320
194
453
325
242
167
108
84
122
25
379
144
200
261
350
245
50
388
121
151
42
246
435
399
197
8
114
174
213
419
452
420
349
93
3
371
97
448
296
222
379
161
493
162
84
184
45
312
297
369
27
395
127
132
116
292
203
165
382
410
229
306
291
17
434
303
92
480
463
42
83
108
94
339
441
301
42
176
212
233
87
200
421
465
63
465
214
453
232
209
412
90
495
497
232
185
256
469
347
377
409
279
286
28
1
370
464
39
91
263
164
392
471
140
292
52
446
20
29
294
96
463
367
455
77
479
405
2
73
69
384
325
335
127
5
352
72
356
84
139
414
21
172
494
399
96
219
414
148
32
223
9
230
389
77
361
32
89
494
237
173
37
434
383
233
185
61
108
300
491
125
499
202
138
257
381
38
349
474
160
50
130
68
312
117
155
413
383
186
73
271
483
317
137
17
298
468
59
69
477
326
336
142
260
458
151
307
325
432
54
455
119
119
461
269
363
107
281
450
257
398
455
421
181
12
239
368
159
183
121
486
362
356
79
45
139
140
181
404
192
458
39
218
322
116
299
114
395
462
276
92
404
191
401
383
425
162
117
293
410
439
17
403
354
126
167
194
390
201
265
233
229
176
366
429
273
320
55
82
457
318
498
83
221
444
457
488
500
15
384
187
359
379
366
28
332
160
222
448
447
368
242
118
103
405
405
86
489
492
379
369
243
450
112
125
63
378
150
150
263
310
396
233
249
73
158
305
72
40
14
402
25
370
117
459
18
239
421
480
288
290
49
288
118
421
367
145
212
53
52
219
127
3
361
241
290
175
429
156
139
370
224
34
192
357
172
95
336
70
26
170
49
329
352
262
37
314
425
318
199
366
107
274
183
253
306
196
216
439
295
214
359
169
337
421
146
93
104
309
128
2
107
320
157
87
122
200
201
94
349
71
37
438
353
265
69
405
269
64
156
28
45
376
312
464
392
12
119
317
49
489
490
474
332
226
283
128
136
293
251
344
214
133
424
305
37
297
24
320
200
268
83
210
53
437
144
96
436
194
111
168
262
445
295
333
342
380
403
459
208
489
83
103
193
147
82
144
25
412
245
232
19
114
448
374
271
355
46
338
366
483
290
454
196
279
120
321
344
350
118
206
208
380
260
170
312
62
384
407
193
31
487
3
270
285
101
371
259
462
349
448
99
263
41
172
280
426
345
218
428
136
265
84
266
264
378
328
330
203
145
91
212
488
384
208
163
300
341
92
123
452
179
21
258
427
9
407
458
70
259
431
161
485
143
115
119
193
298
97
3
22
430
29
368
228
270
113
453
420
354
416
378
277
458
128
370
408
186
291
326
452
337
131
154
251
152
77
88
316
492
336
154
73
140
280
408
439
92
1
483
473
23
442
446
311
21
314
177
429
234
274
438
11
131
375
109
373
414
275
266
330
421
135
267
296
259
400
361
305
182
345
33
213
137
375
54
22
187
427
331
199
128
266
132
171
72
445
350
301
266
53
114
221
90
440
110
175
250
436
84
140
450
484
115
408
27
203
391
477
171
128
416
333
483
395
33
119
326
252
298
428
63
189
365
196
444
383
250
496
237
425
42
413
92
13
434
158
96
353
314
59
481
340
462
184
500
429
38
59
91
204
152
247
15
165
390
177
290
118
341
267
424
477
397
172
208
13
337
31
72
272
438
97
40
193
119
375
479
171
438
79
245
316
115
414
145
448
87
171
383
292
399
327
309
405
10
275
484
87
220
468
221
102
397
57
164
29
265
9
39
239
292
136
319
466
270
183
358
277
50
76
487
161
251
411
375
444
165
361
45
256
471
338
101
406
233
339
278
182
125
440
327
144
436
21
331
226
389
428
174
381
251
116
171
392
234
12
287
450
322
290
11
73
452
53
129
105
369
487
356
476
4
54
368
475
416
58
462
290
164
361
371
477
161
26
42
102
175
56
364
463
455
163
298
319
248
436
25
27
208
152
415
463
373
154
349
93
279
494
477
181
467
479
190
78
114
432
57
240
57
198
100
135
422
446
117
354
346
418
81
171
237
473
294
260
93
415
98
95
255
437
287
59
220
470
324
431
321
424
5
98
104
47
470
388
463
144
16
125
417
213
84
497
336
78
323
399
239
273
216
84
278
145
229
74
313
364
273
236
431
99
439
298
373
481
171
403
59
16
41
43
112
488
147
485
281
329
29
5
182
200
197
260
174
353
249
449
54
352
397
185
354
87
220
383
458
242
421
86
444
161
212
3
414
299
235
136
128
394
276
297
363
378
275
211
325
217
312
388
424
63
452
27
203
251
429
433
356
299
408
67
164
74
308
179
438
207
225
445
60
442
284
108
84
29
126
420
467
188
485
4
104
187
111
31
328
67
305
313
208
29
357
28
337
296
23
369
323
303
138
442
12
125
14
43
21
410
15
197
381
222
203
159
213
255
360
422
307
391
240
21
128
34
254
282
328
406
62
319
298
472
135
60
43
86
60
444
91
424
360
116
77
212
156
165
397
145
491
80
43
221
104
255
334
116
318
299
276
467
42
448
397
14
181
99
169
420
168
206
223
324
54
168
495
465
35
200
146
123
464
302
492
193
355
75
76
213
158
242
404
124
326
260
46
213
321
177
197
323
275
262
226
37
208
358
166
418
200
272
301
54
96
403
321
301
399
290
192
405
422
62
492
331
209
497
483
310
334
280
329
206
442
108
339
413
202
13
304
356
240
86
74
433
44
310
402
29
365
3
197
68
372
18
208
76
67
139
101
81
316
391
96
128
13
406
49
496
185
56
20
390
307
73
146
422
241
81
66
138
376
459
156
39
104
313
184
79
232
415
424
433
47
368
119
144
341
252
77
44
153
428
124
470
175
171
467
338
491
175
119
50
406
260
384
353
241
333
175
45
146
149
7
122
440
172
283
260
262
409
372
383
121
207
358
442
377
211
152
291
212
229
47
132
163
327
230
468
44
353
435
262
451
278
130
117
472
304
115
451
131
312
218
42
236
316
278
365
407
340
4
384
318
335
461
282
323
455
27
297
245
304
348
366
104
115
99
349
302
136
71
330
364
186
134
151
302
381
132
268
1
401
345
220
396
379
391
164
343
430
380
294
289
278
470
248
425
16
249
105
471
136
52
202
6
482
464
56
415
209
388
442
75
201
445
143
235
178
412
186
110
223
251
155
385
328
70
71
180
294
67
495
296
451
142
409
497
323
56
5
269
17
326
396
155
267
171
266
96
206
79
381
264
326
113
382
244
409
383
289
423
339
22
292
444
134
295
229
102
28
382
318
336
233
492
257
404
312
140
472
201
15
312
274
68
72
384
49
52
205
238
46
163
120
295
251
457
396
273
153
35
348
246
25
480
385
433
57
298
452
407
22
263
248
346
164
195
499
424
145
223
384
392
376
463
381
462
475
326
317
371
150
395
380
48
110
267
480
62
12
225
348
68
369
154
317
432
468
305
197
483
160
315
173
472
432
223
31
104
246
335
20
106
471
274
491
241
65
303
27
103
181
195
3
468
22
497
233
45
376
340
377
61
221
164
369
96
249
468
354
365
103
279
44
456
256
59
72
22
439
256
126
156
176
36
165
104
124
252
102
19
110
366
147
217
69
175
203
464
331
336
74
452
56
370
451
410
2
2
394
61
140
234
306
138
192
137
225
482
89
382
353
155
91
367
358
215
21
296
250
31
302
383
474
116
156
163
213
320
207
411
27
237
236
399
169
443
41
353
114
355
292
144
20
196
4
231
338
363
97
142
240
125
320
20
476
462
424
24
2
173
149
197
63
485
119
236
308
79
96
438
495
283
333
290
368
289
496
418
348
60
75
84
341
61
96
84
492
345
28
12
326
53
126
227
81
316
286
133
251
161
466
1
218
64
382
464
149
384
437
30
74
12
281
211
100
215
20
284
200
341
28
34
296
218
418
30
392
197
23
14
228
304
162
120
499
126
311
32
83
402
106
334
24
76
377
128
240
334
138
336
355
269
164
406
391
353
324
141
300
138
204
128
220
55
297
93
301
224
285
156
164
298
451
99
425
273
349
220
499
226
17
427
210
223
357
430
251
488
346
288
162
363
32
448
255
61
228
150
205
494
392
7
277
184
317
271
458
220
319
70
232
236
14
230
162
47
213
314
21
257
382
20
293
12
145
403
5
264
360
42
386
436
127
34
153
430
107
86
125
222
151
381
333
389
137
35
234
68
405
9
319
280
475
354
316
174
462
286
180
301
109
317
272
44
293
454
359
411
236
480
266
101
477
60
161
336
191
268
115
107
303
87
10
224
265
367
262
283
182
402
381
422
317
13
378
271
35
196
344
273
50
472
5
114
140
325
2
435
424
410
180
99
346
481
30
235
319
120
364
153
34
83
262
94
262
72
464
122
204
421
85
489
424
205
9
355
55
430
17
335
18
196
313
415
88
449
