2606
6084
-3379
-6322
3554
-7616
-5735
6819
1029
-8779
-3725
1693
6761
546
-2625
-6490
-4214
-9360
-9855
9977
-6329
-8721
-4881
9340
5659
1397
-6016
8664
-6573
-9386
-3364
-618
8398
5914
1981
7516
9138
-5501
6224
-1982
4318
7048
-8158
2575
-1806
7677
-4536
8181
-3601
262
-6064
-4853
-5571
-1467
9990
5701
431
2340
717
4804
2343
6735
3198
7372
3060
-1960
-3539
-7276
-4102
-5935
1159
-4899
-7815
1481
-679
3201
9410
146
-4280
3461
-941
9564
-3509
1896
-5896
2889
-9430
-408
8931
-2552
-3518
9181
7875
3759
-3811
9360
9623
-3563
9445
-8861
4073
-9513
4710
1069
9686
523
-4899
-4508
602
-6239
2839
-3687
6664
-6579
409
-4287
-5149
899
1091
-7795
7955
4354
7857
5014
-2963
9217
1494
1283
-830
1732
6000
9533
734
2869
6258
-3609
-9762
-5535
8911
2858
-7873
8833
7068
-2508
-7805
-1599
5822
626
7010
2611
-6692
9178
-9200
7028
5746
4983
2304
-5094
2132
9354
3205
-1024
8927
7961
1178
4227
5703
4534
6491
-9873
6794
-9635
6557
203
4010
-9042
-1876
2807
-6800
-7749
-6225
6163
-1410
-1931
5676
-1180
-3200
-9746
4759
-16
3021
-3291
9013
-5918
4219
6616
3302
-17
9519
-6516
-105
-6233
7800
187
6226
4490
6333
9307
9404
-1191
5360
327
9320
1041
7430
-5709
9829
-3075
1825
-6982
-9681
4779
-4541
-3565
1199
-8228
-2137
2305
-2640
-4960
6999
-8437
3769
7648
-581
-6151
2115
-5359
-6853
-5230
5509
-4500
6001
-4258
8917
-6926
8715
2375
-4283
-3784
-4650
-147
-2258
-8546
-7158
9880
8459
4988
-9337
5421
-2188
1309
-5514
5144
-3354
-2088
-117
4082
-5928
5639
-5086
-1800
-2587
-9203
-2563
6175
-2248
4558
3648
707
7963
7643
3931
-9771
-4302
-8947
3392
-7240
960
2425
2775
5767
9478
2585
-5096
-7776
-1116
6429
5066
8484
2422
8541
-1388
5047
-7402
5006
3320
4982
-7082
-9681
-4059
6383
-2723
-1441
-6010
-8345
-4063
5339
-8042
-8183
-1881
-3341
705
-5135
-4278
3499
2591
-5158
-8794
762
-1889
-25
-808
-8952
-3711
-3710
-9539
2887
476
-121
-1634
9268
3008
-8697
6877
-1665
-2886
2739
-8296
6284
4262
7793
-2940
-4495
-3894
-4441
7551
2145
923
-1834
-4247
-5377
9370
-1947
8736
7022
-3846
-7319
839
-8216
5389
3459
8874
4383
6285
-3503
8578
-3689
3424
5530
-7534
-4372
4622
9098
2088
-4783
-8245
4965
-8957
-7446
-5359
-6614
-5760
7147
6775
-5835
3010
1921
4771
2713
5179
-7265
-9407
-6398
-3279
3182
-508
2628
59
-8128
9983
-7893
6347
-817
-3655
3908
-2139
-8905
1194
4998
6057
4002
409
5750
-2231
-8249
-9997
-196
-8851
-5980
-5759
-2719
3867
1849
968
6962
9316
-1669
-1718
-6594
9788
2288
3608
22
636
275
-58
-4801
3142
6143
-9186
-350
-1745
-3882
3853
-7327
5133
7939
-8078
-8458
-5996
-6482
3978
8505
9697
-1393
3529
-9788
-5971
-6330
4083
-6890
7641
-724
-1480
-643
-971
-8408
6853
-4179
4963
-8381
-9227
-1291
3593
1420
-4893
-8810
-4670
8838
2744
4968
-4788
-5906
-6790
222
-5781
-9637
-6126
1542
792
6556
2880
1392
4501
-271
3849
-13
-6142
4490
-6691
-7668
6265
-8898
3164
5356
470
-8562
-2530
-7568
-5441
4489
-2363
5477
-5020
-1318
-9127
7281
-2369
-4920
6129
-4322
9361
1262
2059
-780
-6769
-4620
7896
-1461
-3651
-6146
4418
7066
6487
-1505
2831
-5086
4409
7624
7956
5504
-4206
8575
7774
8543
3763
2602
-6177
6622
4862
4505
-5141
286
-596
-7900
3994
-214
5183
1176
6367
-7672
390
8512
-4671
5075
-9538
7139
1775
5282
-9633
8107
4314
7157
5967
4747
-6123
-3219
1563
-1060
6350
-3319
-3492
7371
1387
-5071
9018
-5122
2911
5471
5351
-452
-9609
-3616
-5739
2532
3897
-1350
-6701
2409
8073
-5170
8830
-7388
-9951
3754
2556
8915
-5756
-9389
3434
-7109
6196
3796
-6403
2794
1412
-8623
-8343
-7606
-5083
-3499
6521
-1227
-9582
7812
6348
2334
5282
2957
9579
6855
-6708
8630
9263
4596
-4859
1765
1771
-7153
8519
7924
-5026
-578
-3852
-4915
-5366
6288
-9669
-5352
-4487
3586
7094
-5280
6835
2068
-2423
6715
1812
9701
-2538
1167
4969
-175
4948
-970
7982
5872
7091
4078
-2474
2917
5646
652
-6853
3799
-9659
-4123
9036
2743
-2883
7954
-4430
2297
-8009
4221
7034
-9157
-6366
1376
-2392
6727
-7830
9585
1157
-5793
-304
2211
2802
8887
5267
1915
-7583
-1748
-3118
7082
-956
-9079
1088
-1510
-8390
-9440
-4741
3925
-4553
6188
-8310
-8325
9471
8029
-5128
-8944
3493
-1457
-4406
7640
-3341
-2707
8683
5381
8724
3574
298
-9863
3391
3567
-1302
6517
-9411
1819
7497
5682
-1052
-9954
-7129
-310
-2707
-4161
-5695
7477
436
1360
3160
952
5792
2748
-1486
-2660
4773
-7688
9984
4662
5563
-357
8810
-6589
-7203
-8787
753
9198
5081
-467
8435
-1293
-4668
-6609
9848
3754
-5686
592
-5808
8521
5229
9506
8857
-5854
6616
1089
7370
-8839
3708
5658
484
6504
-4181
-3751
-8669
-3153
-8904
-6319
-3485
5318
6433
-22
1700
1160
-6662
-6597
-9136
-6080
8689
-9777
2717
-7534
-1163
-4212
3620
27
7455
-1757
9954
8638
-8813
-1225
8163
3927
4821
-4300
-9765
-1798
8221
9390
7783
-7712
-9473
5018
8332
-4988
695
412
7581
-2982
-363
-5560
4348
-6051
8695
-7429
-9030
6343
-9357
-8822
1514
-7750
-9417
6510
-9006
-1981
4656
7901
3656
2308
9800
2072
5727
-3811
618
-7477
-6847
-4186
8000
-9368
2793
-6219
4451
-9877
-8344
-2942
3652
9443
-9022
-1996
-2810
8720
3136
-5818
-9010
-6186
-856
8575
-8566
3086
1525
-1833
-9359
9289
-553
9456
-3881
7616
-6241
-921
6003
-3730
5141
3347
-6924
-1194
5047
4718
9474
1755
-447
-316
3655
-5396
-3341
-6420
-846
5812
3425
-8503
5802
-7524
-4039
6155
-4089
3663
-9614
-8577
1679
9362
7153
-9273
-721
527
3526
743
-9430
1323
1153
-1869
1328
5249
8323
2990
-7119
-7825
-3993
-3528
3207
6013
-9581
-5644
-3898
5372
-3363
-9110
5423
-4116
-4177
4954
4259
-6363
-2852
5782
-7324
182
-5066
3264
9893
-241
5453
8409
1284
6794
-1880
4469
8300
3918
5260
-2892
-6609
-7392
-6132
5
-9008
8679
-840
-8415
-4706
8890
4829
8312
5373
-2265
9781
-8480
8081
-9212
2446
-7369
2548
-139
-1808
-6338
-5748
816
-3238
-3963
8932
-9578
-7762
7041
-9782
9401
-2903
53
-3749
-5223
-3931
1887
5934
-7774
-2138
484
5645
-6338
-2255
1906
-4515
-7239
-570
-7959
1410
1441
-3766
1578
6503
9679
-4640
556
-7336
5486
-5972
-8497
4055
8551
-1634
-3984
6317
4959
4771
-6478
5612
8064
5778
-8759
-1862
580
-1446
8574
9221
209
7676
-9422
-2915
3085
9153
6694
-3212
2892
-9757
7413
-3235
4287
99
-7600
4334
-7147
-927
-6953
-1343
8457
7443
-7687
-3072
7198
9371
-3567
8236
9998
3433
-8117
-3838
4793
-6058
-7629
-9152
1497
-3742
4856
-3989
5314
-3885
7037
-7961
-4377
-9019
829
1505
2511
-2146
106
-590
-8056
2351
-2085
6723
4473
4473
7186
-6083
8207
398
8772
-5133
-5624
1385
-4903
-2974
9241
-4037
-9025
7410
-7761
5880
1667
3950
-4368
6117
-3522
-9248
7782
6202
-4905
-5812
-9831
-4198
1001
5747
8664
5603
9065
7742
8840
-9877
6040
6668
3135
5518
6558
-2093
6183
-5317
3698
9031
-6934
5462
5001
4525
-7741
-236
-1776
5312
8775
-592
-295
-1284
7755
-2707
3397
-873
49
-7506
24
2466
-9931
-52
8824
-476
-7456
485
3262
1582
9913
-9465
-5294
7254
8090
3003
-9951
9889
6642
-4858
9476
-8433
-5216
-4877
2295
-8418
9102
1283
-920
7481
6801
8178
-7732
-8663
2372
-8544
-8918
9235
-5160
-2329
-6190
9629
-3017
5814
4061
-4849
3906
4632
6648
1018
3260
-3536
-177
3879
8201
5330
-7115
4214
2239
7485
-965
8181
4031
-3524
1083
5407
3945
-1564
-8890
34
1666
-1545
-7674
3798
2777
-7718
-4996
-5628
-5089
9064
9164
-4944
-127
172
-5291
-9268
9537
3014
697
-5707
2287
5479
7091
6125
680
2936
-914
6244
-6640
1087
-5126
7688
9861
6323
5267
3704
-7497
2103
-5655
2438
-6441
-823
-9363
7076
-8165
-9450
8042
5758
6298
941
-72
-7437
9591
-7743
-8115
7855
-5480
4952
5101
6127
4893
6958
-4891
-3247
-9580
-5466
-3881
5203
-720
8936
-2434
-9469
-6245
-6247
6841
-9038
-1375
-7512
648
4026
8595
-579
-8291
-6623
5149
1740
-6079
6627
343
-3034
6338
9947
4803
-9022
-9772
3268
6521
-2167
9581
6676
-6899
3847
4811
1723
344
9689
2712
12
-8746
3195
-1645
6396
-3315
-9618
-2470
2752
1647
2774
-834
3134
9946
5729
9401
7344
497
3637
-5577
5634
5271
4440
496
5055
9954
-1406
-6892
723
-8185
3932
4312
-3997
-396
-7705
-7281
-3831
5206
-8049
7723
-8471
9237
7550
5355
-8266
-3141
5590
-952
4484
-4329
8816
-6328
-52
3022
-1962
1772
4962
3809
-973
1083
2335
80
-2549
-2168
-2827
-6073
7872
-4401
341
4949
-3621
5948
-4485
-9260
296
-7989
-7909
-7055
-9161
7983
-2602
-9155
-8944
9375
-7496
-7932
-9443
-2154
-896
-8377
-1898
5549
1884
-7190
1116
3587
1585
429
6925
8768
-3668
-5227
5779
-514
8831
-1928
-5
6675
4397
-1519
-7590
-4559
-6548
8239
8822
6234
-6127
-3216
-8438
5728
-114
905
-640
-7337
-5365
-6400
-5893
3259
8757
-2491
4222
1846
-2976
1920
-7392
1120
651
2392
-5497
-8697
5315
-1228
-9476
-9081
-1613
6167
-1017
784
-3340
-8563
6012
-2642
9294
6301
-3253
7165
745
7430
-6404
9536
2150
-7108
-296
5552
-4692
5350
9104
6210
-9871
6767
4036
-3725
586
-9336
1803
-9092
3650
4247
8159
-5820
-6806
-3428
2076
-1787
4678
-4251
-2425
1536
1936
7475
5997
767
-2408
3029
-9532
-2301
-7702
-3926
2365
9753
5888
-1276
-824
3891
7742
5664
6613
-3714
2539
2347
-4514
226
5754
2125
3530
3443
-9513
9005
7264
-2867
2224
8248
9505
4849
6152
7114
-3028
484
7052
-8491
-9725
8648
-4877
8452
9422
8497
-568
8037
-6993
-1063
-1742
-9400
-6280
-9365
2330
-5956
1042
7421
3791
-4882
8138
-7695
-6071
-8277
8277
-5891
-9587
-2212
-4516
-3637
-4014
6187
-9817
1464
2472
-8426
-9039
5230
-8216
-1772
-411
8002
3138
-6426
574
-5318
-1113
-4338
-3260
2874
1991
4887
-2195
8207
3779
-6451
8367
-9196
9992
1809
6954
-4985
8466
8849
3339
-7866
-9295
-116
6002
-603
9046
-876
-7963
8066
7274
7435
-8615
-7794
-27
6095
2186
2754
-3460
4105
-6112
-7204
4871
-6962
-1296
-6355
-7018
3321
2237
9726
125
4864
-2519
5169
7456
-7298
-3950
-4724
-4546
-1582
-6275
330
4318
1381
3490
8725
-9853
3748
8073
8084
-1901
6209
-7319
-474
-2890
3788
2894
4478
-7686
8689
4360
5245
614
-8362
188
1898
-2048
7588
3121
-7704
-26
-4262
-7133
-953
-7423
-7782
1847
-2666
5959
1111
3305
188
-8412
6340
-1545
-4481
-5088
-2356
8848
8467
5436
-2696
-837
-1661
5754
4548
-5814
7280
7372
-7562
3482
7078
2790
-7117
-9623
-2464
2000
-3505
-2404
-7798
-6620
9255
4304
-9160
-6822
7540
-1145
9768
-6873
9476
-7075
3808
-3855
-5657
-5650
153
-9269
-8831
-1947
-6579
-9503
-3968
-3797
5021
-3609
9369
-5179
347
-1585
-225
-529
68
5516
-249
8386
-6375
-3467
-7550
-8592
-5709
-5104
1571
-9969
4448
-5268
4649
-213
-2016
-2307
158
-6321
4309
210
8144
3031
5206
-5493
-2891
-5112
-5971
-5423
667
4103
2833
-2434
-3329
-7588
4129
-6106
7281
862
5061
4732
9901
4214
8531
5281
-7209
-2933
-5160
9834
8495
7836
3876
4051
1257
9716
5781
-5233
-2377
2060
-5910
9541
5799
-1771
7585
6859
-2831
-9914
-2416
-998
3589
7494
5196
-6227
9445
3951
1336
6093
-1309
-995
7199
-6553
-438
-1139
7437
-3127
3447
4584
-6067
7318
-4863
7804
-5385
9806
-3180
1264
-6790
1861
-608
2509
5002
5971
-3782
-5767
-9184
-9764
9806
-1956
859
-9280
-6679
3153
-1677
3482
3213
6195
-9834
-7946
1719
5293
7769
9301
-2561
3757
1465
-3216
4024
-529
-5363
191
1840
9355
-8486
8695
361
2007
-5036
5145
-1717
9620
2708
3218
-5
-7470
7338
6572
5994
-6738
-942
-7780
-9642
-6386
-7475
4404
2718
-6892
2852
-1304
-2901
2808
-3517
-6236
6662
-8390
-1328
7565
-4721
-5595
-1049
3820
-7514
6613
9297
-2558
-4919
6317
-9586
6348
-1617
-7288
-5778
3386
-2926
2232
6476
-3063
-4439
7336
-7402
8526
-1149
3063
3683
-4010
2621
2149
-470
9724
4329
-3699
-927
2729
9997
874
-5290
-2773
4039
8992
-4438
-7344
3952
-9290
9145
-521
-3893
5224
-2886
7112
1718
4747
-3675
-8744
-6131
4587
634
-9832
5412
-4704
3379
9703
-405
-9913
4030
9127
-3812
8305
-7602
6313
-5468
-9583
-4422
2657
-8663
-4428
-7352
1347
-6559
6376
-7648
2707
878
7287
1563
-6111
7912
-4479
-8027
7332
-6678
-2402
-2314
-174
-9303
2768
-2845
-1057
-3328
4487
-4552
9652
8359
-410
2159
1741
-1010
8054
-2316
-5127
-578
100
-7289
1985
-7288
-25
7567
1201
-8509
2519
-4580
-364
48
-9083
-635
-508
-2921
6320
392
-9050
-2518
-1083
-8657
7852
-6319
761
-2043
-6291
-1911
6311
-6773
5299
218
-9262
-2443
-1135
-7523
8016
-7435
-5717
4819
3046
8901
7700
1489
-7537
-8024
9565
-9756
-6735
-8573
5704
3223
2096
4571
-9098
4572
-8761
-4872
7090
5353
7298
-4519
-7847
-909
-319
4075
-3209
-4640
-6520
3319
-9241
-2330
578
-3847
-5306
7259
-2728
-2742
-8282
3039
-714
2861
-9740
-4478
-518
-4173
-2179
-8900
4659
5699
4345
-4074
1365
5512
-2475
5724
7918
-853
-6716
-3146
3879
-2786
-6107
-2229
3078
-9145
9725
-7044
7503
-1947
-3460
2561
-2063
6123
-8739
8500
-2775
-7126
-2652
-9586
-3847
9866
-2236
-7327
3613
-7579
7159
-5706
-1665
-8491
7193
154
7465
-507
1143
-3963
9644
1521
-5667
4856
-7932
1078
-2103
-8244
5137
8965
-9287
3310
-8649
-6666
-6220
3044
3404
-9348
-6677
-3500
2127
-9565
4170
-1637
5551
-5502
7230
557
4278
-7687
-9910
-6621
503
282
6953
-5382
6590
-9355
-6443
-4266
294
-3969
7578
-1463
2025
4312
-3227
8678
8936
-2931
-3785
5345
8179
-9467
-7502
-1229
-8724
5944
2407
6230
-7616
-8275
5334
5909
1019
-6488
-8875
-8034
1557
-7306
1765
-7013
8244
6888
2496
-635
-5816
-4415
-3795
-4273
6167
1148
-5371
8112
4514
-4910
-249
6141
5319
-196
1869
-1991
9784
9301
5932
4392
334
492
-4820
-4992
9135
-6689
9210
1190
-4316
5841
-8802
5978
225
-7355
-444
2689
3179
9929
6125
9001
6253
-7537
-7241
1370
-1980
7810
-2413
7490
-8158
-6156
6585
-5795
-5556
8983
-6998
-1719
-3280
837
-7237
-9975
5901
-2916
-499
5482
-945
-3733
3573
-365
-9888
8110
-8914
-8384
1319
5950
-3712
-2701
-1072
3974
-2918
-8565
-739
8435
-2842
-178
702
385
1803
4054
2691
-836
24
-4892
-5832
7117
2050
-6966
-3881
1958
-610
-5902
9000
1643
6479
-2740
5899
9619
1921
4948
-9277
-1090
4570
-9905
9614
-4342
-8494
-9893
6473
9388
-9158
5084
2635
2845
-9493
521
8929
-8237
4273
6896
-9518
6826
-9544
5803
3244
3516
-7795
3956
8066
-5249
-8760
3037
2066
8971
9933
7197
1188
5857
-71
-7501
-8267
5924
1699
-4167
-2145
8445
802
-1775
-4152
-6964
-7716
7286
9723
-5274
-5660
3964
8290
-3055
6805
-693
7223
-8132
1917
-9031
9800
-5493
9618
6437
-9238
4247
5587
-3114
6175
-5103
-1932
8807
-6045
-9233
-3831
5528
-8414
-460
-7724
-2677
-5484
-4058
-6048
-835
6696
3484
-6753
-7516
-378
-5816
3947
2151
4475
9107
8851
1289
8965
-3039
825
3134
-8035
-7682
5274
-985
2379
-5180
-6969
933
6355
1673
-799
-6478
-2293
7402
4279
-2507
-7135
-7648
-402
2740
-8508
-2456
9450
-2503
-7338
7388
5992
-428
194
-3022
2377
8198
-7299
4844
7069
-8633
1765
2961
3650
5185
7284
6019
-4036
-2150
2810
4289
2899
-1299
-2085
1963
-4886
-9043
-1027
-6734
7889
1763
215
4856
-1252
-2657
-9639
-2895
9239
-2570
-399
-3719
3386
-1408
8925
993
-9958
-5590
-4611
-6362
-3284
6654
-9392
9776
-4286
-1070
-4514
-9667
758
7116
-6442
5656
2714
-5158
9140
-6231
8205
1786
5482
-2690
-3502
3391
-2235
-5254
-5325
-7961
4980
7128
-3430
178
-7999
5306
1812
1606
-2435
6152
9543
9087
-1323
6484
-28
-1865
-2111
8522
-9015
-9960
8312
-3873
-7047
-5061
1951
-4603
-4482
-965
3037
-9463
-1566
5413
-7219
-7066
5175
-9281
-1499
-4370
-8467
-8741
9152
-3567
5421
-5473
2063
9325
5898
-8178
9860
8181
-2367
-9274
-4174
-6781
-2867
9052
-2685
2138
-4014
3964
1858
-1889
4390
5940
2955
-7693
-2660
-6803
-7889
-1836
5919
9123
-4729
4672
-1688
-5548
5071
-4467
-1907
-7368
8356
4631
508
-7521
5358
-4503
-5767
-3254
7526
-841
-9973
1160
-6420
4359
4385
456
3260
-1948
2327
-4875
767
-9166
-492
-5631
9765
-3990
-2281
9889
-2190
-9540
336
-6186
5556
7656
-416
-9054
-3941
-9520
5631
5217
6175
-2302
-5534
720
-5648
1079
-9420
698
1566
-1615
5376
7461
-9620
6687
-3908
4421
4710
-6356
7047
-2370
9256
-4153
9103
9326
8201
-7637
-2465
-6315
-4977
7400
-9260
-7245
4859
-4664
-4319
2430
8018
-5714
-9330
8296
2596
2195
-8947
6836
2054
5606
1947
2041
2776
-594
8571
-536
2206
-9639
2072
-1350
8086
-4751
3263
-2736
-9279
4171
2400
-5010
818
7744
4742
7595
1905
-9588
5936
1067
9958
-3802
-2364
-6198
3807
9157
-1991
-985
-5469
-2879
9628
4831
1142
-1905
9540
652
1281
-9906
-2770
6047
-4255
987
-2949
-9637
5934
6589
-1214
-4335
5130
-2511
6203
7077
-6454
5556
-4985
-7555
-298
-1394
6558
-5644
4372
-3001
-362
-5614
1250
864
-6482
-9781
313
-7078
-2240
3733
5760
-6747
8779
3080
-9132
745
-951
-3960
8641
8005
6432
-7797
-2850
9883
3850
-3782
3024
8672
1430
-9652
2946
-4482
5989
-9885
7320
-972
9907
1154
5919
6569
2263
3551
1000
3556
-73
5146
-6282
-8608
-9358
-9441
650
2011
2115
-3824
-5194
-2760
-5832
5581
5990
2698
-999
8132
1690
6220
-5858
5859
-6699
8728
4973
798
-2365
-5855
6907
1781
5211
-1978
771
9727
-5268
-7457
-7569
7740
4711
-9168
-5597
8484
762
2967
-9478
5721
-6260
-2635
-2329
-454
-2465
2114
-8871
-4809
-4770
7241
3079
-4306
5411
1458
-7081
3614
-9656
-6094
7392
-6580
-6699
-3671
8713
-8008
355
-5678
8072
5892
-7506
7836
-2311
-2092
5977
6979
-556
-9529
3370
8210
-1946
1975
5182
2542
4729
-7508
2440
3882
4091
9158
7872
-5618
4666
-9723
4108
-1387
406
-847
1949
-8916
-7902
4939
6859
-1368
1030
4423
-7100
-8744
-2164
-5743
-8066
-3133
1164
6593
2523
7516
-3254
3728
3800
3952
-9934
9860
-9902
186
6773
4031
-7774
-8967
-4364
-246
8834
-7611
-3236
-4681
-5475
6352
5667
-6534
-9587
1922
-727
-1802
1039
-1095
-6202
-6840
-9471
6594
7415
962
711
8317
-4384
-1474
-2491
2448
-6829
-824
-4818
8031
-7175
4442
-1362
-4020
4173
-9821
7009
-1430
7434
-6351
7928
6306
1521
517
1419
-3738
1672
3429
3591
-1875
-8520
-9618
-8786
4115
4403
5038
2332
-5865
-3024
6113
6971
1297
-5041
7443
8560
1879
1203
-1881
-2995
8826
977
-5174
593
8294
-5540
-948
2343
1754
584
-3961
-1360
-8769
962
-1202
3920
3394
1536
-5950
4858
4482
-8729
9930
5240
-3512
5561
-3889
-3745
9078
-9900
2938
-3615
-5001
7996
-1607
5228
-4236
-2677
-4699
9083
3167
-3286
3750
2570
9883
-1194
-7113
5351
7357
5951
-6627
1966
3681
1316
-3011
4326
3954
-5915
1178
2073
-4894
8465
8314
-1099
-3635
4400
-3922
6262
1948
-4727
9609
-9329
-624
9057
-668
-771
-7167
-5856
-7246
-9667
6806
7333
7482
2093
1875
-5333
-3206
7676
-8475
-3153
-2204
6759
-4898
4439
-796
-6951
2729
4267
1095
-1308
-7265
5558
-5456
7890
-4978
6441
9454
9653
-1936
-9644
6642
-9365
-820
-7754
2874
4758
8273
2023
1547
-1722
7070
2486
4064
-6030
2123
-5315
-3147
-1527
9108
2833
-3059
5251
2124
6088
5923
3527
1907
6465
-316
-6001
1363
8395
6841
-6293
2277
9303
9636
1272
2837
-9734
4756
6904
-6052
-6195
2439
5113
-1973
8344
-5506
-1035
-7745
-2021
-5225
-2862
6427
-913
-4327
-7440
3561
-3101
5287
8258
-1228
-1724
-1967
-6238
-9978
7391
-1374
2421
-4709
-1972
-3876
-9077
7809
-5665
-6417
-961
1442
6628
7901
-5096
9168
18
3245
-9674
-3690
3634
-2711
5226
8739
9481
-4075
7901
7922
-1691
4648
6837
5365
-8029
-7401
-1322
7947
-6025
4815
-7456
-1644
-7630
-2816
8894
9014
9768
3002
-330
-7828
-2950
-2643
7284
291
-404
-185
8563
-4015
-3458
2429
2102
6633
-1344
1794
5703
-99
-8579
-477
-2190
-3844
5228
3875
5025
761
-3874
-2456
2082
-5771
-7488
-5527
772
4185
-5680
-3647
-5756
4938
-525
-5542
127
773
-3187
6270
-1831
-7347
-3815
-3218
3125
-3566
2522
5344
-5033
-5363
-9766
-2081
-8947
2386
-9887
8021
-5743
4680
5597
-5142
2878
6894
3792
30
-1729
5234
2548
4112
-3563
4167
-5142
-830
8098
1799
-8497
-5116
2978
8974
2815
-7265
2206
4362
1943
8462
-7741
9238
-8699
-3090
-9443
3325
-6482
-3318
-2189
-4618
3117
-7982
-9060
-3617
-2278
-3908
4388
-131
-1673
2888
2701
9970
2914
4120
-6542
8718
-4706
2987
-3842
611
-8286
-3201
-7164
63
-7275
-6521
2604
6556
294
1272
-6474
-2108
4248
2322
-456
-2407
-7322
1756
8021
-398
449
4500
-2419
9783
6356
4215
5840
4774
6601
7994
2523
5274
7173
3353
2072
-3269
-3893
9202
-5118
-5353
-6191
1991
-7668
4960
3435
-1612
2150
4069
6125
3437
4451
2127
5272
-2513
-8578
-5424
180
3616
-5963
2395
-1944
6248
-2439
-7370
-3936
-5012
-7783
-1314
-8870
-6478
7304
-3748
8726
-9600
3632
-4262
-8625
7729
-4198
-895
-8328
-9796
5835
-9551
4036
-6133
7848
-3797
-6993
-2973
-5058
-5518
5361
-2824
-5276
-5053
2121
8397
9285
-1078
8643
-3811
-6076
6285
2533
-7790
263
-8518
-5714
7157
-185
1803
-322
-2834
-393
-561
-8255
8404
5977
-6566
558
-2973
5565
8820
1041
-1041
2917
-8433
-3086
-9450
8075
-9320
-2140
4928
-4512
-1219
-3947
3970
-5397
2337
10000
5758
4593
3038
4471
-4342
-5516
3760
-2446
2315
-6615
919
-3856
-8092
-7580
9399
-5038
-1329
3185
5135
-8443
3747
-4604
9912
5551
2314
2414
-5033
3376
-5164
-1336
-5025
180
9733
7124
5751
-632
2113
5205
5920
-3223
1056
2827
3374
4502
-2868
-5483
-1084
8295
-9948
5018
-6423
1733
-4898
-4579
-4075
-8482
244
8360
2264
-967
-5440
3458
9961
3251
-5586
8898
-4081
-6297
-9930
9351
-4056
-2826
-424
9049
-1168
4285
-3182
1421
-1625
-1835
-8243
2398
1821
-5986
3861
52
-2686
7865
-1459
8704
-5614
-8676
1219
-2192
8791
8363
-1483
-4767
-8541
4819
2932
-8611
-6870
-2513
-2229
-6342
2795
-7433
9338
1319
-8801
-1722
-7258
3571
-2814
9446
3383
8650
-8576
9429
-7162
9565
3404
-9915
-5188
-7974
5941
-1173
-2096
4703
-5443
-3407
-5
5508
-2
-188
2244
9529
6219
-1655
2641
-7209
-3388
2729
-2833
7901
979
-1119
9175
2014
4334
3291
-4284
1123
-2178
9997
1811
-2072
6659
-8547
6080
958
-4751
-66
-5710
5600
-4362
-5087
8743
5259
1338
-7404
-1969
1302
-7524
-2232
-7988
-7759
7507
-98
-2025
8011
1258
-701
-7502
923
-7687
7484
-2610
-1271
3044
-5451
146
-137
6213
3141
7312
9109
-6923
-4002
4389
-4770
-3212
-49
2836
-7116
5418
-3330
-1310
-766
-9861
4762
17
8395
-5851
6622
-8739
1890
-6719
-3498
262
-6624
-833
972
-7020
9131
7650
-254
8456
965
983
9537
-7762
-4542
5258
-1188
-9191
8880
9936
6345
-2868
-7958
8252
-6328
-8499
-1291
-228
8258
9140
-1450
4668
9413
6813
-6341
6213
5498
-9795
-5859
-7045
-5241
-3034
9088
823
4944
-4391
3502
-8759
380
2452
-661
-2861
-9592
2868
-1698
-8881
1779
2477
-1466
-5310
7800
6048
8434
-47
-7917
-4220
401
1158
7744
5942
9064
-447
-6429
-7739
5690
6536
-1934
7398
2661
-8202
7677
-4858
-167
7916
-9912
-2016
-8262
6267
4992
947
-8752
-9265
5163
6396
5144
-4582
-8155
4044
1982
-5998
737
-3982
1588
-9220
1342
-1005
7954
5082
9720
1529
1805
3388
6383
-7130
423
3489
-9560
-1891
2976
-4325
-1466
-8853
2007
-4551
2317
-2840
-1085
1256
-7733
-4426
1122
4350
-4273
-9126
-8802
-2412
-1399
7411
20
-8348
-1991
-9525
2897
9779
-3349
7762
-7550
-2120
383
5478
2167
8678
-2861
9798
-9622
-198
-9351
7959
9194
5064
6724
2963
5512
8358
-6723
9128
-4053
-8892
7906
-2839
9111
3957
4152
7056
6529
-2261
-8925
8182
2815
5775
9032
1378
-2288
-844
4247
-8557
9920
-127
3437
1228
-5453
675
4177
1676
-9625
1525
-7801
-175
4962
9614
-3818
1938
9973
2391
-3005
8251
-5103
5929
-6810
1705
-8115
-1002
6560
-2000
6941
569
6298
1954
1023
-9337
-6595
1189
5447
-6862
-4391
-6900
-9364
-1026
-3237
-4212
-3189
5736
5515
-2748
8045
1100
-8421
-5768
-1892
6879
3928
-6613
4249
-156
-1737
-8454
7978
-2101
8049
9483
5860
-7087
7792
-5298
-5711
9021
1251
-4737
-2760
-3744
6591
-9719
4164
-6902
7398
-14
-7472
-2173
6709
-2480
-6854
3916
983
-6569
-6851
3374
-3213
-3698
-2470
5289
-5804
6073
8182
3491
696
-5825
5223
2418
6821
-829
-3190
-2718
2653
-8974
2429
-5759
8072
-894
9610
6794
-8521
6822
-861
-8049
900
8185
4683
-3779
4217
6325
-2839
-9692
-8770
4225
5395
-3688
-3294
935
-1365
434
907
5139
7525
-8028
6137
-1915
579
7820
4382
1769
6835
-4826
-9935
4264
3149
-7265
-29
-820
9009
-1274
4015
8402
7624
-4653
5165
-872
6069
-3556
3132
-9055
5735
-7747
-367
7399
4088
378
-7714
-9676
2113
3163
1912
9785
-954
6490
-922
8715
-4575
-1185
-5386
-5384
-2940
3261
-5411
-9227
3638
-7996
-6863
-103
1948
-5892
1382
-9820
-8367
-2115
2905
3908
687
-9497
3099
-5605
-7528
879
221
-264
7466
-1408
-3119
-8929
-390
3060
-3955
5293
139
-6818
122
-7947
3059
6025
-2923
7957
8127
-8762
-4796
7306
-7879
8576
-6323
6482
9009
-9103
1750
-9678
2463
-8406
9724
-6649
2513
3636
8748
2819
3260
1165
4665
486
4404
-601
6758
-7179
527
4438
-457
7660
-2874
-2220
2940
5460
5157
-4883
-1671
4911
5528
-3142
7648
-759
3752
-9477
7776
-4238
5241
72
8919
-2933
-691
-7491
6697
6957
-1106
348
-272
8455
6736
-2939
8824
7476
-2193
-1863
-2886
2788
-3513
-9822
-4631
2249
4633
-2096
-9186
2217
5096
-7636
3089
-3499
-12
7824
1983
-6576
-9228
1554
3209
-6573
5313
3438
-3175
-1011
-3735
7950
-486
-8257
6853
-742
-2441
773
9221
-3086
-3457
6395
4652
4321
6576
-1417
8002
1622
-2969
8777
4692
-4902
-2957
-1028
-3182
-8210
-2061
248
941
-4618
9159
-5251
-4486
2911
6235
2703
9981
-6373
-9012
5725
-7543
-6574
-730
-2839
8775
-5528
-6441
3624
3835
7213
-3049
-9558
9225
-2706
5487
-9335
-3238
-9562
-6397
8605
-5402
-2622
-1799
3709
2751
-4395
-2875
442
-9050
2075
-9933
-1402
-3176
2797
5326
-613
736
5610
4535
-9423
5173
-678
1385
7554
5464
-3023
-9464
1417
1024
8291
3795
-1339
6453
-4917
-2015
-8599
5479
-8689
-5953
8428
5341
743
-6993
8077
-3703
8771
3572
-9317
-267
2203
-7693
3754
3535
-2154
-2970
5416
1014
-7794
-7086
-7370
-2048
-6682
630
-9515
-3386
3086
-1610
-8408
8832
-6666
4448
1770
-7077
9018
-6493
-5946
5250
-7126
2536
-3483
-4257
7137
-444
8146
3708
8695
1588
-5588
546
7150
1169
-1590
-7830
8832
-716
4210
-1558
-988
8338
4690
-8947
5886
-828
1272
-1780
-688
-8047
-3400
-3803
5542
8110
8163
6478
-8308
-6724
-1161
9587
-7456
8598
1033
-8418
1208
2653
-8945
-7050
1587
-6694
62
-5270
-9532
-179
-4612
-1183
7667
4203
4608
6611
-7162
-6249
-979
1393
6420
3880
-9108
-7645
-4754
-923
-9464
-1804
5325
3132
-5556
-5546
-2462
1477
9112
-2960
7322
-561
-6706
4687
-1139
4690
5912
1261
9888
-2776
-6664
4444
-1289
-2508
-4996
-7338
7201
6587
-4690
-2499
8323
-7918
8432
-4337
-808
7430
-8416
-9565
379
-5531
-8593
-1979
6351
7704
714
8675
-983
3123
-4842
-8984
-9047
5589
-6866
-3577
-9233
-3720
-2880
2467
764
1426
-3888
-8374
7469
-493
4926
2720
-9016
-6781
5576
-3790
1313
-1498
703
-3716
-2989
2487
672
8179
5185
-3592
4509
-9910
1060
-4140
-2443
8416
-3176
1952
-8716
-917
9953
-8449
-3215
4787
6523
-4900
-3632
-75
-4921
5206
7071
-188
8384
3045
345
-9384
2621
8144
-1948
-5411
2723
7316
7353
9547
872
5004
-2972
1839
-7477
5930
-2394
-2903
3246
-1
-2576
8926
-8771
-978
162
5328
4347
6615
-8208
5189
-549
-9262
-3919
-4528
-2534
7634
-3728
2914
-7002
3189
-3308
1828
5682
7199
-1510
-8245
-6641
-6869
-5344
6810
9009
-2612
-5531
-6368
-1914
7878
-3141
-9779
7925
-9908
627
1666
-2394
-4422
3809
-2121
4938
-1947
-2084
-2708
5539
-737
3284
5982
543
7237
9613
4949
278
9906
-1957
-4288
-6930
9047
2828
-1670
5590
-7441
-1873
1154
483
9746
-9578
6226
7287
-1050
9220
-9078
3993
2910
-2139
-8473
1953
2257
4904
5148
-5746
-8733
5989
-427
9687
2879
-5963
-9312
741
-9310
-6296
7628
-608
-1552
2532
-6609
-6501
-2782
8414
4477
2834
-9634
1260
8752
1644
9277
-1244
-6407
-5167
6755
-782
7356
-157
-3447
7025
5759
5370
8882
7606
6695
-5275
7418
-199
1101
-3270
8804
7774
-9637
8990
-1620
5813
-9073
-1660
4624
-9844
-9148
-1217
-8158
1563
9964
1708
-4768
1080
-5341
5814
2305
-9620
4799
4918
5211
-6939
4939
9468
1387
6211
-5409
-7594
-3531
5154
-5227
-2957
-16
-1512
3716
-8577
2624
4825
7756
-4899
1717
-6972
-2934
-9049
-2294
-8816
-925
8739
6199
-8872
564
8000
2890
5376
9963
8475
-4296
-7695
-4928
3918
-2237
-5075
-2499
9105
9558
-2033
3689
-2241
5451
-5029
-8410
7383
-2198
-9171
-8506
-6513
-2107
-6420
-9310
5533
-9767
-8212
9517
-1331
-5513
2283
-5428
920
2280
-7351
-7166
3987
-3498
-8629
-1864
5612
-488
9764
-6927
5879
884
-6276
-9091
3186
-894
9687
-1702
-7731
577
7801
-9598
76
6079
4135
-5261
-8414
-6141
-5324
-1177
-586
-4325
3740
7840
4812
868
3658
-5210
-6715
727
6444
2407
9119
-956
9153
5471
8329
-1099
1618
8668
5271
6951
813
4371
-1985
5484
3353
-3477
-4622
7809
5923
-9015
-9135
-2451
-5165
-1194
5965
-5368
2156
363
-8557
-3989
3239
-441
1094
3219
7606
5015
5742
2156
-9231
9157
8073
7188
-9746
4712
-3146
-1101
-4388
4949
-9606
-9130
4592
-5275
2512
7725
-1741
-7400
4904
5655
-464
-5708
876
7614
7298
2816
9705
-8377
404
6407
-574
1734
-3136
-3507
1868
-3206
-2547
2089
-3048
-8879
5706
-2991
2127
-9247
-2758
-7162
8875
-6368
-8353
-3531
8410
5794
388
8931
-4862
2513
8239
-2085
6251
6389
5485
-4293
-5425
8723
-4
3506
7186
-1473
6562
-9988
-3278
-6586
-1948
-3474
-7757
3355
-6853
-8969
-7720
-7517
3743
-8002
-7489
1070
3566
5723
-6284
-2976
6990
-6735
-5914
-9826
-5070
-3039
3467
9865
6354
3970
309
4993
5954
6802
-5957
-4938
93
1105
5519
1198
8975
1047
-9519
5922
109
-7792
-3022
-3233
-6514
-9827
138
6498
-784
-6995
2336
8698
6300
-6407
-990
-919
-5026
-5067
-5828
6649
-9034
6516
-8912
2808
-8665
1688
3699
-3888
-680
-6834
-2893
7485
-8392
-1627
8211
9524
8214
-1069
6863
9249
4288
7306
-3688
-1376
8143
2413
8824
-4169
2685
-573
5326
1684
263
6265
4872
9067
4585
-1649
4488
4330
1691
4929
3903
-5854
-9854
9698
858
215
3802
-4704
-2204
-9126
-5191
3947
2943
2452
-3492
-1282
3835
1679
1733
4955
-645
-2928
1010
-7309
2468
-1309
5139
1542
2833
3503
-7556
-1109
6472
7928
7177
8839
-7608
9332
-8167
8783
-179
6181
-9730
-6979
7504
-5014
9107
3492
-3859
1978
8561
1293
6183
8783
22
2620
9275
-9467
1424
6836
63
-149
-6092
-5679
8318
-2343
-2228
836
-281
5949
7221
-5526
-3133
-1262
105
-4619
-7400
6737
-2100
-1931
-6862
-3673
-7727
3720
-6111
8987
4258
18
-138
6162
-3818
1876
1617
-7929
-6681
1218
2553
-2603
2561
-5265
-4888
-9021
-6198
-2600
5852
9199
3177
9458
-6177
-7831
-6215
6886
-1932
-7299
4506
-448
6610
4325
2027
-604
9962
3277
4338
-3292
-5516
-7210
1570
7151
9751
4824
9246
-2274
6276
464
-2909
7310
-1665
-6073
-9575
8961
-9140
-8400
-5294
6550
-160
-7756
2547
-4555
-2126
-5447
-8708
1569
4893
-6092
-540
-4008
2741
976
4848
-2115
-7563
8561
-9486
9506
-4212
-9612
3280
2949
-5204
969
4043
2097
-9688
9289
-9049
1627
-9935
2359
8080
6196
-5903
2187
-4724
8561
-2591
594
-7998
9279
-7175
-2424
9320
-1596
-5967
1179
7065
64
-2154
-1835
-4497
-7921
-4195
-388
8392
2539
9120
-7127
-1629
4322
-1245
-8161
1657
537
-4458
-624
2096
-2730
-1035
9223
-1729
-6311
5585
3472
-4994
-9409
9575
-801
-6410
5938
3271
9949
-1036
3847
-7098
2619
-1703
7329
1333
-8807
-6101
8177
9616
-8586
8068
5273
-4706
-2525
7278
-1409
7110
-8877
205
6683
8341
3921
-3873
-6444
-589
-5432
2345
-7896
2839
-8756
2918
5110
-5982
-5482
3371
-6437
3415
2850
-4724
-3067
5371
-584
-3021
4535
-6212
4012
9440
9988
4571
5206
-9259
3946
5728
-8862
1758
-2489
558
4143
-4963
53
-7976
773
-1645
-8704
1863
-2579
-7101
9363
3282
-3233
-3655
-9103
2882
4222
-8527
3351
2840
5749
3791
-7619
-1367
-3486
5566
-5848
-5142
-1055
8450
-9323
-9863
6932
-2794
-3364
8276
-8535
9581
2017
-879
5049
-1952
-5128
6583
2746
8090
-913
-874
4764
2338
-7881
1992
-2252
-5747
632
2478
-8130
-7146
-8248
8584
402
1377
1733
5140
1902
2245
-9670
9583
-1174
-5409
-8570
2849
-2264
5870
2612
-2852
-7536
920
-9093
-6214
-7542
7201
-5620
6287
-461
6971
-2248
1625
-8707
7232
-8661
254
562
-7787
9401
-6250
1571
-3935
-1042
-3138
3682
-5839
-5622
-9471
-9086
6561
-2988
-2865
-4503
250
481
2283
-9484
5647
-133
6453
-5002
-7826
-1304
-4588
8045
-3650
-8085
-5734
-5124
9165
-6318
4515
-3181
8853
3152
6931
979
8949
1610
-4368
-839
-5823
-4793
-8449
-3471
-8922
-8531
6166
9246
3516
-3242
-4389
6892
2077
9280
-8205
-9634
3708
2294
-8350
-6803
-5295
-7118
9186
6488
3935
4644
6774
-8676
-1317
-8508
7002
343
-6238
7221
3883
-2274
6536
6701
-633
9133
140
6294
7981
-5242
6864
-8848
3504
-2967
-6784
5414
533
-3170
3438
-3895
602
-3889
3677
-1546
6444
-3311
6536
9857
21
5956
-6931
-5454
-505
5140
-4401
4651
8859
7797
804
9380
3986
7027
3939
-1985
9494
-1167
7190
-5720
7988
1478
-9055
-9864
-2930
2994
-5370
6762
3088
-6502
-1593
3477
-1113
-1906
2827
3329
-5228
-4065
-3606
4040
-5847
8345
6425
4295
-4250
1003
-660
-7284
-9891
9390
1875
1521
7719
6032
7404
-4367
-9346
-1708
-7572
-6227
-518
-7012
-2511
216
3928
6342
-1101
-1505
-2692
2023
-3303
2321
-3598
-2117
5725
-3453
4477
-6957
-6979
-3918
-623
2575
-8595
5004
8073
9068
-5536
1221
3633
-3714
-4256
-1487
-4757
-1039
498
-988
-9637
8371
-2185
-1409
3923
2437
-9241
2053
994
-5363
-5736
4870
-2626
1845
6184
4263
-6043
-4247
-9627
5474
-4440
8671
7567
-1398
9447
-3348
8366
133
1495
8129
-4943
-4377
-3041
-3031
2973
-4860
-8595
-6199
3902
-3076
-5500
-2046
-9720
7271
1128
7466
5535
-8940
371
7245
1977
75
6881
-1164
-6719
-7232
-5965
-5598
-8988
1232
-7149
1590
5106
2770
-7329
-8521
-9516
2721
138
-4482
-6909
3906
-422
-8573
539
9900
-6961
7599
1378
7857
8157
8202
6058
-1893
4458
3710
-3154
8386
-5878
-5291
-8195
-6128
-2200
-9341
1341
-7151
7870
-7347
6340
829
2548
1349
-952
4091
-6364
4119
-2598
-5384
-3051
9888
-474
-9859
-2855
-7025
6279
5623
7744
1110
3966
3602
4917
85
-4466
8933
-3278
3573
-9995
-9070
-1659
6825
8930
5254
-1285
-4571
6986
5260
219
6004
6323
1356
4749
3015
7707
5051
-1032
7731
1837
8681
-8965
4091
-9589
8114
529
8442
1381
-3546
9472
7484
4428
-9621
6766
2228
-1284
9617
8100
1366
-6348
6289
1921
7079
7592
-9861
-9068
5576
7526
-4724
637
8006
630
643
7881
2302
-400
6878
-6892
8481
8138
2478
-270
2627
7067
-5237
-2391
9740
-442
5340
8696
5070
-9074
-5369
2831
-6127
-7684
3242
1132
8899
3503
419
3457
-1922
-7700
-4544
-4011
-3563
4337
4390
9343
