-4201
-5694
-9512
-9233
-2922
2152
-5038
4477
251
1201
8659
-1155
5559
-5176
4557
5702
2399
388
5144
5698
1912
-5268
-9125
-2052
988
-4508
-2401
-4162
-7761
-6516
213
6399
8276
-7019
-3914
-7090
-9726
3147
631
-1724
7919
8764
-2527
9652
-2953
-5248
-6693
-5081
-7190
6103
-7203
5160
1268
-5202
-9839
6843
-846
-4954
-3983
5051
4452
-7765
-7988
21
3888
-7499
7506
5627
-8806
3537
7246
-2787
2290
-9384
3953
-6143
-4952
6121
3104
9763
9922
-586
-5852
-8197
6376
-9466
-5669
6858
8653
8638
-8114
8888
-915
5920
5469
-7664
-4623
-5751
-5679
7850
9826
549
3342
7349
-6671
-5235
-3040
-3034
3822
6186
-9596
3889
3817
-1691
2114
-5308
-432
3691
-7356
217
-2234
-3060
3674
7942
-4697
4704
-8455
3344
7118
5551
-1038
6192
-199
-5344
-5932
8136
-5847
2801
-9970
-7054
1226
-9715
1204
-5455
5379
5493
3422
4212
9110
-6486
-4194
-9013
-4940
-2432
6011
8067
-3413
-6416
2438
3126
9745
9181
-1259
4003
1601
-9420
5701
8393
6331
3049
9186
2801
7652
6435
-2604
-5379
7668
8241
-5848
5560
9187
-7864
760
-9824
6508
-6884
-4287
5686
-4750
3674
-5500
-5493
4264
-1645
-4274
-485
8938
6241
-3235
9383
2670
2617
-4148
-7419
7834
-9083
-9433
-1993
4225
1244
9661
-1271
-2073
-3672
-32
-1436
6077
3101
549
-489
-6132
-9080
1113
9935
182
-3241
-9917
-9488
-5572
-5036
2759
2298
8896
4161
2855
-9031
1707
-1862
7955
1542
7867
8397
4905
-3100
-8220
-9446
-5139
2795
-6688
8416
5463
4417
-6598
9622
-1126
-5567
6703
-3348
-1172
-4062
-6997
-743
-4873
3500
-2631
-3244
8416
3721
-1725
-5644
-488
-5352
-2443
715
4544
-5172
3643
8643
-776
117
8543
7251
-5592
-4014
9664
6849
-134
-7181
-4269
-3054
3790
2958
-8231
6687
6474
2635
3199
-5899
523
7181
-3292
-9292
-142
-4286
-7854
-5743
-8752
-6804
-1191
3950
3994
-6999
3468
6279
-5425
-6888
-5667
3661
-9712
3470
-4266
-3674
1052
8214
-6702
-6181
-2022
857
1013
1377
9913
9098
-528
-131
-6726
1630
8907
3462
3943
-2867
-6893
6697
-3632
7535
5556
2447
-4067
-6385
6398
889
3374
-579
-4875
5127
3958
-6382
7816
-2189
-8996
-8512
2664
-408
9580
-4450
1482
7130
-2684
-3939
-1890
-2720
8525
8057
2577
5173
-3910
-4005
-2375
1373
-825
3758
965
-6073
-6987
-4742
2216
6869
-4367
-5548
2624
-4044
2655
-6008
-2350
6297
-7353
-8636
-8669
1464
1909
-2606
-9547
-2657
-46
-8059
-4697
-9121
8296
-7148
5391
2041
4397
-2069
-9354
774
-8530
-177
-121
-9898
6519
-6228
7947
5021
2687
-9760
-7
3623
-1692
-9714
-109
-6809
6337
-8901
-6435
1864
-812
-5647
219
3293
6744
6227
7887
-7885
-7025
4806
-3644
-8503
-7834
8650
3874
498
-7898
-7626
-7198
-6124
-7355
5232
3635
1833
196
1861
5063
8372
-3450
-102
-8435
-5186
3457
-6168
-6711
-4609
6842
9438
-8119
2824
8855
-7644
3598
-6060
-1996
320
4788
-6799
3581
2892
5876
3062
6523
2327
1752
8566
-1031
-227
-5495
7896
-7136
5552
-1637
-6579
-7561
-6688
2340
1831
8029
-8186
6560
8162
-8674
-4644
-9903
-3464
-176
-3961
-2833
-7380
911
1554
3186
5642
1115
-6166
31
-4607
5413
1364
387
-8408
6348
-9069
-4953
-8881
-976
5263
-6497
-2806
3789
6018
-5777
-5199
3963
-5456
-685
1143
7854
-2743
-2576
-8325
-2491
6280
9536
-8329
-3162
-2132
8689
-283
-7573
9736
8621
8283
-9456
-9404
4197
-4759
2779
3340
-648
-6897
2782
7606
19
5187
-7394
-3584
331
7577
3478
-5180
-9174
-761
8739
-8812
-6242
5992
-2946
-6908
-1144
-9464
-954
1786
2265
5070
-2002
3962
-8576
4448
7513
-1999
3606
6119
-9410
-2788
4350
2778
4606
-4649
4932
1417
-5386
-9539
9527
2108
-1638
5875
8658
2802
-9528
9954
-7966
-3895
-7690
-9913
2374
-6505
-3436
8788
-601
-4504
-8848
5312
8330
8857
6411
-9963
-2472
5011
3487
-7572
7641
3472
7312
-5346
5707
-9589
8683
123
6085
4571
8447
4546
6287
-2515
-9905
4787
-5966
330
6981
-5943
-9259
9912
-2653
8399
-7536
-3476
6027
-449
-4481
-8894
1053
1020
4412
6274
-2067
-2789
-1264
9078
-9442
-8073
893
-7261
-843
2624
457
-9812
-6272
-9276
-5777
2203
-1348
1908
-887
4251
-1718
3201
-4300
-5638
-880
7949
5205
6595
5475
-4360
-501
-3508
-7402
-8153
-2006
-3913
-9891
6625
3811
-9597
-3077
-1401
9831
4716
-7214
9769
5207
-9366
-3412
-1283
1888
-7068
3181
2733
3115
3755
9039
757
5882
-6979
-3891
516
4000
56
9537
9714
148
-3175
8130
-2608
-6422
8508
9698
-1261
2891
-5036
-3183
7400
-2212
121
7700
1797
376
6463
-1785
7664
-7485
-9842
1553
3278
-3773
7210
4379
1568
-591
1938
4066
-2196
-3842
-513
-3902
780
898
-9607
-7332
1402
-2377
299
-4417
-1385
2899
672
3296
3338
-2093
-870
-7733
-892
2308
-4033
-1205
2054
5199
2875
-4498
-8568
2137
9529
-4702
4212
-1903
-1972
-229
1778
-3953
4091
5515
-8493
7287
-3863
-6739
3476
5947
2514
6593
1892
-2389
-5849
586
2694
-7556
-7776
8769
3483
6238
5453
-9990
-8279
6870
-4502
-2157
8820
-9183
-7419
-3973
-89
8999
7728
-2400
-1649
-4114
4478
-3182
5943
-9076
-5035
7060
-5761
-6584
1113
5425
4500
-3191
5250
-8764
-7357
6871
-5567
-9243
-3671
-9730
-7904
-9260
3906
-5093
-3547
8006
4474
4302
-9500
7232
-3280
6673
567
928
7124
-5781
-8748
-3092
2337
6157
-228
6664
-4278
-1168
-8926
-4091
2794
-163
-6985
-3428
6297
7748
-3912
5362
-7706
382
-8279
-5909
-9510
2923
6061
-9759
-4928
-5959
177
-1954
-7573
2603
-460
111
4393
9749
-6403
-8732
3108
1278
-2778
-2390
7024
-3149
-7811
8451
5208
4623
8937
3258
9787
-209
7167
7765
-8776
4777
-227
3343
-3309
-434
-3961
-9819
-3143
-8538
4994
-3723
7862
9194
4594
-5342
365
6486
3544
7217
-7728
-8442
3038
-5524
-4154
9995
-4400
-4940
911
4175
-2779
-9861
-1337
233
3137
-4218
-3116
-1795
-1195
167
-1038
78
6910
4131
-1214
5430
-6504
9544
1885
-8870
-5368
-251
-9014
3943
-6198
8429
2220
4952
926
-4343
3293
-4892
-9795
1396
8518
1976
7505
9848
2843
5745
-9115
5743
-8355
-7997
-598
5403
-4504
-306
-1317
2213
6174
-1729
5747
8779
-3491
7832
-5396
-5051
865
9337
9768
3422
-2743
2384
-1560
-3082
2426
5426
-8754
-1675
8351
5136
1265
-5129
-7177
-7020
469
1929
-8297
-5714
9421
8340
9804
6453
7632
5423
-1594
-9577
-234
8464
-3582
-7905
-2520
-6290
-558
-2615
-6448
4613
2451
459
9386
-3616
2282
9595
-8229
-457
5040
-8200
-6240
-2978
5080
3834
8215
-2196
-5193
-2341
-2356
-8179
6871
-5855
-2672
324
1800
-9433
-165
9161
-9205
-1005
-1974
1912
8448
4528
6816
5449
-7741
-1661
-3422
8328
4567
-2417
9665
-9887
-6719
6437
4543
-3926
-9987
5577
435
3300
-9738
8891
-4560
2039
-2061
8809
-6021
1972
-7673
-2341
5315
-5874
-1904
-8907
3441
2299
4170
-409
7800
-8100
-3081
9232
672
2901
5319
-8809
-4745
4782
7915
-467
-5473
-2264
5228
5039
4796
4960
-5383
-6465
-7116
-1712
8244
7930
6232
-7111
-8243
-2731
-2872
613
-1151
9782
6752
2351
4533
-5785
7868
8207
-6887
-5618
4926
5676
5625
-7054
-2337
-5256
-5622
18
-1240
6940
-5434
3618
-3881
-4802
-7474
-6157
5966
-4420
3223
-3320
2180
-7423
8625
-7490
-1517
6964
121
331
-5575
8747
-766
7093
-3827
7744
-8987
-6949
-9108
8338
5930
-4502
1854
25
-7637
7736
7929
-6904
4870
6057
5618
7829
2048
5293
-9526
7359
-3410
-1023
382
-2609
-5163
3320
4731
-7207
2508
-1686
3520
-7529
2557
-6717
-778
-2645
-5253
7376
-1057
7134
-707
1575
-2125
8822
2267
7188
-7135
4261
-5832
3142
-5093
3423
2697
869
9713
-280
9361
-7076
-6631
-7028
-8878
-2959
-8831
-5072
6325
3402
7758
-845
-3484
7165
8600
3930
-5712
-983
9752
-9476
219
9694
9214
-1091
3417
-7761
5470
7527
-4031
-8224
3819
-6172
3353
-1132
-7547
-1053
-1935
-3962
-1360
4647
-5387
-8161
7773
-244
2042
-683
-3019
-7757
363
-5758
-9756
-227
1875
8217
7570
2917
812
9721
23
-7944
-1772
-8496
8397
4663
6574
1149
5186
-9863
2038
-9783
-7856
-1883
4710
4078
-2199
-104
577
-8418
-1181
-6582
6680
-9918
1054
-9924
5401
3786
2769
-3036
-3112
6828
9851
2534
1721
-9805
-7966
-802
-685
-694
8480
3726
-3834
2526
149
7417
1353
-3016
8343
6192
-4959
4879
-4300
2234
-7379
6494
-5336
7530
8151
-1206
9402
-7954
2122
-3762
6774
492
-7785
8013
-9448
-339
4594
4388
-1909
9847
7346
-2548
5622
-6782
-5146
6788
-1243
-4536
-3767
1162
1812
7865
1866
776
7718
-6604
9149
-7590
-5136
4664
-945
9679
-3767
-4152
2797
2140
-6489
-9445
6093
-7156
-2994
-9162
9526
-5910
-4825
-4674
2981
-1360
-2672
-1892
-9151
-5074
-4350
-5195
-1626
9929
2955
-1634
-8119
-5818
7620
-2469
3281
-6128
3888
6574
-7776
-2809
4568
-2847
2815
9985
-1246
-9845
-7442
9788
-6489
4017
7780
-589
-3301
3361
-8298
-9757
5855
-9980
8277
363
-7815
-4005
-8503
3966
7416
-3712
4284
5943
1367
5919
-4360
7620
-4289
-9484
4607
-3730
-165
5844
4143
7065
7966
8969
-5191
7095
-7482
982
-7250
-7827
-8455
-5315
-9138
-6116
-7570
4058
122
-4162
9200
6205
-5928
-9832
376
9602
-4598
-9749
3461
4991
3936
-3023
4948
2349
9160
-8966
3065
-3353
-4270
9316
6855
6201
-215
6710
3489
-7283
5976
-4061
2633
251
-5324
5752
2124
6131
-5513
3796
8931
863
-4440
1293
7159
-6031
-9531
3784
-4488
6380
4545
144
-4403
-5223
-7585
2259
3385
6307
380
671
-9414
-179
1999
623
1072
-8448
-5345
-2800
1529
3426
-8051
-8409
-1010
2287
-2030
8992
-7659
2890
-8432
8030
-4736
-7259
1202
4636
2341
2877
6587
982
816
4910
-9839
-6874
-5389
8072
2766
-4598
1185
-588
-3116
1198
2249
4430
-8576
-3193
2558
145
530
7684
-2465
6147
1950
-1423
2682
-9831
-5573
1792
3458
-1553
-9958
9800
7894
-6830
4060
-6106
4884
-9447
53
-4189
-8432
2717
8240
-3865
-5982
-5952
-3143
-7109
-8242
-2654
3465
8481
-7557
3160
-1316
8956
-2233
-9817
-3733
-545
-6665
8081
2748
2426
2605
-6050
144
-6423
-6317
6485
507
-1018
-8970
1330
-9610
-3243
8678
-7233
1467
-6750
-8761
-5329
-9265
-1515
-7521
6442
7222
3556
5861
-5761
-1184
-4359
-816
1762
9082
-6384
6650
-5205
-3228
5489
-3568
-7631
-2818
-7728
-9803
5859
-8976
-5719
-2453
-9011
-1405
7516
-4102
5205
-8940
7963
-1541
-4374
-5916
2905
9720
7395
5212
7929
-2272
-295
4891
-2121
9816
-8039
-2336
-781
2925
-8371
9414
4263
9377
-341
9969
1484
5430
-6242
-9665
1553
9875
7492
-4594
6175
6578
-510
1137
-7623
-3097
7241
7997
3504
-2741
-122
5812
-2319
-2714
9545
1374
2609
-5787
-2955
-3236
8115
8988
908
1987
2143
3488
-6944
1029
6771
-5314
5564
-6893
-5833
-2941
563
6682
-7403
-1349
-4610
-3627
6842
3552
6903
-122
5385
5562
-672
-5311
1652
9852
2195
-5973
195
1849
5183
-1049
4835
9494
-7086
3654
585
-182
618
-9869
3131
4801
6501
2785
-6021
-7529
5753
-5694
-327
3342
9952
-6112
3500
-7025
-2443
2239
6361
-7471
-1298
-3507
472
338
950
-3522
5909
1476
-3059
-3477
-8345
3839
1953
-9041
1871
9656
6262
-7403
1109
-882
6674
9884
5331
7276
-5123
2666
-785
3990
6210
-8553
8839
-8149
6047
-3054
1195
-7469
4518
-7640
-7183
-5866
2474
-279
-4153
-8842
5280
-8465
6906
8076
9055
-6425
-3862
4503
-9904
-8205
8836
2424
-7827
203
6741
-6710
5857
-4990
1925
5679
5208
-3009
4856
145
-521
7062
4145
9677
6046
-444
8827
-8575
-3408
-5532
-2444
1201
5816
2676
-9159
3007
7379
4520
8607
4502
-7183
-4071
-9319
-4171
5349
-9831
9465
2284
-5742
-5735
-612
-4584
-2210
2704
-132
-5770
1186
8719
6195
1304
-2627
-4214
6094
8118
-1215
6680
-2171
-168
3240
7432
-7604
15
-3515
8982
-487
8101
-9007
-4389
5375
-7583
-3038
9941
5602
7590
461
1040
5129
-7388
2087
8248
3641
-1252
4158
9591
7654
4265
5919
-8382
7409
367
-414
9032
-2128
-4716
-5708
2710
9940
-4123
7275
828
-8738
6635
-9687
7900
609
-2463
-9856
-6310
-7954
8607
9222
-5535
7617
-8810
3560
9649
-8819
2391
-8542
3866
2489
-3909
-4656
-8597
-79
-5816
8908
3907
9617
7848
7083
-8054
8661
-7157
-8662
1708
7969
7476
5193
-161
-5544
-2154
-2936
344
8681
-4958
6156
-3219
5855
-1333
-3063
-5909
5529
6650
2765
8430
5090
-6348
7254
-3826
5840
600
-4217
-4297
823
1237
-2642
6186
-2423
3944
2821
-6516
-828
-7595
-61
7770
4860
1992
4783
8994
-996
974
8566
-6540
-7942
-1571
956
1326
3554
9281
3946
-30
-3428
3164
-8768
7130
-9060
-8104
6186
9394
-1831
-4305
-4696
8251
3297
384
-8706
3786
2106
2650
-7689
-8949
5536
-375
-9322
-883
791
-1751
-1685
-9403
8165
-5335
2076
8973
-1827
2527
-8810
6224
-5778
-2213
-6808
-1938
1646
-5461
2248
-8801
75
-8212
820
8645
-1698
18
-3371
3819
878
4878
-4564
-6217
-8039
9621
-6825
4833
8928
-8573
-2216
9586
3141
-1629
7874
2519
9054
-8552
-2425
7767
-9931
-3157
-8656
4775
6850
3795
6270
-519
286
5060
-5083
9449
-7402
9143
3064
349
4176
-7140
1036
4144
-1988
3787
9647
-2159
3880
820
17
-6180
-5800
7074
5043
-9078
8704
-524
-4044
-2932
7786
1875
785
-1816
-6157
2240
8402
9312
-6654
-4075
5324
4163
116
8263
310
-8562
-4510
3229
-1279
-6830
-5197
5950
1558
-5685
-4329
-7871
-7522
-2547
7754
6157
-3589
-4637
-8888
-4146
1712
4991
-4106
-2832
9493
2185
-3252
7849
-5528
-2117
-412
9480
4166
-7681
6317
-6523
-3628
-12
6505
7562
-3742
1258
756
2158
-5749
-9879
-676
-742
6553
-8762
-1023
6026
-5662
-6873
-7406
3526
903
3226
-344
2557
4931
-7503
3763
7626
-2507
9143
1559
11
4931
2532
-3219
-2125
-255
5169
-2232
-3551
-9208
4223
-7398
-5585
-2986
-625
418
-5133
-8646
-8644
3245
2633
-8167
-1975
1816
-2152
-8203
7868
4147
-8755
-5818
9044
8976
-1411
-6314
-9212
-6720
8627
-1233
-6247
-9754
8575
-3954
4623
-7296
6093
-2703
9099
3597
-7062
1246
-7993
176
5721
-198
9900
9934
7044
-8109
-567
-2370
-3251
3225
-3330
3740
1530
3722
-7457
9923
-3095
-8900
2202
-9104
-5060
1754
5323
-6939
8086
-7212
-8322
1956
-7833
8345
2258
-9749
-2595
-3919
-2912
7034
-5895
3842
269
-9304
3080
-1452
8485
9469
1271
7064
-1693
797
6124
2978
-7760
-4541
5562
-1164
9113
9153
2429
6664
4798
-8389
-2611
4026
1687
7010
-1815
3454
-535
-4240
899
-9190
-9917
-3701
-6570
-8245
-1142
2084
-48
-9676
7964
3504
-3257
-3598
4116
-4746
-9965
7149
-5905
5197
7073
-9403
-1307
8368
2962
-4533
-9508
-6512
-6356
-5245
657
-6768
-5242
9713
7101
1713
3298
5987
8279
7076
2552
3180
1133
-111
-6859
4997
-4044
-4286
4381
9950
658
6766
4996
-2596
-8570
-9443
8524
9369
6242
7624
-2306
4379
6447
843
-4176
482
-9812
-6186
3069
-1572
260
-2860
-1746
-8613
-3790
-6007
4631
-7680
-3837
7955
3441
-7638
1861
9632
-7044
-6343
-4635
4923
-3158
-3996
-2668
5528
-9713
6844
1518
-7876
5624
-1889
3145
3599
-6142
5135
9092
-6474
1209
7119
-8522
-1384
2085
7824
5729
-4719
8255
-5998
7498
6409
3506
-6061
3839
-8434
-1966
6097
-9806
9505
5195
-4654
4025
5144
-8991
7921
8341
-9157
-6466
8103
6232
-6287
-1316
-38
-7137
7974
-8526
70
-3864
-3195
4773
9668
-627
8994
-5092
-9278
-320
-9804
-1501
-724
-7043
-950
576
-1980
396
-2290
-6709
-3618
8222
9561
-9694
9378
4535
-4120
8914
8000
2402
-6252
6232
2886
1049
8180
-4970
6924
-4130
-4241
-7736
4387
6089
6344
-8685
-214
-9371
-9589
-266
1056
-328
4219
5993
-8786
-1578
9476
-8411
-800
-5638
-2181
-7602
-415
-1590
5957
-1007
6978
5042
2793
-899
3219
267
-3434
4956
-7925
-1080
-4027
-5006
-1312
-9609
2189
-9082
2574
-4157
5710
-9292
-3598
1543
-5156
2222
2646
5070
5776
-4844
7317
6686
-6530
-8885
-1511
7601
-930
-9580
-549
-3607
5879
-148
5691
-6455
6436
-9251
5793
-8957
5810
2111
9256
201
2173
-2422
-6831
9667
1153
8231
-4688
-8148
5838
2657
2399
-1458
-1235
8463
6434
-313
2063
4762
-5323
-6048
2139
-6346
8810
-9745
-397
-7354
3160
8413
8353
-5592
4821
5573
-2212
-1526
-64
3624
1849
-8456
-6523
-4968
6366
-4542
9169
4295
-1674
-29
2740
6798
1062
4786
2807
-3721
7583
-3317
7796
-7756
919
-4370
-4229
6384
7699
-5250
5231
8245
-4481
3746
29
3761
-3384
3054
306
6998
562
-7821
352
-7043
-9905
1824
2560
-696
-1429
6798
7882
-2733
2506
4937
-8284
947
7069
9348
-4318
-6133
-6042
-1108
-1583
4467
-7261
3144
-4440
-5856
-1382
525
410
-622
5524
-6310
-8396
1174
9953
585
-6304
1786
-4240
3091
5619
-28
-1
-400
8048
9582
7343
-4623
-9789
-3424
-7693
5473
8097
3983
3083
9870
8196
4522
7163
-6291
-2655
9761
-4128
3834
-7387
-530
5993
-2663
-4743
9789
-8053
7593
657
5898
5937
-6950
-5771
-7540
-5807
-7365
-5220
2408
1432
1424
-7742
-3960
6836
-3101
2140
-3393
492
8440
-3754
-5913
2470
1438
-1516
-2869
2606
5971
-1930
8557
-4438
2237
-2918
-951
-1929
-7628
4621
449
1316
-162
2085
475
7408
5543
589
7813
2322
-9135
9048
-9787
9464
7596
2294
-8712
5638
-5025
94
4083
-3821
2808
7792
-3443
-538
-1004
5042
-4703
7165
7110
3109
5419
-6671
-3057
8607
7070
3522
5002
9077
738
7362
-5660
4404
-926
484
-9067
-8941
9344
-2246
6614
8031
-5661
1470
689
4834
7321
9148
-5853
4661
-7648
-7407
-5267
-158
452
-5515
-4336
-9672
2695
-8789
2289
8755
8870
402
-607
-4909
2075
7345
-669
-724
8321
-4234
8101
6736
-6971
-927
-8925
-2616
7236
-7697
1481
-7096
8180
9759
-9907
-4416
-970
8033
-5397
-2425
-4615
-2652
-3869
-4081
-6114
-9460
8639
9251
-3141
-3799
-6959
-8636
-5632
4485
5698
9361
5126
-5097
-286
1001
-3037
4554
-1799
-3665
-4177
-5059
-527
5410
5609
-3128
-3409
-203
-1178
6210
3952
5925
3885
6298
-2378
554
-2380
8109
9199
3544
6461
-2301
2158
1788
-3993
863
9887
-4575
-474
2767
-6586
7562
8027
2422
103
6903
-199
-1157
-5236
8175
-8001
8225
4411
7851
-7509
-6754
-8478
-9955
-8799
-2572
8104
3156
-4782
-6269
-4908
-5882
6171
6725
9003
-9210
-1420
-4711
5875
-881
-3144
-1585
-8425
4813
1979
4600
-7550
-3506
-1871
3103
-2677
280
-4088
-4374
-3681
3492
-2388
1890
6684
-9377
1896
-1737
-5870
-8184
4232
-6568
-9261
-4210
-7398
-4294
-964
-995
-1315
-7736
-871
6825
5869
-4450
7093
-4459
-7370
-796
-7074
5866
7391
3547
3072
1186
-4871
7220
-3602
-280
-4048
-4798
-7127
8870
6715
9598
-1979
9845
6602
7565
-6741
9056
-8435
-1033
-8947
-7225
9431
-1497
-1136
8573
-7615
-9735
-1806
-6926
-3528
-8557
-4881
2242
5769
7516
5924
4861
8209
1306
-8755
5023
-2300
-5310
2546
4328
-3922
1872
-8969
-5515
-1361
3618
7429
4953
-737
-9720
6393
3077
-1449
282
-820
-2606
177
-3795
1321
-9472
1473
-36
-389
1071
1853
4809
9157
-5786
4853
5045
8555
-792
-3963
-4183
9745
-4669
4884
-9227
-7576
-5188
4259
9797
-6758
6414
-2482
3532
-7442
-4160
-5688
6073
-6611
2545
3719
-7159
3668
-9798
6510
5933
-6528
-3834
-1752
-599
-7028
8916
8014
-1919
307
-8530
6914
8
5513
-2680
3028
-7861
1054
-513
9795
3757
-7759
4420
-5479
9589
2811
636
-8402
-1704
1433
8816
-6102
-9349
1700
-4588
6504
5568
2902
-7553
-8939
-4446
2679
8993
-4681
240
-2758
-1229
4890
394
-327
-3925
-1579
7428
8188
9523
-5378
-6563
-1189
-9112
-6400
-5936
5345
2069
1567
8493
2976
-9275
2394
-4128
4921
-7419
-552
-2580
-9044
9610
8315
-571
-3442
-9296
4367
-2592
-7329
-4348
-6837
-394
8758
-8523
-6863
7317
2055
6587
6526
-6260
-3783
9335
9829
7378
-5639
182
-4530
-5250
2251
-9140
943
4132
4700
-6422
3971
-2523
7371
6312
8130
6851
-4757
-2885
1964
-4400
-3730
-2064
-1872
4341
4334
-3903
9603
3042
-8975
-4732
-1522
4225
5776
6444
5306
-5236
-6802
6653
390
-5966
1845
5707
-5371
2
-399
-3766
-2072
1336
3691
-496
-3875
-9640
-1421
-8281
-2839
-7846
2821
42
4167
-3196
-3218
406
-3175
6328
-6365
3112
-1598
-5820
-1825
6926
-2784
-649
7652
-4918
2458
-140
2744
-3823
-95
2780
-7564
8539
5596
-9871
-6084
-1888
-9319
9008
-1414
-4492
-9726
5560
5241
5189
-7498
-6237
939
-7155
9089
6003
6551
5742
-7290
1314
1911
-5753
-8781
-452
-7417
9295
-5201
-9070
8318
2696
-4227
-3488
672
5193
-8849
3605
8863
2788
-5411
-4984
426
5869
-1259
-6098
-2867
6439
-3767
-4186
-8034
5299
530
-168
1070
-8191
6552
-8346
1449
6362
1945
-8619
-6297
-3518
-2851
8890
-2377
-8618
3553
-4179
3586
3333
5392
2461
1859
-2236
4390
1873
3217
-7923
-5928
3457
6012
-6794
6665
7444
4195
922
374
4283
426
-9742
-9383
2822
-1443
-5788
9572
-9131
5108
8313
7168
2937
3650
749
-7266
-6954
3827
5129
7036
5615
1153
-6764
-2033
-9132
-1738
-5081
7774
-1837
7297
9766
1277
5776
-745
8573
3769
-5791
1964
7365
9095
-2434
-4699
2527
-5423
-6339
-309
-9002
-7623
-525
4512
906
-1792
-1206
-2630
2042
-2882
1835
6229
249
9073
613
3488
3073
9832
2450
6601
-4579
-5059
8748
1163
-9348
-9016
-8632
7685
7167
-1952
-1481
9502
518
-2282
-6118
1352
-8579
-570
6772
-1761
574
-1053
4381
-2801
-5538
4787
1552
-805
340
-7203
-4004
1830
3055
-3428
7051
3212
-7275
3574
4604
1774
7614
-8785
4342
1989
172
-3455
9961
-7733
1655
8259
9048
9018
-5792
609
-972
-221
9135
9655
-9035
-3120
-1523
624
1387
3097
3788
8514
5279
-3627
9117
-6015
-3298
6723
-1779
9266
152
-4919
6466
-3061
-4903
-674
5187
-713
9462
432
4282
3571
-9071
-8706
5507
-2988
-3033
4839
4044
7456
-9712
-7321
8334
-6885
-1874
7434
-3058
-6832
-1268
-8834
-4692
6851
-3859
-8533
3377
-7645
8881
-5145
986
-922
-5417
4803
-1004
1823
9903
-2438
-6353
-5436
-7707
617
1679
-7451
-498
6759
-4564
2026
-5465
-1011
-5503
-9195
6344
1482
-2096
-5017
-2474
-2838
9552
4742
2553
-9488
7184
3710
-4606
7474
-3778
2170
-1271
8148
3926
-1202
6908
6500
9037
-2867
651
-845
6157
3352
9482
-1289
-3676
3048
-9045
960
7333
434
-9407
-6782
-8162
4497
-1678
-9889
-3823
272
-5197
-237
-9778
-2219
-4261
-2141
4589
3217
1788
6282
-9120
9592
9248
1918
4114
-3272
-1351
8206
-3242
-8584
-6811
3272
5634
2708
6806
-4675
-6270
4670
9177
-149
5242
-6163
-928
4527
6114
-6022
861
4698
9716
-2677
2353
-6017
202
-5948
3561
2831
-8425
-5856
-564
151
398
4520
5966
-4654
5421
4402
1610
-1214
8851
-6861
8284
2870
4861
-7287
5840
6368
-302
9323
-3151
-4673
4586
-3797
-7349
-6621
-4975
-489
-7839
4736
-8947
4464
-501
-586
4530
-6936
-9341
-9009
-7626
5663
-5713
-2409
5299
9324
6741
-3735
6953
7406
-5661
5558
-8688
-9135
-4632
-755
4294
5692
-1229
4633
-8430
-5943
-4125
-4216
-7575
-7040
8989
7364
1029
4620
3437
6692
2006
5619
-267
-9722
-1906
-153
4742
1382
-717
8393
-7726
-9869
-9031
-9131
413
978
-6318
8159
8621
-9810
-1206
-7946
-3136
-9615
6293
1598
5336
-2780
-953
-3120
-1145
5891
3006
9067
4719
3553
6993
-5986
2937
-1955
3227
-8278
142
7211
-7549
-5816
-8626
-5950
-4887
-1765
-70
-4533
-8697
5619
188
-3174
7574
9673
2906
-6808
1679
-3167
8227
6656
9521
6137
-6310
7630
7410
9136
-5226
9306
-6373
3812
9857
-703
-3131
4864
3227
-1934
-8874
-5878
6030
-6435
-2312
388
-6797
-3868
-8293
-3074
5645
8578
-7864
6623
-4873
-2408
-2916
-4551
-2480
2605
5680
-4799
5140
7077
7261
1199
2325
5442
1077
-4491
-8374
-7983
8982
7047
1155
-695
-7917
6997
-5673
3035
3701
-2324
-3636
6592
7141
5434
-7837
-6939
-2103
1006
-4646
9768
5406
7008
-3275
2759
-990
-9380
-10
3538
-4792
-3396
5094
4485
-4443
3888
8770
-1881
882
-8159
-2812
-6629
9925
-5692
8262
-481
-2779
9579
5071
-5697
2399
-308
4228
7532
-7193
2047
8476
110
1138
3291
-6896
-2232
-9574
5327
1220
4282
-5602
-5440
4381
-7313
-5582
5858
6540
7368
-8754
9795
9869
3258
801
-3189
-7942
6099
-2454
1097
5089
-8532
-2941
8218
3918
-5530
966
3799
4274
9863
-314
7602
5065
7704
9140
-9148
-9342
-8019
-4557
7202
1693
2914
-6660
-461
-9855
879
-6296
-3039
-1859
3384
1535
-6234
4673
-1973
8288
2305
8504
3243
-3332
-4594
-889
-9583
-5409
-9935
2174
6229
7500
-4552
-2635
-9816
-7570
-8307
7947
-8248
9134
-7844
-3990
727
-1851
-1658
1383
34
-4658
2672
-6910
-939
-5979
9644
-9879
4482
9060
999
3868
-358
-3808
5927
-6361
-9699
8922
6221
-806
8262
-4814
6955
3479
-8406
-1678
-8072
4252
161
-1170
-2650
-1149
1979
-7410
-7604
-7493
711
2621
9035
-8546
4349
-3545
2335
-7635
-184
6734
-7903
-7369
1813
9751
-2997
-5885
4711
3715
4445
9734
-2537
2957
3785
-3265
330
-8006
5164
-2990
-4410
1667
-1806
334
3761
1546
1451
-6377
9767
-8670
-3880
2934
-7671
-9417
4652
-7254
8552
-5067
-8900
-7919
-9497
-128
-7943
2404
-346
-3489
-7374
-4238
-5989
9083
-9680
-1037
-9622
4006
3129
8705
-307
-541
-7944
-4676
-6087
6445
418
4637
8672
2420
-9436
-9933
7547
6206
5986
-4609
-938
-835
-9198
-7648
-5184
-8983
-7761
8708
-9900
4859
2979
5309
-666
9288
-1698
-2381
1830
1073
-959
5997
5506
-2133
-5264
568
-7248
457
-7941
8313
9639
1693
-7983
4198
9051
8909
7774
-2028
-1817
928
3198
-6632
2979
-853
3074
-2314
-20
-9503
7032
3145
-8655
-3222
-6656
3299
-1956
7857
-4434
-1295
6340
4039
-4301
-5964
5943
-3036
8970
232
8530
776
-7965
8528
-6889
2144
-2554
-4916
-5015
8371
-213
-3987
-1361
-6122
-6645
-2240
5693
2750
5819
-6944
7753
3215
9219
8157
2807
1399
8063
8524
-7394
9440
6252
-6762
-1969
-8313
9031
-5547
6649
8802
3110
-2528
8200
6256
-2612
-8260
1274
566
3661
7847
-913
5307
9651
1864
-2352
8426
2691
8630
1396
2314
2766
1818
-7015
-5071
6946
-1486
-910
2796
7407
-3003
-5004
6406
6503
2857
9347
3108
130
-6038
-281
-7336
4276
-4252
9343
-4851
-2390
5773
-8065
-9955
7932
6557
982
5573
4277
4200
3047
-893
-4930
-1836
8923
3725
-7173
-39
6730
-912
-1471
-7714
-5885
-698
-6632
-4585
-902
-1688
-1414
-3673
-3079
2938
5849
3105
-129
1220
-5863
5594
4844
-2783
3598
-9954
873
8805
-8258
-8492
9421
4845
-2419
1598
-1676
-5365
-3781
8896
-3049
1351
-2898
-6654
4609
8053
-5037
-3084
-7302
-6614
5913
6588
3710
3733
-4879
-5858
1005
-1382
-4741
4959
7079
-2506
2258
-897
444
855
9681
-4652
3009
-7491
-6073
4910
8801
-5653
2448
-4338
-4377
1245
2555
-3914
-7447
8560
-482
9408
-3752
2041
-966
481
-817
7436
-2931
-6377
2712
4153
-9357
7551
7065
-9506
-8710
5039
5242
-1307
3084
6227
4053
7175
-2110
3840
775
7333
1014
-851
9167
-6551
4831
-7422
7799
4451
3162
4800
-9181
-7150
-9831
2753
3646
5816
-5540
6810
106
2026
8051
-6610
-1676
8727
5733
10000
5812
3541
7932
-3055
8578
-1728
2351
-8293
-9353
-7694
8593
-4351
-4876
5026
-8262
9182
-3349
5465
7661
-9164
1557
5259
-2599
893
7780
4500
-6320
6712
6681
6695
3071
-3900
-7648
-6068
340
8603
3102
-5975
6039
-4424
-9218
2107
5940
8214
-6315
7062
-5900
-9963
8189
4264
5953
7669
-7251
4493
8137
-8519
-4265
-4185
-2319
-9868
-8591
5639
3158
802
-6351
108
-3621
3881
-1546
42
1606
3179
-2173
257
-6753
-1196
-2738
2686
-5122
-2535
6782
-3874
5572
7106
6492
-8021
-7808
9436
-2201
-6166
-9596
-6348
5783
4657
-2520
-350
-4207
8819
-3720
-5015
-8672
-2179
3222
3647
-1462
-7972
-7464
-861
-4781
-3313
-4579
-6460
-6403
-8121
-6951
4325
8182
-1513
-4907
4576
-3357
2700
1096
6088
2162
-7723
-844
-7844
8163
-2472
4469
-4818
-9965
-9422
6667
-8987
386
7972
6046
-454
847
7720
764
5906
-5491
-9253
9491
-6742
-869
-7844
3606
-5398
4908
-7859
4783
-8210
6280
-5941
-6465
8979
-5000
8590
451
3864
3318
-1163
-6219
3284
-4799
4172
95
-2381
-5859
1861
5351
2946
7030
-8137
1316
5929
8131
-8943
-783
6060
-149
-5430
-9407
7578
-7544
-8820
-1610
-7743
338
-4164
-6892
7113
-7959
8543
2183
2485
4837
477
-5233
-6018
5444
-3818
-8311
2465
-3102
3886
-4687
-1451
-1733
2986
-7716
-9483
-1102
-6539
7287
-720
-2230
8933
9101
-9948
-2707
-2040
-5089
-9917
-3783
8548
-943
1012
-5025
-8695
-3992
-8266
6356
6137
-3164
-6214
8621
-3964
9690
-3241
8495
-6563
4029
-6110
821
6832
9632
-2766
5214
-4116
-8516
2008
5516
-8849
4243
-1749
2621
4526
-2894
641
2137
-1830
4624
-4442
1783
-7368
1210
-7057
-3719
-9311
-8832
6919
-7743
415
1994
-8943
-4925
-2183
882
-5917
-3470
-3517
1308
1831
2620
2350
7904
-9523
-2733
1037
-5562
-1523
-6493
-5715
4907
-9135
3875
9741
-7214
4053
5873
7741
719
1009
7709
2885
-8377
1792
6724
8268
-1946
7071
131
3318
1893
-46
-9744
6742
7168
-5322
-3304
-5329
-389
7574
6219
9945
539
835
7421
9418
3540
4813
-7241
-5887
3010
1107
1860
8145
-8785
6540
5163
-1724
4266
216
-6173
-9201
-9941
2466
-8307
7403
577
-1424
1391
-3946
2282
2680
1766
-802
2471
5122
5837
-7894
-4415
1327
3341
-9640
-7658
6541
5614
4922
3986
-96
8780
-4974
3883
-4713
5448
-824
1548
6188
-5876
-1497
4594
-2082
6687
-2579
239
1982
683
68
1296
3728
-6287
724
5867
-9591
5178
321
-5816
-9601
-5545
8569
3545
-8512
775
8846
8775
-882
2663
6350
-1093
-1473
-3729
4212
3999
-6510
8531
3462
3966
3992
-8855
-5569
-3091
-3942
6795
-3849
5270
-6548
-1911
7163
6703
3635
8285
-3603
6453
-8270
1216
-5379
9481
-2640
-7964
-1410
-9617
-1188
-5861
-8213
-3930
-2651
-6489
1218
1332
6060
4118
6565
1661
-3961
8876
-3978
-6126
4517
6625
2634
-7935
-1664
-2462
-1661
-3586
-1182
4062
7024
-5443
-6616
-8265
7277
-47
5886
1310
-7225
8851
-2091
-4907
5182
2507
4475
-2061
-3059
1625
-5787
7325
-8962
2118
-4884
3862
9620
-910
9970
9539
1002
-3964
-7292
1525
-952
-9695
-88
-5212
130
4526
-9444
-6446
6373
-3283
-3232
7759
-1178
-8981
5878
-8512
-8638
9861
4368
-7259
-4283
8230
-3169
335
-5312
1182
8084
9630
3098
-8256
-4322
2667
-1323
6036
-3699
5035
6072
-3224
8866
2040
6628
-4387
-7593
4599
9877
-5894
4119
8214
5464
-9461
-1779
4769
8162
6871
-4090
1623
6479
-3220
-9296
-1317
4670
-7066
5627
-8670
2207
1914
7888
-5263
1934
360
-4340
-9429
-8747
2137
-52
-3642
-6921
7705
1090
4606
1450
-5189
-5754
610
6811
9570
-6260
1740
8074
-7438
7751
-1183
-6378
-212
-1088
-2335
1113
8478
3462
-6132
-7831
6546
-9698
5635
8180
3296
-2729
-4620
351
-8777
5960
4976
