8367
4682
6327
1078
9467
5402
9840
5649
3366
8894
6819
6413
4528
469
6257
1590
5435
6440
8544
2765
7136
3217
7339
1602
5873
822
5779
8093
2498
4136
3825
5737
73
2936
8981
6405
84
9490
5610
1623
7832
628
2177
573
1863
8654
6526
4671
3892
1937
6589
9032
8120
6726
3649
1253
1149
8171
839
4483
6537
6259
8336
3665
9967
7163
6085
7428
3511
181
681
6342
1600
1688
361
4496
1376
4288
16
5826
7864
5053
5258
8914
6977
9952
5257
1922
3254
2542
4133
7409
8459
3339
1708
9751
105
8038
2231
3509
7763
2648
9811
6361
5361
7547
9195
3612
3025
7200
9373
7751
6164
8362
3650
5531
939
7405
9509
9988
4153
941
8100
8125
251
1111
8623
8657
6906
998
6241
3395
2232
9181
8603
3401
8653
7582
4618
4070
4300
5892
40
338
5029
1482
9258
1697
8071
6533
6497
3578
645
8494
1641
3400
644
497
5740
5606
7790
5258
397
6290
9047
8129
5979
287
1790
1008
8983
241
4721
6904
8978
5423
5108
9400
4851
4323
3407
7638
895
1068
8932
1445
3159
7118
5851
3788
9643
574
4000
4188
6357
838
2262
1568
5435
4788
1743
2899
9157
211
4528
1563
600
5896
9899
9235
8030
47
5505
4766
3537
869
1828
1265
9187
9210
2197
9077
3220
696
7966
5471
2160
1339
6908
6730
9829
2686
230
5681
7262
4487
7459
5543
5439
3994
2292
1323
5065
4181
209
5826
2431
6215
5921
8000
864
9143
187
8076
770
9810
7827
8077
8109
9960
1627
3997
8342
6063
2261
920
3421
56
4896
1204
8004
3660
8983
6385
3411
7891
5986
7883
6759
3580
3312
7624
9995
8996
4092
6225
8249
8050
3904
3596
3213
8140
905
9550
7055
7408
4409
9279
7779
898
3634
4230
5751
5303
2380
9011
1795
1316
6351
2703
8400
3776
1793
256
8436
9288
5771
8306
8865
6115
4420
6857
8454
931
1365
453
1414
5656
2517
2187
7437
4216
4641
2229
469
2746
3868
7094
6545
9866
6381
7938
8810
6321
9604
5760
2051
7177
4640
5379
2005
3390
8510
9136
7687
9143
2426
401
7186
7495
323
3900
6436
4077
3435
8792
3954
1156
5091
4088
2436
4910
4013
9887
724
5216
3707
9564
8969
2966
3896
861
5410
3846
5128
6612
938
298
7416
4278
6076
8759
7661
4340
6274
6814
8390
9649
1226
5890
2679
4983
2619
2661
1470
7448
9467
170
3960
7380
7915
2756
5752
1111
1145
9931
5591
1813
5553
6049
4637
7716
467
9805
7533
1994
329
8246
4727
3096
5275
2066
3311
3902
6090
5863
6485
316
8130
3568
1540
3795
5805
3220
9
2069
3111
3711
3431
776
8358
6399
2830
3170
4675
3566
9436
9325
4664
2635
9775
943
9432
9577
7176
9156
543
5234
6102
1682
7729
4480
961
4681
4842
9478
7895
7174
984
7535
1069
9322
5014
2284
1560
4177
594
6601
7010
5944
7141
26
3268
8206
2409
3030
529
4217
5293
2179
2197
4452
4152
2419
6584
4635
5984
5382
9488
3317
7879
8637
6610
831
1310
1415
288
254
1001
6055
2884
8499
9596
4531
7622
8755
8218
9975
694
3783
7701
2100
9655
7028
3628
5889
1345
9516
3470
789
280
6806
7524
7044
8091
6380
6031
6727
6028
1772
2239
7316
7543
6076
9705
9286
4618
6864
6796
1037
56
8894
689
3914
9795
1289
7500
4978
9117
6040
1376
8964
5247
8758
9603
5231
7385
2640
944
4655
8696
5146
4872
4358
5508
9510
1284
7641
651
8850
7416
9055
4893
3787
8985
6734
377
2007
416
9895
4466
4920
8707
9007
6605
8726
8001
4388
8786
6805
3153
4429
9121
7327
1277
6240
3526
9773
3222
6853
3732
6271
827
4124
2010
8482
1239
9964
1177
6754
7468
8078
3090
6269
4894
4697
2994
5163
1775
4013
5031
2425
1105
9469
670
8367
6029
925
735
2331
1268
2781
4202
4518
8776
3475
1755
9440
8364
3837
8835
2414
7408
5000
8536
5022
3504
1818
579
3388
6556
8058
5348
2268
7676
9414
1724
8818
776
9669
6454
3025
6693
6517
3631
1326
6299
437
310
5651
5093
8591
9413
4606
126
2109
1162
38
3829
7122
4753
8433
9975
9517
20
5296
939
705
7606
6038
8465
9226
3847
1341
6177
7479
1476
3036
8080
7222
7578
4483
3021
831
7655
7759
2808
9221
3315
3946
5371
7484
1277
7248
1107
4200
1345
7914
3606
2590
2492
8797
4240
2684
1090
7560
450
984
9326
2004
6872
1510
9526
8818
7156
6919
380
8360
743
8070
9450
4448
2939
2082
7898
242
4397
8778
6977
2975
3604
3210
6077
9426
4189
7720
1664
5817
8219
4586
4209
4369
3870
7655
8216
9744
9899
2031
9948
2806
4494
910
8586
8944
6030
6096
8254
3944
9655
528
5873
529
750
6633
47
4526
9263
2139
900
7564
3895
890
1401
6760
4002
7947
6388
6614
7089
869
5898
7743
6210
180
2967
5016
1869
9071
2568
9324
1761
6680
6726
2417
718
6866
8478
8037
7162
1538
4297
399
79
7233
4136
8535
912
7635
5717
1840
57
8797
1548
9509
6926
5338
3852
1267
4276
7593
5415
6246
6617
8137
1849
3178
8658
6764
7505
5434
1059
4567
5120
4550
9919
3840
9364
8540
3007
9204
2469
9789
4189
4056
1508
5189
6981
7939
5489
4322
9711
4012
6207
5616
8890
750
2424
6991
5216
2184
888
6319
4456
6735
9333
5584
6081
5184
1123
5377
2003
8329
5730
3043
9460
7292
484
4859
2957
7324
6489
9304
1898
1487
7608
6869
552
9558
4051
5765
4102
9593
3749
9959
2639
8252
2401
5078
4959
9899
2958
5883
5818
6819
9817
9960
101
652
9493
3104
9191
4628
589
7583
6139
2762
8619
6879
3301
2601
4808
9521
8048
7930
7967
7403
4026
4149
8580
5006
2126
2605
7329
1175
7757
7306
7846
4295
5946
2426
9193
1801
9138
439
3126
2053
7728
1050
4211
2300
3925
625
4447
716
1609
8234
2987
3927
4046
7417
740
1694
1825
7870
8390
2634
9245
1982
1054
3410
7619
6235
9482
9412
5506
1101
8353
5458
3866
9561
3023
325
7073
7563
6145
1746
4677
6044
1974
4458
8917
483
6593
1466
3195
8690
1461
2361
6465
3015
8179
7919
4336
7029
7917
9918
9672
2783
6318
2848
8335
10
7913
3692
9032
9766
8181
7169
1074
994
1764
2891
5582
840
6730
5172
7875
5170
9987
3869
9237
8011
482
5490
5378
842
7057
3162
9173
4453
417
1313
4484
5132
3547
8674
3702
166
3976
9530
3835
887
2064
4391
3866
637
9967
8140
8957
8855
5074
2816
1386
8443
5364
8102
7742
1847
3074
9081
3695
2072
4710
2633
6788
5391
3500
6365
244
35
8460
2134
296
9950
2294
5972
7508
8131
8404
1277
9855
7380
5366
2742
7088
8013
1098
6544
139
7868
647
2048
9178
5952
7665
8563
8037
3481
3216
5303
4238
9243
3160
5333
9448
6343
9705
5307
7181
4387
4712
7928
1889
9340
8286
9780
6531
4083
6251
7948
7742
5912
948
7453
4579
5644
5734
618
8677
3011
8789
7874
5335
8344
1251
8737
7096
8159
1379
1022
7342
2197
6223
9708
1714
9671
4504
4819
5404
7469
3833
3576
5928
3758
5100
2479
1592
1174
7571
9421
1622
9252
1038
5648
9307
6382
8219
2633
2170
5464
3633
6429
542
3689
6661
9385
6421
7563
9107
8468
9670
293
5929
4623
859
3476
8974
5386
4003
3042
4481
4790
3212
3211
5552
3204
5042
2500
7626
7907
1669
8538
9661
5611
4509
3230
5315
8875
5566
4701
8098
2156
1111
3994
3755
4439
4155
4301
2876
160
4611
6288
2017
9596
8774
6045
7114
5853
2564
8590
3042
8130
6728
4270
5320
9976
9892
8302
6321
3812
2455
8098
6882
8171
7301
9935
8042
6340
8593
661
5104
3422
2971
7913
5328
723
5673
5883
4471
1582
7235
1430
4019
8129
4972
9410
6489
2513
8613
5793
8331
4331
5586
577
3412
9058
7636
6706
8244
4414
9119
8180
1373
5682
506
441
6068
9751
3880
4683
4313
2666
6399
9179
7957
2008
7460
2238
4444
5766
1497
935
774
9013
778
9598
512
1984
2224
5118
4190
3650
5694
2044
249
2948
2221
6927
6127
5221
4020
8629
5668
2186
9140
4308
5864
7183
2645
3200
6431
4032
5304
3628
5690
88
5935
8548
8312
5595
8815
280
5265
6667
1497
5741
9590
196
6320
6006
1102
9119
4132
2342
2589
5492
1780
9199
9768
9910
5983
6646
2287
666
165
1935
1685
8149
1315
7579
1739
8524
7162
7698
7413
2524
4535
1748
4961
2972
8181
345
6384
5436
4440
2441
6566
4048
2292
8163
2757
3603
9717
4025
8092
1940
9892
9162
3871
3978
2334
8581
2003
7776
4353
2692
315
2714
8485
4535
3173
6490
8325
4358
3599
5446
8171
2602
1336
6929
7981
5889
9904
1134
8390
4612
1754
3185
7379
2501
5586
5746
2421
2848
6616
1963
880
6751
1958
403
4982
2658
6911
6873
9424
7044
8317
7866
252
3672
4680
9535
5000
6101
9169
5619
1857
7785
5863
3070
2506
3320
9628
9781
731
2825
2068
6479
6237
6062
2487
3698
5680
8269
6378
8089
5658
4395
4553
5365
1148
2298
9398
7769
8231
487
9799
9507
4506
7874
7843
8821
4819
5643
8705
9075
57
5879
2234
7302
9669
8149
7268
440
967
8483
62
631
1031
4562
9816
562
1617
1983
1955
670
9855
5538
6550
5411
1273
5806
2072
2581
9037
730
8779
7274
621
6678
3810
9548
5346
5969
3844
7844
1831
9387
9353
5712
8674
9044
9795
2014
625
8267
1983
9700
1309
1861
2910
9767
751
5034
953
8220
2923
5558
4211
8607
5242
6670
2826
1197
8224
4165
909
2640
7480
4261
8186
4629
9711
1726
7847
1581
7825
1750
7086
2418
7293
3051
4067
7987
8831
8890
6165
5707
8682
571
866
3775
4962
3793
1093
9874
2892
5008
7680
372
8913
3805
5892
8166
9118
3134
4667
5937
3358
5073
6761
5055
9844
4664
8272
4760
1746
2594
8648
4328
2099
5066
2741
5026
7626
3417
19
8118
2478
2208
9167
9630
8945
8707
2077
6029
8581
9779
5848
1897
3521
3479
3091
6702
9017
6740
6580
4270
6272
9209
5487
4161
5893
5051
503
7961
7757
9599
6679
777
5878
9807
9845
3608
356
518
1748
6852
1492
2187
4628
2106
4186
3463
4047
1156
6941
1522
6444
7616
9368
2309
8138
3496
4301
3413
8120
4491
2030
1168
5190
9033
7917
7779
838
2008
5649
8390
2115
9733
1324
1473
9894
2016
2441
5734
1878
4756
8551
60
1496
9111
1937
1676
8008
2829
1054
6053
4184
7826
5234
145
6969
8650
2712
7102
2236
2523
4693
1474
7941
2240
9213
2829
1852
5713
5781
4007
3416
2222
2753
4656
5420
5479
1611
6387
8343
2871
2977
9402
8538
1025
3466
1980
7030
1893
2353
9447
5781
4977
722
798
4339
5732
3038
4289
7599
9300
9113
5185
9843
5876
6335
5527
4675
1728
9344
8083
3548
8486
6019
2617
9950
1067
9127
6304
4993
9503
3775
7806
3337
5159
7842
1832
6934
9983
571
1907
177
5736
3700
8129
7342
8150
5851
5858
2658
6001
2759
3367
7958
5745
9753
9486
682
7132
5437
6951
5724
8879
6038
8089
1111
5646
3893
5124
6999
7999
7696
1538
7257
5307
4207
9377
2231
9592
7093
5372
2021
9328
6071
7668
6015
7637
7656
6503
346
5277
2532
8697
7030
2293
4798
2574
4168
7669
7881
3930
6413
3456
67
2389
9623
9960
4886
8890
4152
6939
6484
8835
3208
3004
654
6459
3932
1577
8597
7129
9435
270
6694
6244
6771
6931
7330
3953
8307
7441
7460
3268
1629
3564
1690
3691
1511
9722
7362
671
1666
3568
3471
8929
7822
4158
3589
203
4632
8759
7521
4059
2996
4981
2855
4928
2397
9036
9259
7860
7149
9463
5037
5052
7456
9089
3505
4486
8457
9807
5057
5945
3535
9963
9608
6986
3642
6488
5570
5432
2015
5822
4224
1506
512
172
3235
4174
2135
3212
3256
4433
9936
6749
1911
1173
9518
5953
8255
901
5868
1232
1517
3030
8781
6885
9688
4604
8014
3953
3128
6039
2090
1695
9175
8281
863
6410
104
2910
8885
1043
5869
1422
3551
6123
3345
9149
4171
9486
6231
4510
6982
3865
4780
1703
9322
1255
4734
9477
8827
98
6763
8595
2885
332
4705
7219
1179
9019
4498
4453
691
4404
310
3423
5001
8624
4326
7792
20
1682
6300
9052
2113
1685
8056
6760
6833
6235
6626
1756
4006
6862
5105
5303
3447
1771
931
9566
533
3769
6289
7799
1033
6504
5866
4859
873
3097
5276
6437
233
7314
9629
399
793
5991
2762
9224
7460
1811
9945
1208
7939
5055
8449
2586
1434
313
4610
1302
8370
6387
3814
7612
2072
6926
3358
2139
2387
9862
15
3287
195
9063
2256
4430
6082
3487
3919
2422
7617
668
7735
2007
364
4333
6509
9913
876
976
5714
5359
3504
1225
904
6250
8691
9210
6883
8838
6344
8445
911
9128
5506
522
6121
9166
4297
2404
6683
4969
235
8877
9539
6429
2068
1394
5788
2997
4346
2212
365
5349
3472
2771
5360
531
2120
318
1904
8443
4975
995
9512
7961
5402
9721
3529
5995
7207
8788
6788
8572
786
2568
6105
5705
9324
8500
337
163
3033
6638
3405
8227
2017
6756
3257
6727
2151
8359
2118
6112
5562
9551
6098
2553
2434
5754
6398
1979
2327
6562
8412
2490
7427
5110
3300
2807
3004
9090
9859
4193
9764
9036
9521
8184
2330
3754
3689
1321
6070
8899
1643
3204
1893
5697
2523
5599
8054
270
7554
1800
4730
5354
1241
4969
8841
4907
9818
7212
7543
6975
9681
5960
1670
9349
7844
9166
1700
2011
343
9670
7934
5410
4213
1654
3858
9825
6228
2234
5307
1686
5181
2545
8962
4054
6548
7410
68
652
4888
6198
6554
9572
5013
4014
406
2176
1736
1374
6456
664
3562
175
10000
2943
1083
8406
2017
7386
171
6410
8448
2497
8036
1609
7210
6596
8318
2331
2191
9184
2400
1306
636
8760
9304
9671
2922
4685
8506
9824
9709
2895
1449
9605
2062
464
8378
9665
4376
3882
1922
4081
5087
5386
999
4229
3895
1764
2107
6121
6169
7932
9846
9480
9689
6626
3591
365
9808
9422
2331
3429
354
7117
4309
7721
7029
8242
36
6511
9313
377
5437
9670
7146
573
1102
9023
8204
9406
2479
1090
9941
2214
9670
3964
2948
7556
929
6711
8702
1143
7511
5974
5937
1348
6688
5352
8181
5090
4870
1929
4736
3982
3402
7619
9949
4024
7926
8482
9566
9010
669
4365
1997
8423
1265
6977
9764
4795
4217
7239
8121
9414
7755
3680
1307
2931
9148
7014
3478
5948
821
4803
5380
2108
4524
9837
4588
490
974
755
6409
9608
9180
8285
7558
2261
3709
7150
131
7832
4370
8853
6253
9940
4852
1894
3289
6611
9586
2008
7563
2044
7269
4952
9260
6989
109
3042
2947
2690
5619
6121
5781
3615
2140
9182
7067
1956
9927
2106
6098
6848
7800
2021
2970
277
4551
8619
120
1465
933
4447
3992
7778
4295
8399
8067
8482
6860
2265
1518
7281
3969
5271
3204
241
8972
5436
7044
8276
3250
4326
2365
8777
4544
76
3175
3369
9981
8228
3454
1352
4231
2541
1805
2783
8131
3866
8729
9173
3131
6917
9633
4767
6865
7842
2713
4749
3729
5286
9813
7082
36
969
6748
5614
5333
1045
6973
8400
1101
2716
1832
4625
3856
3680
2149
5837
7487
5291
7170
5345
4754
7414
9223
7169
1661
458
1975
7575
4440
3198
9185
1304
8717
9418
5522
9142
4055
7558
6944
1860
2350
2406
576
3924
4086
9561
6755
6522
3897
7095
1445
6227
3723
8527
8614
3477
6959
343
2916
7205
6656
4136
9050
535
6315
4021
7326
3370
3643
2695
106
5663
6104
8422
997
4624
4943
2505
4534
3144
8231
8891
3284
821
264
8870
649
2682
6400
6199
8499
4664
4149
9050
8526
7163
9330
8479
1889
9719
2858
982
2287
4193
5030
7525
5339
4162
6996
4678
8975
4785
2914
8129
9493
5505
7370
3763
8779
9662
8508
7481
4122
4030
2402
9048
9041
4737
4054
9504
3037
9501
2884
3799
4290
6386
4313
8008
6527
3511
2132
8227
9263
9552
9758
1266
6886
7391
9162
1748
2470
7906
8216
6583
9705
7328
9262
4036
7629
9545
4549
3136
2197
8276
1869
2224
6257
3829
8368
6495
439
2846
4853
4834
2449
8708
8618
3682
3957
2020
8311
5379
3235
8778
335
8303
8413
30
7416
4621
3224
3922
3840
5980
9767
6586
8073
2642
6240
6970
2123
3073
7819
4612
2492
1599
9342
311
3705
3297
5978
1335
4913
2966
2044
9922
7014
8097
5010
5855
5665
4218
5869
9472
5102
3954
4848
7798
193
8024
7608
3268
6569
6721
8414
2259
6246
2858
7075
4814
4188
1769
3130
9737
4607
1743
263
8940
514
4093
7696
5859
7493
4366
1228
3342
8972
6502
5091
3669
7734
7629
9267
5080
431
9426
812
3163
1785
4621
4620
5557
3384
9963
5101
9854
715
6060
9052
8288
6058
7932
7283
4104
1210
6063
1342
8750
372
3637
6995
219
575
4021
8475
1837
3179
6134
7140
7644
2019
585
1092
4437
1009
1933
2860
5080
5371
2066
5716
3592
4006
1640
3513
5233
9492
3143
273
285
9182
862
6298
8379
8214
1922
9186
1995
2637
9289
8366
4164
7137
8666
3546
4076
2628
7218
922
446
7586
7029
9136
6953
8024
6028
1542
2121
1969
9927
1473
2849
1214
3901
6242
3243
4110
1155
2588
6081
1401
916
5889
3821
2276
4795
913
4265
9926
8577
4471
8025
9127
8801
702
6204
579
6684
5714
7984
7257
8843
2857
5913
7589
2563
5566
4098
7121
3183
6801
544
7179
4454
4899
1577
6890
4649
5852
5491
557
3575
1551
5654
1836
8461
4904
2883
401
2796
5430
1444
6348
9862
3369
8908
1429
4304
6719
9668
8418
5821
7756
5894
3838
8670
5942
5650
6396
4115
3147
769
8920
9320
9160
4163
2509
4125
5553
2706
5911
550
3903
9304
1100
5873
944
3420
8264
3818
202
3468
1231
4221
7880
4793
3523
5199
6768
7402
8859
5323
469
3023
2659
858
925
6005
42
2416
2314
4963
6636
8337
1700
9870
2967
8377
1737
9096
1357
3071
2569
2333
3854
8237
1595
739
1419
4999
4060
8207
1700
4819
5123
9689
3441
2923
1156
3053
2602
9931
7018
2955
2101
2526
1066
49
5206
8835
7035
1199
8913
5671
4416
7880
2051
5549
173
4150
7984
1088
2989
2758
7304
4454
578
3698
8236
763
8760
3870
5645
6079
644
5618
6614
1107
2336
345
6444
6266
442
4094
7847
5247
1360
7532
3595
855
2079
6864
9969
3109
3681
2074
8435
1750
2314
7539
3402
4723
2229
2105
7989
8311
2100
7056
3191
6608
7266
2450
4279
9487
1541
2868
8681
3663
1880
4273
6049
6752
5890
7064
3283
8561
8133
7964
5672
9003
1810
6993
446
6214
4849
5706
2509
7729
1969
1569
9674
3921
9824
9512
9478
9105
44
6577
9885
7242
4951
2764
7050
2684
8745
5222
7077
1294
1864
3782
5670
409
8576
1922
7783
1269
9521
4681
2065
7106
1704
9696
556
7447
4843
867
8586
1674
5136
7049
3549
1506
9106
5096
9967
5246
726
7250
492
5116
4140
3534
9196
4142
5826
4079
6964
6593
4917
4647
7679
7478
6423
8395
2027
8286
3830
7157
6331
6692
5392
4948
240
540
1654
7584
188
152
8667
490
4283
9731
6574
6793
2733
6954
1650
3993
4930
5257
3055
3953
5817
7433
1420
9123
1410
6557
7134
5509
4886
8083
3847
399
2681
373
6116
9850
454
515
4489
6108
2379
4004
8950
7131
4114
1158
6606
8072
2147
6122
9350
9943
4674
9010
617
8738
4632
109
1306
4330
7198
8518
7418
1858
6627
8310
9415
8157
3455
4338
8389
9565
4245
2248
1749
8167
8346
5412
9101
3389
1464
7943
7246
2688
1201
539
4652
1177
7410
9116
897
5194
4643
2771
8090
5099
1777
5147
7487
4976
4303
8701
5954
7025
819
9349
9639
7650
8531
9944
3126
9041
3298
6970
8154
4483
7129
4726
1283
1050
6858
7352
6352
526
7061
4054
43
5536
6605
4827
9033
3608
8987
4960
7839
8210
5500
2112
1248
8551
8533
564
3911
2301
5288
8234
7035
4271
6158
35
3508
9424
4184
8000
3344
168
4426
3100
975
3768
5143
170
5217
4262
1544
5933
270
7395
8521
753
7350
6796
2655
4219
4345
8344
5459
367
1022
9984
867
1697
6570
6329
4392
2269
5367
2729
3168
3218
3097
5586
8609
2801
9366
6025
7763
6149
312
481
2290
9287
4580
9838
1925
235
7439
5416
9267
2006
8622
9754
7739
6357
2816
1551
3448
602
7796
8134
8487
3567
4007
9346
5540
3151
4077
3952
6196
1862
5491
4838
1019
1343
3822
953
4938
3811
4739
2397
4083
5085
8789
8146
928
5227
8700
9797
8715
1471
2227
3851
4556
9903
6884
4462
4156
5705
1762
8017
6723
6769
2366
8381
6408
8730
2963
4708
6336
6759
188
1074
9187
3549
2736
2160
1418
6456
461
5034
872
5716
9555
7061
3439
1612
7523
4056
5457
692
2787
7750
5218
8776
4942
5411
2501
3307
5901
5789
6171
6606
5675
7603
4694
7258
5286
8689
1114
182
2228
222
5840
8199
5896
3892
2135
9140
4248
9313
3306
2269
3706
9573
2929
7921
8001
1682
5661
1742
878
4993
5427
2326
8369
1013
6186
8720
8655
2563
6336
4099
8494
7223
723
5806
3012
895
8747
9647
14
3490
8036
6834
3530
7400
7758
4932
125
4120
4949
3169
2672
4536
2495
1017
9950
436
2877
2827
8033
618
2151
8188
6341
5074
2899
2788
7275
4412
3677
6669
6487
8685
7378
4459
5075
1468
4296
2163
7764
4549
2611
8050
9785
6351
6295
2517
3588
4208
5190
2119
213
4953
5596
6820
6926
7413
7816
62
669
2049
2871
2686
8445
4376
1011
4965
4461
3337
2001
5583
9725
2959
4353
7250
2692
8437
7023
7618
1630
1379
5413
7270
5092
2093
3591
7554
9479
1524
8172
6650
7320
5716
7919
4085
3927
8825
8898
4829
5848
3695
7000
2406
9621
5802
6710
782
4954
9299
2316
501
4805
9283
2062
2258
8010
4293
7549
1738
215
9171
4910
3080
1610
231
3249
3436
8821
8213
8527
7469
9398
9546
9837
5493
4050
5767
8279
2655
7662
5995
5741
3739
5769
7036
9167
8859
9465
8518
2468
978
5942
9557
8488
2745
5732
5964
7554
6450
9598
5378
1780
4504
2141
6992
8412
5991
191
4740
8933
4204
1043
6296
641
3689
9722
5607
3705
5471
644
5692
327
4707
7429
320
4592
5396
5774
4327
1387
2839
7344
5112
9344
9127
9652
9068
3871
319
8566
6800
5110
3682
4240
6684
348
4952
5446
378
1299
1796
2007
3362
2996
658
9115
372
5530
3273
7641
6895
6081
9125
1585
120
7427
5036
1112
1648
141
3848
166
3839
9007
8983
1263
7804
6190
6726
2600
2203
5361
7039
2947
3554
5845
1572
8153
7828
9832
2847
9301
6768
8391
8063
4226
8733
4172
8711
7342
7406
1238
2039
7401
3462
836
3620
3902
346
2378
6267
7606
2187
899
9993
5531
1141
9939
8261
1211
9597
3985
4021
7548
3729
6018
1046
8265
9833
2118
5290
5386
5711
627
8602
8858
5557
3517
9373
4794
6306
6958
9083
466
8956
5150
8356
5134
4252
7474
3409
3159
570
1672
9106
6495
8355
7032
5823
6089
9367
2313
5155
1593
7490
5452
351
3696
7835
6219
8732
1104
4766
8559
430
1321
8942
7364
5653
2999
8658
9345
900
