64
87
18
96
40
11
50
46
68
26
67
98
75
90
99
91
49
84
96
88
49
41
74
52
100
94
4
63
5
40
78
34
66
4
39
12
49
71
72
15
92
33
72
27
31
8
39
95
1
9
30
40
80
99
84
34
16
86
62
36
51
95
5
42
14
68
96
18
65
82
16
49
44
83
98
29
55
76
61
53
21
67
50
81
25
40
54
59
63
87
65
80
37
3
83
95
31
60
65
28
53
39
2
67
66
69
55
3
43
45
74
54
66
21
57
69
29
100
15
49
95
87
56
87
58
70
48
40
50
87
84
12
60
12
8
68
30
21
60
43
15
41
44
61
80
100
88
7
6
41
99
62
3
86
75
80
2
11
80
26
46
16
11
14
25
96
41
21
31
51
80
17
65
32
15
99
57
92
56
47
83
29
27
36
64
39
30
52
74
33
10
27
87
60
21
61
13
92
10
24
52
76
29
95
12
4
24
86
16
54
91
5
20
88
20
63
95
47
33
27
58
24
6
9
26
23
1
14
40
99
95
100
20
57
89
98
48
97
90
93
10
5
80
31
45
29
50
47
50
70
7
99
95
83
49
94
17
8
97
35
92
55
13
60
60
98
83
51
82
35
91
88
55
67
15
24
99
92
87
54
94
11
84
14
37
92
50
55
5
37
90
97
86
87
4
88
63
76
38
16
67
15
58
65
90
46
86
29
28
38
26
55
58
18
61
49
11
92
53
12
90
88
64
55
3
39
71
29
100
2
91
14
66
17
70
70
28
73
82
77
33
85
60
86
72
46
39
14
46
86
53
54
2
93
59
29
93
56
27
5
78
10
37
17
44
66
89
99
57
98
85
56
2
33
40
48
46
68
18
94
56
19
85
57
97
20
33
55
91
5
60
84
21
13
61
87
27
13
55
83
99
99
23
70
16
100
59
64
76
35
9
12
31
41
58
97
8
98
59
5
86
39
90
12
3
13
7
47
17
10
79
83
67
2
76
76
20
89
23
68
75
90
25
58
67
44
12
1
44
92
82
8
28
24
88
63
18
75
93
14
60
58
16
18
7
33
22
20
81
45
58
15
25
79
97
29
76
7
41
96
57
24
41
94
83
94
19
11
9
47
5
36
37
95
8
91
96
83
92
75
31
49
40
34
31
75
8
77
27
82
94
43
22
71
79
90
52
81
33
100
41
32
71
57
17
36
54
91
65
93
3
13
81
26
69
57
69
79
3
94
29
93
23
3
99
39
44
50
44
58
93
62
18
18
58
97
15
5
96
32
18
38
36
97
80
36
74
39
68
77
86
67
40
64
46
30
87
59
90
73
9
12
13
25
52
48
30
100
98
43
42
52
11
70
35
84
88
26
88
28
65
75
56
81
30
85
1
49
63
71
94
69
71
67
5
20
84
49
28
26
28
24
22
55
36
70
29
2
19
35
70
66
47
48
67
93
56
54
49
43
15
51
47
91
91
63
45
77
44
55
4
46
14
92
14
8
82
84
79
81
79
72
10
25
22
9
51
90
50
19
68
45
45
61
17
81
92
72
2
89
31
19
66
98
44
66
88
60
98
32
83
99
15
19
85
54
65
75
90
37
50
60
30
52
42
11
8
8
74
55
6
13
32
69
14
48
88
52
64
67
34
57
78
79
57
31
74
72
57
49
5
11
73
19
25
14
80
53
63
95
50
50
45
12
61
13
18
37
81
45
64
32
19
79
23
37
72
1
60
76
100
60
14
32
58
6
14
75
11
96
66
42
60
2
65
57
38
33
27
66
64
51
73
24
53
10
52
26
6
4
19
5
21
42
25
44
41
92
91
94
29
7
68
30
29
45
79
45
76
62
13
66
4
100
70
57
25
77
97
44
38
74
61
87
10
24
69
82
21
3
4
22
50
51
32
10
77
76
10
41
35
56
68
37
15
84
58
19
75
15
58
84
4
38
85
59
61
54
29
30
16
99
97
3
73
53
95
51
19
81
8
7
96
40
49
70
29
85
23
28
18
81
12
91
15
91
18
36
66
94
33
2
73
85
14
4
6
15
52
19
94
74
89
98
98
14
52
38
21
97
97
12
73
81
40
32
57
71
73
74
73
73
25
77
5
65
84
90
70
78
5
79
45
43
41
68
76
82
27
100
53
22
17
31
62
7
37
2
13
5
75
85
30
39
22
96
49
53
23
56
73
39
39
78
68
73
78
62
71
53
14
46
45
89
4
57
98
11
19
8
58
93
24
77
83
58
28
5
41
21
54
43
61
57
88
94
70
2
72
82
79
23
2
16
87
10
74
68
47
99
71
72
37
71
17
43
72
30
99
44
100
30
63
72
7
80
16
34
79
97
62
87
40
30
56
92
11
7
60
30
50
67
90
35
39
98
29
99
1
100
18
48
11
71
29
21
1
10
31
9
80
37
29
7
75
19
29
99
26
32
94
97
56
92
48
22
89
41
4
14
54
57
23
95
29
63
13
22
65
68
39
36
65
84
28
66
14
63
44
56
50
22
96
93
77
63
14
55
67
55
25
45
2
29
51
51
10
89
25
66
23
29
91
67
63
91
87
7
84
89
19
54
92
3
38
19
27
30
20
84
78
76
7
31
49
51
60
20
14
97
6
38
78
86
43
54
56
52
16
52
94
40
65
46
88
97
33
27
45
84
65
63
11
96
77
3
78
77
57
9
40
78
18
5
35
26
31
75
33
63
29
49
59
93
70
99
61
99
80
78
46
16
81
78
89
85
64
15
84
61
92
95
36
55
83
85
74
85
42
6
77
81
51
58
38
41
99
7
10
42
8
85
25
31
57
64
8
14
93
44
19
53
62
34
33
94
84
51
37
96
82
40
41
26
62
28
96
8
56
13
90
9
20
45
88
66
70
48
79
58
36
97
62
49
99
64
11
4
98
14
5
50
38
75
8
69
92
22
4
35
14
91
32
75
66
91
26
59
75
84
60
99
22
67
1
66
79
41
50
6
75
49
60
16
67
68
3
43
15
55
14
33
11
98
65
52
85
40
99
75
11
56
20
84
3
45
38
14
12
13
15
78
30
75
15
66
20
58
95
59
65
43
51
75
55
78
64
36
91
30
78
66
37
98
50
36
39
54
94
63
39
29
82
