6888
9555
1684
3557
5722
7104
3816
2440
8984
6009
2468
850
4530
4211
8634
3145
3211
8356
6940
8348
880
64
3368
865
7901
2229
6185
2674
7520
7962
6452
7180
1114
3744
8705
5710
8376
5697
8442
1380
9379
2017
1461
4800
6120
2208
5799
993
2992
7893
8119
2808
7485
3019
9790
8927
1309
7018
7188
6271
7435
8400
355
2446
2265
596
6033
8392
6472
8210
6211
5087
3861
3799
1225
9357
3313
9186
7364
7605
9086
7159
8625
8567
4876
3901
5320
8395
5612
506
3437
9601
9438
6512
8421
9786
607
6500
4394
8135
6017
5582
4121
2260
7204
91
6707
394
1434
5713
2789
6875
9481
3439
1728
4500
7970
9915
571
8895
10000
6661
3334
1614
4268
7158
5773
1054
1194
2735
5054
4541
4810
5422
2934
7382
8775
9852
9803
111
4259
5727
1089
5686
9300
1972
5370
5247
1149
7922
281
2230
8569
8548
3176
1052
6077
6108
8859
6195
5516
294
6818
1920
1420
3139
4172
6578
8446
6229
424
8215
2131
3761
9796
1971
4851
6373
7931
9370
9292
4226
9189
1868
2834
6746
5202
5668
7013
1765
9350
8927
6427
8273
4151
6753
6498
9386
9263
7847
6370
1594
5715
6120
8530
9775
9193
1982
2667
3056
5623
4198
9579
35
6962
312
7022
1576
6377
6173
588
7222
3312
284
2952
8919
4384
3659
7958
8643
1515
6110
1052
7182
9616
377
9501
1753
5091
498
1094
5265
5015
7175
9081
8924
2839
8399
8171
7072
8058
2631
4141
2708
9507
3642
4297
7885
3338
7894
6445
3585
3196
6879
7799
1137
3973
6117
1504
7608
6850
354
8581
9349
9762
8830
6345
6832
5783
7451
5092
9446
1993
7640
2407
7922
8272
3604
5737
6218
7586
1682
9861
9780
8525
5665
9152
9124
3458
2000
1829
3614
7323
1665
1781
5247
341
119
4841
7445
3149
563
5969
5568
8434
6670
3412
1364
1208
6890
5723
1542
7173
1546
4439
1118
9931
8106
1481
3326
4502
9725
1784
7235
7046
3183
5904
6445
4794
7824
8132
5458
8483
1860
8975
8572
4392
7687
4712
296
2494
369
4006
2347
8740
8233
2193
7103
1379
3791
1722
7644
6899
4544
4221
1738
5338
3555
9070
2512
1064
5282
7032
3525
7878
517
3263
7171
9494
8416
4882
1772
1793
3082
1466
3549
575
8228
2357
1276
261
9700
1592
305
3192
4777
1563
3596
7506
2963
1385
835
3628
7953
6553
7062
1949
4913
3034
2714
2233
4471
5569
7028
592
8281
3650
135
6477
5717
3306
3648
1190
3845
1455
3496
178
2775
9556
8309
3166
2881
810
771
7688
5043
4416
5684
9468
168
6524
54
3223
7220
8236
678
1581
5829
4225
2839
9537
7286
4177
9780
9182
9884
4156
8325
7734
6773
1475
9650
7240
3419
1225
6613
9162
1834
4158
2858
402
7064
1327
7242
2598
3318
6989
4832
532
8228
1682
2979
3721
2099
7371
6375
8170
2586
5750
7710
1997
1194
317
6006
5719
1418
2840
1939
8484
6530
4227
9997
7353
1063
2834
5863
4487
9861
663
1443
7627
3783
4115
5719
9812
9286
5099
7058
8567
3059
6668
8540
5216
3669
6911
8239
8724
256
6554
8490
1762
5100
3879
6330
9487
7412
374
8910
5088
4078
2117
8215
438
5228
4158
3965
2374
4374
3614
9126
9988
8936
7314
4797
5377
6169
6166
8154
5155
5970
8919
6797
7562
5248
1151
7416
9058
1735
1696
8429
7763
2141
9479
5055
728
8567
5122
6387
6692
711
7107
925
5748
1288
2799
8829
5689
8239
245
9779
9294
9401
5522
7202
3621
9123
587
244
987
368
7794
674
3486
6858
4709
9978
1405
4520
5433
6465
3002
3286
1988
2074
904
3774
7968
248
6945
4294
551
2490
8276
8401
6523
5575
1519
6942
1391
1655
5601
3688
6856
5870
8255
2243
7539
5440
7365
1358
780
9830
1990
9189
5730
4133
2743
772
1950
3614
8844
720
1521
827
254
9758
2123
182
9613
4976
9675
82
3416
1177
1576
8146
4784
2118
6669
7213
5958
6708
3718
1901
2828
3250
5913
1234
6235
9210
5508
2888
3277
4621
7498
6802
2548
7886
4832
7490
4541
2771
7723
9136
6318
348
2656
6638
8152
9950
9354
3882
9051
8317
4176
5453
7498
3910
2379
420
1832
5225
6405
5059
7485
4233
1153
3602
7526
4435
5495
9073
1904
3415
9136
1500
2626
4839
3929
7373
1353
9638
9774
2026
5563
3660
6648
613
5015
5318
5211
7065
1395
2668
5856
7168
3472
6692
5321
7106
4812
6293
7741
8940
2156
8902
6540
4425
3292
3240
8060
2208
8833
197
7592
3532
7570
7190
6510
3290
65
2775
9830
7476
1534
8477
1964
6842
8304
8902
3067
687
9772
6951
146
9531
4386
2245
386
2048
3140
526
7157
4798
7603
3894
2283
2846
6481
1491
150
1101
4605
7208
2920
6179
4278
1927
8365
6324
7825
1013
7485
2155
5032
74
4393
4029
5707
1688
3275
4580
1373
5353
7146
1640
5131
9578
7298
9493
946
5048
1539
5226
7938
6728
7295
7986
1499
2050
4687
398
3197
1911
6749
5702
9623
440
8123
8635
6811
4532
3970
741
5043
815
4315
1086
4495
7707
9749
6992
4091
29
9179
518
1504
9169
9491
6598
2950
3658
4271
4721
1753
2983
5323
9448
1813
9893
7737
3254
9741
6689
7369
8669
2194
1285
2524
4590
5502
9457
4440
9914
7858
1220
2580
2942
9694
4033
4911
4008
1993
3687
125
5383
4025
909
1695
1271
311
8788
6371
1181
1933
4228
7806
8553
7982
9926
1190
5262
6147
1996
2258
96
5986
6962
540
7675
4820
6940
6692
168
4703
2155
6431
3975
5762
2205
9080
7691
9659
707
3898
6846
3334
7970
4533
9206
3753
7156
9668
1976
217
9739
4176
45
4426
1148
7992
2902
4604
2056
1988
8058
2477
9055
4507
9493
9721
7195
9045
1930
8258
7800
9459
8940
5650
8514
9218
3458
1107
4347
1970
1493
3271
7902
9893
2986
9744
4451
7742
2227
1539
2999
293
9983
3357
1987
6456
2702
9494
9551
5665
7344
9960
3195
9787
2141
4671
139
7827
1451
5821
6158
8634
3199
950
4627
7430
9995
5628
7846
136
1743
3563
9762
8051
2690
2813
2068
2289
6501
5990
3273
2295
4990
2293
8873
3206
2758
2730
8539
3008
1949
4295
88
3783
6724
2571
1186
8359
4269
1182
3622
8181
9971
6722
6635
9172
8495
6303
3183
5343
6470
6138
2423
9800
2962
3822
8164
8109
629
31
6817
1012
5669
9259
5473
7480
4871
5424
214
6088
1878
5765
3465
9595
403
3075
5789
6824
5684
519
7681
7499
494
8302
7769
8333
4768
1530
8662
4462
1283
8872
5934
7210
2157
6178
3772
1150
7611
9383
6485
8136
5784
5798
8130
6540
3988
1154
1160
1323
8920
5505
978
1047
1016
2485
7396
2218
8856
3106
8467
8890
6833
9516
9201
6232
1810
533
1308
2856
3920
9992
1614
9129
1424
3595
1509
1158
8618
3833
6358
6305
5504
5263
4883
4964
1732
6008
8615
1889
4259
6146
4042
5776
2795
2295
8891
1510
6059
9233
1125
2356
7710
7321
9229
6814
3606
920
5660
8599
4001
9756
1219
4502
6267
2234
9364
7768
5476
675
8933
7671
4612
4380
2292
4803
9179
552
7263
6960
5997
9045
8624
7906
6356
5040
9185
6027
7966
7575
8798
9790
6064
7993
5598
394
7983
1665
8919
4257
1592
528
8878
4157
4318
4739
9320
7406
7532
1379
7611
7434
5971
2724
9982
3964
6033
8544
184
8885
321
76
1629
2029
719
9307
5380
7725
1620
4817
4450
6657
4905
9581
5034
1750
1679
1165
2181
622
2006
3332
2069
2975
3304
2224
3959
8270
2337
500
8668
1427
633
9533
2931
4529
7379
6347
469
9921
6849
1281
7543
9721
5110
7183
7717
7399
7505
2347
8505
7775
4245
3371
3188
8808
7987
2712
3483
9221
543
5663
25
781
9196
9653
7960
3491
7169
6361
1547
3655
8471
7156
1330
925
2513
2798
9608
6152
6019
7917
3792
4220
2257
7138
5682
514
6669
6523
6902
5842
1135
8083
5380
7459
5451
3465
5513
9192
3221
9783
9999
2928
3350
1108
1690
6928
8210
2747
5945
9099
3913
3304
5590
1566
4830
6454
7974
3575
5260
3045
4318
4292
8362
7512
291
2275
7643
9143
2389
5532
1575
9807
4198
2379
9865
453
4082
6431
5595
7549
5823
3532
1858
834
3592
4209
4378
3357
988
9645
67
2197
4318
2005
5421
2487
3055
3657
8939
6199
6663
2265
8596
8110
9488
532
8441
2693
7247
7703
9650
6340
5583
4300
3099
1358
8653
5470
9813
2589
6420
4064
7746
3340
608
1072
6399
1424
9700
286
6751
8159
8939
6559
5261
6714
4139
3906
5694
3535
4484
5806
6821
331
1489
8555
9394
6395
8156
6630
128
4745
9099
8387
7017
130
3340
4869
7117
4939
5583
530
783
6097
4745
9989
1896
6371
9214
8857
3542
3393
4274
2611
5754
7061
6284
49
5679
1048
279
4010
9264
7955
9516
1833
3362
7467
815
581
8568
5478
5393
2574
2332
1389
531
896
9353
9243
4624
9592
6614
3720
471
2128
1786
637
9966
5277
7050
517
6231
6264
265
2969
2860
6853
7409
7940
8399
6798
4106
3661
7201
513
3278
1910
757
7181
1564
9472
6636
8993
9986
848
7479
5137
1962
8505
955
6372
4607
8144
4557
3438
7473
6961
5315
628
1978
6364
5285
368
3234
3210
6559
7024
6841
693
6257
3433
6467
1043
9693
2387
452
6114
872
4616
6678
6802
1166
1165
4674
6036
7496
6256
9667
5954
7711
6226
8249
52
9788
368
9988
7408
2078
6290
5997
5664
77
4869
4721
8474
1851
1110
7091
6887
1985
4652
9282
4245
1243
648
5054
4356
9151
1961
7941
488
7355
9049
4346
2112
7799
6658
8181
2234
2778
4560
8481
3044
1824
6040
8436
8433
3942
3379
8428
4013
9206
2942
4359
183
3984
9963
9589
8922
6361
8161
6796
1992
7682
4707
7813
8628
1863
26
5577
9603
5053
7890
9534
9734
7401
5647
4883
249
1507
4689
1455
6223
967
5108
6112
4678
7986
1193
8347
9569
4136
8840
5801
9005
7716
5229
3693
6226
7297
6294
2725
4582
2573
7589
8440
4278
8040
1232
2543
5846
7075
6526
7981
9309
29
5620
3802
2749
6184
7837
7961
7942
899
409
7633
7696
7528
4280
3901
4363
4731
1553
137
6132
1373
6780
6783
8859
8637
9019
9836
3087
5879
2308
7588
9026
4129
6554
4432
2418
2675
9107
5036
8299
1673
7699
2418
4993
4153
9634
9549
6827
2612
4122
7787
6224
6841
8126
9264
6247
2038
2707
5198
6791
7523
4611
654
4940
2403
924
9909
4492
9482
7005
1770
5995
6490
5980
2324
1747
7340
5324
2694
3850
5066
8569
9928
875
2015
6819
7452
3550
1837
1713
8429
3109
4932
4699
7754
1359
6003
9244
1394
8029
1853
4588
7599
3703
9682
5979
32
7481
5889
1466
9888
3518
7445
4569
4118
7621
3971
3413
191
6172
6872
7910
2101
3855
2617
7263
4805
8207
3574
2884
6565
8793
4616
163
5423
4437
1711
7681
8226
7657
4390
5465
3218
9139
8458
7385
8283
3092
1521
5783
2717
7549
3251
2952
994
9209
9188
775
2718
1145
3129
5616
5607
760
469
4066
7632
4092
6895
8856
1816
9580
6475
5495
7601
5820
8820
5518
6613
8484
9628
4333
4652
479
8408
7036
2650
8464
4443
9179
7590
4884
7524
9635
8322
6780
3253
2661
9346
9268
3718
6925
2312
399
7969
2488
2197
7991
4343
2182
4346
1137
3433
4730
4649
7488
9481
3646
2082
9058
2064
7520
7748
6332
5477
8828
727
7471
4976
5641
931
5839
5692
3472
1759
3728
5419
4057
1317
3065
734
4991
9158
6855
6133
2896
8109
8573
3373
4835
5246
6287
2179
7685
5512
8073
9852
4417
1071
6671
6251
4407
2987
1373
7439
7039
6715
966
1042
6400
2450
7892
7950
1838
6732
5755
2223
4217
2374
691
40
7056
7204
7947
462
656
6517
3324
8082
647
1253
70
6049
4830
2013
4200
7994
9287
1447
566
6811
6533
7211
2917
153
983
4443
3167
2889
1137
8223
188
6002
8264
7896
9183
578
9915
3005
128
3878
3843
7902
2829
8533
1185
2307
4967
5919
773
2952
5424
3337
8836
4480
4617
7891
712
746
7717
8308
6467
4447
5380
9946
6337
3651
3758
5732
4327
5520
5032
300
1286
1998
8765
2610
660
6314
5219
2468
4417
3590
7417
5252
4010
9658
696
5761
5210
9820
4096
4206
4054
8455
3167
6485
2733
6289
7141
2497
6441
2345
5411
9552
3084
7753
8503
9844
2500
7762
52
4810
2777
6826
7443
2466
3830
6089
8424
5364
9663
1894
6684
2327
3182
143
7631
8943
3853
281
1966
5323
1860
4550
9639
3570
2519
6370
5234
4219
4210
6097
8111
4820
4486
8398
4575
571
185
8567
7897
9297
5514
8723
3274
2232
1082
1350
5333
9758
9468
3873
8685
7281
3963
6244
2108
1995
2139
6451
7084
7841
4698
9042
561
9466
4577
6071
1702
6038
7208
2190
7999
3702
2335
6293
8623
6050
3388
1645
9616
6589
7359
5813
7313
637
1216
9221
863
5017
4747
5227
6062
599
248
8294
7597
522
8671
764
71
5246
5186
121
9519
8689
8298
2414
3471
3643
821
4980
9602
1685
6611
6363
4070
5017
7921
1552
3698
8215
727
6074
4183
3571
9387
2596
6271
2694
4066
8686
4202
8885
8034
9376
4154
1131
4169
5701
1326
7155
7076
1548
1096
4898
6578
5787
5917
8199
1036
8103
9688
9876
1784
811
5606
3658
2196
5291
5689
6382
8444
8767
8130
2073
8838
3648
317
8333
2432
1166
9892
9987
3121
2889
1441
3290
5161
1265
2065
8519
3557
2726
1241
7730
9048
2568
4901
4911
2423
1487
6394
2768
1971
2570
8466
982
5521
793
2121
5282
7242
5851
8176
9075
5132
9505
7215
3371
6243
490
9458
5262
2511
9028
2792
9950
4783
7844
1785
6459
280
2925
5900
9832
9427
9778
6027
5271
536
9019
4322
9230
5635
7317
8586
5082
2135
5432
8113
593
3993
4543
2838
4758
5065
5950
3475
8319
25
9545
4317
9572
9148
6367
9026
4019
7506
5019
3143
4310
9247
4203
4272
4121
8025
4097
3491
7398
9882
2397
2852
4263
2825
8947
8896
5023
746
3711
8012
6823
8993
9232
3041
5125
5920
4670
4994
6318
8533
7287
3276
3997
3423
4109
5771
4278
1147
6506
9634
4576
3931
1023
8628
4001
4831
871
6124
8904
6692
1520
8484
1237
7556
8435
6377
7992
2469
787
7943
1292
9869
3293
5640
921
7817
4373
4744
5656
1994
1700
3103
8558
2638
5553
5471
8812
2019
5681
6512
2366
1531
8099
4763
9044
9637
7798
3830
4400
7932
9659
4912
758
9877
342
701
5239
3288
2824
8319
1563
6189
7559
1421
2894
7635
5595
6368
7926
8568
2034
3269
266
7783
3417
1537
5581
3277
9905
6524
8290
284
4638
5958
3236
6974
6819
1901
416
1163
7332
8759
5993
255
1272
1362
6212
9112
8201
5781
5984
9835
666
8090
8210
3538
2291
5348
494
6839
8561
7413
217
8635
513
3356
1750
3455
7755
5839
6724
1637
3322
48
4268
2754
3349
5205
4269
6947
6544
6037
6104
4344
5126
8691
4946
7013
1050
6895
9612
2785
2924
4469
1863
77
211
3638
1528
7584
2041
5219
3337
8091
4876
6425
2301
5071
2128
4658
860
7486
690
6367
6695
519
1183
2933
4152
7511
2280
6421
7640
1862
3800
8951
3184
2226
7407
7069
9
5858
2056
2204
9429
4563
373
6616
5416
9113
9258
1969
4609
8733
4237
8882
4050
7528
9276
501
9190
7382
7662
9690
1628
3847
8062
608
40
258
4704
2315
1152
6431
8129
9473
4306
1017
5832
4417
3970
6868
1500
8059
9478
5083
3036
1899
2326
9515
591
7286
648
1656
5793
4876
6758
7981
7245
4920
4705
136
7084
4037
7245
3208
6335
3534
8702
9815
8428
3762
1317
2103
3278
9571
5365
8428
2654
3251
1756
9010
4004
9688
4408
8254
1069
6800
6175
1395
4392
6862
1972
7247
8138
7207
150
1302
180
2170
578
3103
4261
4753
5307
2202
5241
2674
111
6118
2220
4244
3534
7934
3604
4365
3128
3630
6080
4270
3381
3032
9728
3926
5545
9013
7499
5842
6230
8288
1747
5185
6942
4271
3351
5699
7452
6658
1919
1999
4035
1576
8038
2558
1667
1196
4090
4320
763
6289
6883
2228
8050
2899
9812
8926
2245
3001
7421
8229
8637
9934
3128
9214
3233
1966
5066
8417
5908
6327
2917
3550
2068
7902
1505
9163
5987
3261
7576
2668
866
2690
6120
7147
9978
8099
1550
3314
4135
6006
9731
4713
4972
7795
5951
1675
3575
6661
2928
9788
8792
455
395
5
4651
4095
7136
8870
1960
6083
9811
5718
9124
4885
5746
5691
1998
2314
3569
4416
5928
9536
9715
925
3332
9134
8023
5845
103
8179
6681
8249
2602
1638
1277
7073
6262
1257
3108
6483
1579
8461
9211
6948
2775
2494
4771
9029
77
7004
5580
6981
6104
6190
869
6856
9445
4815
3305
3087
8248
2071
7517
1229
8777
1729
343
4032
7522
9533
1822
264
9885
3987
8098
3506
2129
9122
4912
4087
1562
7326
3710
7574
9519
8981
1200
193
3332
3434
456
1549
5621
4070
7819
3974
607
5696
3510
380
3807
9751
2312
838
7280
305
588
2855
6828
8005
5189
7266
4876
951
4217
5395
8773
8884
4625
3000
387
6514
2615
5960
9145
5208
4519
2731
1807
3661
1041
3487
7766
8006
5637
5672
1595
3976
5975
1346
903
9270
675
396
5083
6089
1418
5994
8484
117
6418
5985
7874
4311
1814
6552
6624
483
7332
6684
8288
9725
7076
4102
8570
3073
4765
5671
2242
2607
584
8383
5771
7210
5197
672
2816
8844
8209
4774
8639
4798
1664
2597
1690
4462
8249
2925
8327
8240
1914
3582
9238
1365
2535
1869
4597
6870
6885
235
9818
5802
4479
3590
7823
9170
1183
7149
9806
6482
3557
5232
1987
4821
3632
6281
6494
766
1416
5424
4554
3382
8300
7165
82
4050
2387
2283
8445
5805
860
1414
4466
2943
2718
4155
8014
2067
2991
9702
1780
6965
3892
614
7473
9879
1322
4102
53
7960
9493
2100
7700
1075
4614
3412
8632
3784
90
7228
2856
7062
6360
3929
8560
2377
7453
5533
5573
1931
5353
2987
490
2060
6433
9510
510
3305
8677
8503
4272
1165
787
5785
5371
8583
7293
5192
1214
5315
1881
2950
2888
2928
4271
9003
4448
2286
3557
2622
7322
9500
6580
3757
191
648
3994
5400
3447
819
9037
669
7684
1370
4409
6930
2747
863
1085
3501
2579
3620
2067
398
2175
8584
8342
9066
3077
5369
7791
305
749
4129
3401
1404
3060
6089
3457
2144
1169
2271
6606
6650
4364
3671
7320
7986
6319
1984
3500
3609
5499
45
6672
6645
8495
4534
1112
2510
9095
7981
3916
1290
7719
6052
8840
3623
1553
6874
2985
9341
8257
8708
1902
835
8570
7177
885
4181
6853
557
4711
955
5120
9625
4780
6429
6692
701
5076
8160
1447
6914
8727
8170
6170
3685
434
8794
2860
5287
6126
8341
8675
2626
3679
1394
1168
4421
2767
4143
6214
3026
5067
3040
1819
1538
3667
6325
9268
7891
2445
5713
3872
2386
3314
7643
5583
3984
7694
648
9420
5197
2304
4822
4472
1821
147
1268
2849
1969
5399
6292
5980
7722
3866
8237
6996
1221
7265
630
3414
9270
5357
822
6896
2534
6717
1803
6527
1657
9555
6134
7459
2134
1618
6267
5344
4913
4941
219
9970
9897
6967
1629
5863
6799
2712
721
6032
1374
9664
4108
6880
1006
572
1520
9173
4667
7567
7643
4109
5860
3126
9682
717
8238
4165
4656
3151
497
7134
4706
5186
1233
8679
5536
6947
6017
8699
5730
1757
2960
3716
7036
3476
2690
9629
874
4474
7948
1304
2184
1487
5179
7032
5986
9382
6478
5754
6941
7660
1461
7088
1377
3971
248
8571
684
4811
6755
6381
6838
3294
4151
4116
7550
7971
9107
4642
8766
6871
1977
4384
2391
3609
4167
8571
5572
7306
8688
769
3267
9995
6616
1595
8556
8364
5382
2930
7866
9797
3444
4477
3727
9030
4954
4663
8080
4384
9669
3554
6602
9236
1368
3950
4892
66
7326
2496
7306
2297
5184
3816
3858
2646
8955
8270
3957
5437
603
3488
8127
705
1049
4534
9576
4467
2443
6269
3522
5388
7782
2681
1374
4698
9165
1883
1777
2830
5573
2022
3726
9265
4608
6721
7772
5038
2035
4051
2238
1010
7083
2954
9634
4923
9443
553
6868
7764
4177
1509
6833
2320
5310
1843
910
4816
62
6423
3903
9545
606
2508
4040
2899
33
1040
9039
8174
7479
9104
6045
8138
9428
4128
7789
3250
166
5444
6140
8546
4827
2929
5568
6224
711
4027
547
3851
4161
5589
1859
112
9593
3274
3021
6173
5713
3030
6742
2054
6183
8402
6845
4134
9679
1001
1912
7040
2066
7054
9868
8559
1429
8176
9787
9116
1326
7615
7268
7435
4999
5489
8846
7442
5944
5760
3566
5967
3023
7421
5984
6206
952
8531
7219
3017
4400
8710
429
9089
6477
1765
401
4275
1811
5539
2025
4534
3021
6248
7125
9458
7073
7192
566
860
4337
706
7831
7927
1981
9063
9000
7656
5390
85
220
9026
8592
7956
1101
8094
9060
9097
1886
677
9210
808
8476
7124
1505
2734
114
9779
1841
1088
872
2610
1442
5145
169
922
4021
3694
3040
1779
4850
9469
9972
2908
8405
6387
5537
2139
9255
23
1131
6705
4464
4517
7547
120
888
4809
6733
9791
5988
1189
6324
9765
4985
109
2963
7644
5987
7650
3789
4608
5485
4752
8650
3423
4286
4243
7388
1158
381
8239
2149
9635
1922
8783
2274
7334
859
3528
8970
2611
3032
6833
2639
1187
2222
5639
327
6740
393
7154
5393
3856
5782
6236
3207
7938
3542
6423
3393
4062
7478
6735
1400
3363
9003
8961
2080
7011
2339
9533
7120
4743
547
6496
69
1751
889
4405
3200
6745
48
1262
8535
7710
8047
4273
2653
4364
4790
7441
6792
2671
2775
3009
5145
213
6623
897
2045
5654
7343
8850
9511
4966
3175
2185
3847
3614
5140
1216
4806
4715
5830
8554
3218
2265
3503
4147
601
5610
1410
3566
4219
710
5317
1753
9590
9777
3183
4011
9249
3292
8419
7315
2459
8399
6672
1159
6825
1900
8504
9883
1679
4702
6205
6783
2980
5632
8280
5492
4832
8728
5493
8914
160
6801
4434
9359
5791
7790
9300
946
7573
3847
6793
2899
9272
8455
4103
2561
7393
8089
3122
2144
434
3488
2039
6996
1459
2393
4192
106
2542
8708
1195
9926
889
7355
5076
9979
4758
629
9939
2465
1656
2443
4426
7669
4369
209
7954
9738
6595
601
8418
4357
5762
5907
6915
5416
4701
7312
7675
9284
7748
8402
6550
6173
9840
784
9556
5896
2433
3489
5544
1889
9591
8920
5508
9018
3934
9437
8527
1698
2672
1251
8540
1233
306
5338
13
6556
2084
1742
298
166
4309
331
7578
6284
3262
8949
8263
7329
7669
9921
899
7720
2153
6895
7543
4879
5180
541
7139
6759
7147
1415
9053
4679
1882
9448
2183
3258
643
4314
478
8612
3179
7871
9741
8473
5284
253
1597
7304
9056
2508
403
2629
2968
6428
3738
754
297
6575
1659
964
1190
7517
9356
1447
2052
2002
5526
9908
4209
4013
2294
8436
9903
7499
5049
2116
971
1142
8888
3828
6710
4938
7464
1995
9994
8631
1858
9849
8458
4334
9836
26
4143
6023
7263
9251
9901
8195
7761
4266
4201
7857
450
3242
5461
6539
8928
7279
7342
7403
8124
4906
662
5856
6045
1088
318
1723
7155
7362
7851
9059
5097
115
1960
3377
324
271
9925
1562
5402
3531
2310
7991
1755
4028
8320
5085
4550
5825
3163
8649
6805
8525
9845
6964
9105
5533
9171
4573
5320
6563
8017
227
9508
8243
9086
2518
1805
1267
8790
1065
8964
7761
1746
9531
2136
5511
7778
4328
4590
9817
1495
3619
3073
849
7406
347
5980
2180
8254
8195
5663
8973
9552
5917
9888
7691
7922
6104
9423
2878
675
1559
1400
4044
5822
2397
4390
7823
9082
4411
3719
2393
2006
8281
4406
2668
2466
1312
9095
4317
7218
3898
6678
2434
7736
7303
852
7806
2755
8726
7215
4014
2561
7784
4256
3443
3527
9100
3967
3541
5261
4529
7721
3748
6789
4656
6040
6863
6133
2514
9809
5627
4248
6369
4103
9490
998
6289
885
5568
5808
1504
7790
2420
284
3484
7446
2848
4335
1807
2049
6990
5794
7297
994
8199
7120
7193
7086
1158
315
3553
7665
9395
6723
4246
8635
5900
2129
2231
9249
901
187
1459
8005
6722
735
2405
5969
5600
4087
9757
2397
9493
963
1789
6818
3447
542
1108
527
8191
2856
4754
2592
4024
3916
7610
5536
5881
6132
4376
6731
2161
8790
9384
676
3199
6931
8341
6611
773
27
9659
8000
2738
8091
9851
1003
4035
4543
9862
1315
5975
7822
7097
1945
3507
8885
584
9921
3208
1032
7658
1000
5157
5266
1044
7860
2352
2831
8936
9378
9923
7314
6687
3391
4064
6752
8310
8932
5275
4240
9493
2061
2258
1198
4664
9194
5356
5248
846
1106
4720
9212
5387
282
6080
5997
1926
5085
8328
6507
1179
460
5263
9568
5483
3530
7346
3485
2161
5573
8753
2185
486
424
2994
7027
8707
4653
9464
7083
7527
7746
4422
101
1171
386
495
9399
6394
2442
1267
1183
2485
807
4126
8752
3951
3311
5335
4594
966
4563
6511
2982
8198
5354
4391
2717
2649
2143
9127
9680
8643
7596
9692
5911
1939
9585
778
7813
1614
4898
5630
5522
5272
3798
5305
8475
939
9400
9837
7876
3828
8562
3157
276
855
9912
835
9814
3042
3358
1667
9943
9539
7902
7868
1358
108
2220
7557
9960
6812
2694
9470
8896
5933
8466
2393
5049
2297
494
4713
9739
2183
1691
43
853
5344
3600
3361
2059
9327
3088
8334
5121
3101
9239
4712
1364
9869
9384
8200
9873
1776
5700
2667
1377
1103
5464
5182
3073
1068
872
4732
3960
7866
4689
6832
4894
6368
4961
3391
4887
5803
5869
2439
8359
781
9703
1675
7541
3179
8652
8296
2499
8737
1559
4390
7880
1148
6045
664
3995
5064
3880
8731
3140
1922
8928
383
3729
2240
3294
7041
8011
4472
588
4964
5331
7716
2428
6
7383
3842
100
4638
3526
7435
8253
1068
4414
3314
8011
1327
6504
5623
6633
3212
7323
8451
442
3846
1638
5514
8186
8526
9094
8681
9939
6059
1459
5468
5690
9333
6428
6991
4050
7250
2043
6674
1255
1426
5171
41
7149
9608
6324
7892
4874
1548
2556
2529
7692
941
8098
8112
6803
7475
6599
7918
4885
693
3810
6243
38
5678
6049
4847
2068
4320
8486
5805
8813
4003
651
7204
1305
7713
6294
5566
2123
686
6754
8003
8428
565
4183
6399
8442
1482
1698
9245
6690
827
4547
7856
3388
3596
4883
8244
7172
4314
2013
4375
4047
7925
1986
6282
4343
8493
8273
8325
6187
5715
8148
2625
7270
3211
9791
652
8677
64
2063
6515
1205
9967
6293
1597
5476
539
92
9848
5066
91
4547
5058
8297
1438
6197
1091
6630
7861
6490
5271
795
6581
5528
4219
8602
7707
3612
9746
460
2877
430
9540
3096
9876
2656
6441
6106
6183
8486
4622
971
7296
3565
5582
9097
9069
2598
1690
1748
5080
931
1176
5248
7974
1610
4167
5686
9962
2670
2579
7620
5118
1276
6714
8513
3393
9892
4339
9932
3731
840
6216
4467
6158
957
2088
999
9911
9332
4857
5746
3028
414
7967
4238
7616
3666
3049
5135
7222
3739
3418
165
1971
2784
8578
8231
7793
602
1837
7323
9248
1381
9993
9493
3937
6245
2006
2857
4805
7404
9287
8591
2771
24
674
903
2985
6581
6093
4478
9512
2578
2612
9718
1148
7891
2461
4139
9615
7454
6026
1587
320
8753
1961
3581
8835
191
9460
4691
3912
4856
8557
3703
8568
5822
3851
2272
8497
6573
8504
1203
5712
8242
5463
2559
3362
8644
7007
2158
5048
8439
72
4611
5861
297
1387
1718
6616
5800
6322
9850
2833
9634
7763
871
2382
5867
1395
3416
7534
509
7000
8115
1364
598
3539
5128
6195
9114
7413
4231
6881
3984
7152
160
566
2538
3063
1263
755
3105
4608
7759
3128
4265
1357
7559
8381
3660
3817
389
1370
726
6672
7553
8066
3347
1270
4073
7385
7174
975
3883
1538
3237
6851
9782
7873
101
6628
1032
9716
7307
1793
6086
8100
4752
1411
2721
1656
6173
4856
3150
5857
7322
3448
7689
9895
1716
8678
6819
4594
7615
3257
1341
3787
4079
3833
842
3856
5227
4664
2484
7265
866
697
9777
1058
3161
4140
8004
4443
599
4697
1897
2218
335
9291
6193
4815
1874
6307
6717
9573
7042
6744
2878
8020
9374
3618
6358
6904
9353
4646
4806
1247
2116
1733
9112
1868
3327
436
3439
9724
835
349
1572
2246
3754
6053
6839
6520
1391
8159
8332
8463
8452
978
6272
1990
8188
4452
9278
3292
147
6297
1661
1080
684
8623
1160
9315
7005
5229
1883
4876
8442
2997
6993
5853
3609
107
9842
9610
8208
1530
8334
5547
2569
6610
8349
1970
1413
1517
56
801
9435
1300
3887
3056
8461
5134
9644
5274
3613
3177
9672
2254
7139
7604
9067
8844
1973
9568
4598
6461
3060
6303
383
8968
6725
6886
4262
8462
7005
8049
9115
9626
9751
1263
2642
3779
3384
546
6281
8188
3026
4818
7316
2171
3207
445
5920
666
4133
5816
5445
8217
6595
2199
5427
8871
803
5216
5681
8552
9462
6658
1159
8327
5584
6029
1687
6666
2892
2873
7001
6280
5373
4106
4027
7433
7253
408
4454
9306
7343
4028
8648
5070
8047
1738
257
8745
5053
1142
4066
2061
8117
8160
3348
4430
1369
3728
4586
1524
8635
7554
9111
6718
7750
5568
2575
4178
7463
1494
8688
8300
9397
1534
7168
5110
9040
8330
5079
4455
5762
9562
4177
1175
6039
4062
8650
4747
9617
5591
3309
1019
5482
9712
1478
4902
540
7533
3144
4940
7273
7143
6719
2686
4652
5346
3173
6960
9143
8729
7837
8581
7988
5105
3913
785
2951
5506
5768
4817
3636
8253
9598
1830
1430
568
608
8815
8903
2210
4152
9923
8793
9979
241
4179
6337
1491
4338
5662
3075
6914
6477
6499
9188
2824
2616
1028
2117
3557
2816
9466
1778
7714
8296
6099
8348
6380
7982
6957
4061
3541
470
4868
271
8256
9883
5674
5189
1355
9983
619
5339
2014
7942
8362
4086
2828
1574
5097
1660
7412
9621
9779
119
2941
7999
6806
3413
270
3700
3852
8842
5028
5799
9353
5770
794
868
9275
8786
565
3201
6486
8493
9719
864
3750
1235
577
1709
7915
2862
2492
808
6391
2765
2266
1804
5853
466
1164
5287
4642
8492
7564
8787
6032
2739
9852
2360
5573
8374
30
2699
4567
9519
1761
5488
9264
8507
169
8419
9736
9166
4874
2787
8266
5610
9870
4241
7786
3646
2176
9872
1885
3245
1364
6740
2389
4085
5109
7763
82
9531
3672
7301
6011
4137
6606
1843
9853
7951
7427
4134
938
9773
4851
1101
9177
3114
6326
4583
6914
5512
985
3031
4802
4022
9133
8085
7070
2972
3462
6902
5046
7515
2729
2300
4487
2383
7424
5234
2159
5508
8658
8797
3398
8330
4637
8950
8561
6454
7002
8612
3207
4054
1623
6615
8112
7855
3589
3312
5392
9588
5346
3216
8171
2703
7355
4963
6132
559
9662
230
4731
206
9001
8742
6027
8337
7777
8196
3265
9743
110
1420
5173
8050
7115
4775
4846
2193
6772
3237
6194
494
8426
8238
7324
7142
4125
4644
5251
8568
5129
3670
4498
9431
7668
7508
6577
9954
2628
1145
1455
2606
1411
2811
7459
8278
5222
9546
2625
1199
4320
6309
3028
3917
1653
3540
5679
1150
6196
8023
1026
6456
5683
8813
6836
825
8234
1565
2012
6496
3304
3124
9465
7915
5777
6242
6456
5968
3514
9211
7213
9539
2043
1884
4377
9134
3449
6781
9850
9668
9227
9531
3973
5654
8682
8687
6201
8989
4765
9679
7397
201
3572
8427
2606
7950
3742
4929
3708
248
1810
6364
8844
4457
543
9947
4715
796
6470
5157
7420
2488
1644
8287
8792
3183
1668
5372
8849
3656
4699
1572
2607
2082
6167
6787
4791
9909
8046
1859
1847
2053
2686
5813
3706
464
430
4920
4370
2215
7305
6706
8231
1699
9372
1786
2928
6043
7930
1613
539
5950
5108
7635
5350
8388
5745
3315
5464
4913
5344
2895
8051
8363
69
6424
8867
8994
9587
2118
7292
5280
5490
2843
6665
777
8535
6451
4745
6147
8905
5107
6638
6452
1711
7736
2392
6816
4417
3639
5877
6197
1599
1905
8432
7197
121
6729
2469
2782
6174
3913
4821
7197
2482
192
4434
2054
6657
5564
4191
7123
2036
9108
4978
8041
9833
190
5059
4848
3966
1060
3097
7589
4044
1431
5760
6351
6063
3435
379
1730
653
8148
296
3041
9601
7262
963
4805
1573
1212
6632
7865
2451
2481
5718
2468
9662
6011
7308
8959
6787
5060
8649
6465
7288
2833
6886
2644
2010
7439
6999
3395
2784
8034
6343
7626
975
6332
6819
7563
144
1352
9067
3227
8361
646
776
2478
2742
6797
4726
6475
9889
765
8468
1090
5379
5106
8505
9177
3888
7689
4989
2560
2361
7475
9290
7863
2440
4304
3186
8249
2097
8182
557
7443
6874
6359
8002
2648
3077
7387
2442
2203
2696
7736
9003
5766
5367
8499
2113
7929
6897
9458
4090
678
6183
2892
5018
6535
1100
1589
499
2963
7021
5380
4770
9965
3721
7234
5558
3875
128
875
6541
837
2259
8454
8652
8133
1184
2407
9378
5920
8669
4504
3651
5734
8753
3281
151
3209
9073
8867
320
8130
7542
8974
5758
1743
6583
2245
3067
3893
396
6853
5141
6525
8073
7064
1570
7528
3871
7728
7307
2545
7976
1182
4064
160
5286
201
6056
1002
8385
8286
9933
5018
7060
8118
3822
7858
8777
5964
5297
8891
8823
584
8174
6377
1823
5186
8959
7533
7443
2244
9057
631
7983
7745
5998
1219
7658
1232
1006
2543
6424
5120
2201
8111
2768
7417
2627
7286
1833
942
4757
5437
4898
9481
5448
4572
7714
336
9373
106
4308
7747
5824
9459
6893
6844
6578
4314
2961
8418
7746
436
8030
7380
2089
6961
5667
4346
5008
8004
9836
804
4055
6762
3270
1058
6256
79
6308
2535
7934
4898
863
4239
8544
5094
3783
3132
4112
5910
4968
5106
1645
1470
6306
791
5425
8162
5455
1605
8431
4490
2291
5588
5964
9159
1719
7584
4526
5238
7607
5149
7768
3136
7550
3868
3685
1192
6867
2026
3913
3027
6956
7763
3886
1425
3404
2898
778
589
5693
6638
9645
4624
386
9167
1006
7477
