-2110
-9866
9762
-8094
-7084
3083
4422
-9886
-6653
-9355
9909
-5321
-7204
6193
3773
864
-368
-5237
4930
3409
-5434
-5837
-7252
-4302
6764
158
-974
1306
-6253
174
-7770
4065
9190
4167
3736
4371
-1970
-3086
4845
-8586
1970
-9339
8726
-7209
-7349
161
-8340
-7283
1642
-3893
-6061
-8995
-144
-2244
-4361
1627
2247
-707
6781
-5107
4859
6073
6859
-2516
8370
3214
-896
175
-5459
544
-3337
818
7072
5815
6247
1904
1715
-9423
-128
-735
-9253
48
-4414
-9784
-9564
7733
4040
-6659
-6681
2269
-5948
-6128
8609
-9118
8401
8960
2698
7241
3446
-8244
-3579
-1778
-6969
7407
2674
6317
2497
-5153
3494
1854
4497
-4233
-3043
-5544
-1405
-6017
9745
8528
-1004
-3712
301
5037
-8783
-8783
1707
-1679
-9426
6380
7133
-3682
-5048
-140
5847
5782
2121
-893
-9693
9200
-7971
8485
-8232
1603
9143
5836
-1282
9059
-4957
4689
-7560
-6653
-6373
9902
7719
-7580
4860
-4222
7473
-7331
1363
-8250
698
1739
3239
7651
-473
-7638
-609
3985
-5879
7190
-7222
-4275
9156
-3627
2795
-9495
4719
-3410
-9154
656
8926
-5848
1938
4051
9495
-5620
-8739
-7129
1067
2594
-4892
4420
-3044
-182
6549
3347
4477
3691
-5696
2349
-1159
-8178
8465
7377
4526
8031
-9085
-4355
-8851
111
-2510
7739
-7719
1860
-4875
1378
-3168
-7731
-2729
-5773
-8683
-8156
6213
1443
-9626
7888
-3343
4219
4536
-7339
-9517
-6857
7193
9567
625
-5302
6759
130
6637
6101
-6220
8675
2148
-1040
3677
-706
6135
-6775
8320
-3834
-371
-731
-2464
-2299
-5735
-4709
-7797
6505
-2279
1545
9096
4610
-6203
2144
7997
8055
-6142
5800
1034
-2688
-4258
-4
-6097
219
-3450
-539
6547
-2576
-4711
-710
4894
-1089
-2993
-9431
-32
4493
7892
-3264
-2654
-9804
766
-2910
4930
-9283
2143
6831
5095
1396
8716
9656
-6208
-4959
5823
4958
460
-9683
900
-4041
2672
1174
610
6927
4770
-7315
-8374
2392
7724
7487
-7670
-5217
-7242
2266
7070
7405
-7845
9371
-4031
6523
3456
-4744
8101
4329
4592
-2801
914
-9539
7694
7743
-8990
9898
9194
4888
-4244
347
350
-4906
2738
-8573
-308
-1062
9908
614
1105
-3889
-6277
4862
-761
4030
8524
4940
3652
5727
-6223
-9147
-4237
6994
1516
1062
-7385
-7963
6530
1537
-741
6600
1886
-4653
8543
-7142
2937
5617
4584
7592
2824
8419
9209
5737
-8288
-104
7934
4980
-9615
2406
3910
984
5289
-9537
-6739
2986
2841
-8603
1723
-8836
3481
7075
7283
-7035
1846
-7161
6741
-9084
-545
3477
6498
5426
180
877
-7945
3577
9730
-1833
-7857
2507
-5596
7843
3743
5019
-7167
-6934
-8326
-4036
-4070
8746
2063
6678
-4848
7286
9292
-7169
711
4708
1001
7880
6718
-9847
9549
-8745
6656
5075
-1111
-3869
-9972
4304
-5654
9085
2222
8686
-1437
945
1995
-4500
151
3757
-971
8324
-2981
4148
8249
5811
1098
4808
-2643
-7151
8410
-7639
2719
8536
-1436
-1931
-2795
6541
-9594
-7139
9531
-517
6399
8117
-2108
-8669
-3655
-2018
-1993
-7743
5241
2027
-2553
-8834
-7365
-9910
8332
2165
-5834
2255
-8194
-9745
-2745
761
2265
-3391
7946
9409
-3081
-9143
8675
-9577
-8778
-3009
-2329
9018
-6390
238
-6691
6612
-5140
-2326
-5511
3989
-8200
-5284
-9216
-5596
-6698
681
3869
5008
-6254
8440
-7790
-1318
-8490
6196
-6551
-748
3958
136
7351
1885
-3012
1892
-1844
-583
-3469
679
-5640
6875
-9994
4128
8200
-5769
-1846
-2056
-2444
-6612
-2389
-2274
6470
-3236
-3548
2485
-3567
6935
-2940
5249
-2222
-296
-6009
-8418
7109
7009
-7892
-2431
3589
3857
-403
-5043
-6470
3850
-6170
7749
-5325
4623
1960
-2863
7158
-546
-4162
-1611
5669
-2177
-9844
5648
6796
2785
52
-8611
-9153
-3732
9660
700
1698
6192
3260
-9138
-4041
-6938
-1708
-7698
-731
9013
5446
1491
-3083
5002
-9092
9875
5959
6438
-9819
3822
2481
-9254
6601
8133
9893
-8277
7992
-2937
-8909
-8246
-4345
-9653
9757
-3118
3027
5566
-2671
1447
4137
-1574
-4167
-5072
6960
-232
2033
-3654
77
-2333
4530
3338
1237
9214
7628
-6521
3400
4509
1248
9531
1388
5286
5813
3526
3554
1129
8730
2200
-2350
-366
-7299
-4805
5360
8197
-2421
-2510
9194
9664
-9295
-3237
-9729
3424
-8658
-6769
2046
-7485
-5929
-2386
3572
-7536
-4907
-3643
4163
1314
-721
-6459
-6698
-657
-6914
-2389
960
4793
1013
3584
-891
-1855
6450
-879
-1258
-9473
1714
3517
9507
1340
6576
-9376
2387
-8979
4185
-8712
-651
637
-5609
-699
7170
6727
-8964
693
-7708
-68
-9719
-4908
-8286
-2146
1155
-1255
-106
-4221
-7468
2195
-791
-5187
8948
-9852
-467
-265
-3963
9451
2014
1499
-7075
982
-8769
1954
5145
-6140
-3466
-3446
7343
-8334
-1327
-9628
6267
-8543
-4269
-7743
5768
-628
4936
3472
-977
-6192
-4010
-3077
4719
-8506
1403
7977
-2913
-4475
4839
990
2320
7124
3981
-379
-7631
6898
5147
3890
3609
2778
-611
369
2012
-7116
-5446
-1680
4956
-8407
-1070
-1385
-2460
9583
-3025
-8177
-3584
9796
-4713
3058
-3105
-5344
-1380
-1937
-5364
6431
4215
1620
-2788
-6161
-1544
6087
9206
8175
-7548
2524
-4387
8682
-7438
1333
4807
4278
-7642
8519
9490
1299
5444
5080
9902
-4139
2479
6328
-9873
-6831
242
-9035
-875
2820
-5585
-3952
7485
2472
-9867
-3374
-6249
6349
-3590
7246
9939
5440
-3677
3394
-4842
-5659
-5350
-3358
1664
-9265
7432
1567
-999
-5022
-8603
-5811
-1789
3466
-8444
-4792
394
-3001
-6613
-8681
-2223
9961
1924
-8691
5992
4433
9734
-2827
7751
-5818
152
2779
-9762
-9007
-4644
4431
3054
-216
-5003
5412
3393
2143
-300
-2947
-75
9788
6457
9637
-8246
3678
-4353
-4362
-1379
-7366
-4199
-9468
3059
1876
-6928
-8501
1297
4854
1858
-7694
-5457
2648
-367
-391
5735
3506
7513
-6588
5863
-7549
-6139
-9412
9721
-1851
9830
2689
9643
9331
-5336
7496
-7376
3174
3314
-3663
6302
5545
3
9670
4354
5179
2243
1828
-6292
-3700
5045
2472
2995
-4726
6199
8667
-5385
-1023
-4194
-2319
-8609
-4836
-9999
4554
-8519
1588
30
-6082
4770
3194
2945
-3690
7083
-7324
2288
-144
-8503
-3503
6677
7541
-8605
4633
-9031
-1265
9311
2223
-4122
-3943
-546
8969
1202
-5494
-9836
-9077
3767
-6629
-3555
-2649
1579
-6548
-3636
4214
-3985
-1784
-9819
2782
-6572
-3589
7070
-5656
4587
1630
-4940
-4566
-2154
2318
-5924
-7066
-7170
3854
5525
-9891
3316
1493
-8944
7297
7026
6317
1296
8489
-9175
-8646
2546
1258
5724
-8476
7453
6412
-4993
8722
9240
1616
-5774
1771
-7729
-180
8735
2658
-3355
6235
-6944
5570
6733
4259
9005
-6628
-4331
6730
-8509
-3904
-9562
931
-9414
7794
844
-9392
-6133
-2730
5523
-4703
-9918
-8765
-3587
-8003
-7044
2298
-828
3201
6311
-3055
-4887
-3341
-462
-1416
-5295
-7255
7379
-1117
443
6428
-5398
3522
7640
-8394
-2084
-1061
-513
4310
4618
9682
8527
-1084
4330
-1086
8553
-1799
7629
8661
1277
6598
4144
-4220
6816
2895
-972
7205
7401
-4550
-8170
-3097
6406
5103
-6023
7577
-1003
-8320
-6801
-5007
-8861
7840
-7647
-5441
3803
720
-357
6276
-3434
-3570
9880
-9856
7927
-1043
5938
-1254
4702
-6735
-8417
-572
577
3050
9098
-5704
-5140
-751
-7094
5236
-2116
6934
-3894
6368
5463
4746
1083
-9284
-6099
8105
3692
7164
8811
-5790
-4120
9158
-7352
-5639
5884
4877
-2493
-8713
-6845
-879
-3267
3163
-2477
-8718
3623
-3802
4510
-8836
-6339
971
-6113
-2151
-2698
3230
-7574
-1484
-7644
-5169
9202
1019
7527
9256
-472
-2062
93
-1337
8196
-9311
8852
-7672
-3333
1121
8999
-2665
6444
6021
6178
-5373
8041
9664
-7299
-7603
-1915
8386
4219
-4394
-6772
3829
799
-3690
-6882
-5126
9960
-9871
9027
-5920
7929
8499
-5287
-6856
9122
-7181
5034
-3311
8431
-486
-8402
4278
6474
2194
-7107
-8726
-8897
6187
2252
1293
4585
-9100
-9015
5985
-8343
8436
-3817
-4896
-2081
-2561
-1467
6067
9509
-7419
3142
-8853
5654
6423
-9675
-8657
46
610
2469
1439
-9883
-487
-1386
-3025
-5429
-2789
3788
2866
-3197
-5689
7691
-8418
-5232
-6229
-8110
-8049
-9612
4284
2539
-4466
1352
-9164
7869
-839
7211
-2749
-4160
-53
-3956
-5913
-7646
-5600
6217
-9235
5933
-1032
-4303
3590
7065
5682
-8595
-7549
4533
9413
7367
4717
-8901
2932
-3198
5666
1150
7788
9742
288
4846
3486
-6766
3339
6692
9236
-3298
3373
8636
-7146
6240
1394
-6511
-5010
3
-3997
-8154
2766
3354
7917
-9161
-9583
-3180
8449
4870
-6927
-7888
-2028
7960
7601
-4800
5563
-4760
63
256
-7017
2146
-257
-3585
8862
-1719
-7084
3529
-7396
-993
-5971
-6521
9250
-9655
1381
3404
884
777
-3302
-6493
-7212
-8686
-2002
2964
4638
-7081
-7572
4151
-2515
-9575
7397
-7014
7726
8286
7329
-9552
6748
-3560
-3855
9624
-9815
5362
3930
-1156
-3605
-4234
9016
-6414
6200
-800
991
8257
-7290
-8942
-7641
7143
-1839
-2846
-5021
-3057
5749
1787
-3731
3756
-1032
8498
6769
7790
-2304
9837
-1859
-421
-2588
2329
3964
-5758
5596
-813
-4432
3541
-3788
-8013
-8750
-4440
-9227
-773
-4639
-2346
3473
-7597
5881
-9587
6011
-6833
-7109
-976
-7123
626
4367
5379
5569
-1976
-9727
5246
-8923
-9086
-3353
-3539
-5920
-8016
-333
-4074
2842
-3110
-1073
2400
2114
-4501
-6473
-2739
-1831
1570
8178
2187
3975
-4310
4342
524
-6843
-4674
2183
-1182
8439
3485
1929
3452
-4863
311
-7556
3983
-3252
-5000
778
1190
5671
7495
-3679
-3172
4077
7882
-456
8479
-9260
-2484
-7145
-9287
-8782
7598
1731
-9387
9001
3886
6938
8172
1937
9234
-5688
-5419
8857
-7739
-7116
-7488
-5600
-6320
6574
6676
-9608
-6749
-2257
4995
-5686
-5974
-9890
3588
-9863
6977
8482
-5748
7460
-9846
7476
5210
2761
-7991
2174
7813
1990
2340
4893
-279
-9428
-8874
9355
-5109
4885
-8680
-8707
-6766
4221
-2186
2508
-9061
-3153
-8322
-7291
3767
7583
-4407
9217
-8984
-8697
-5179
5077
-6386
5939
-4678
4244
9116
-8557
-2341
3439
-7782
9482
8113
8524
-9579
-3521
8879
7025
3291
-2047
-5480
-8690
-6289
-4614
-6772
4379
2655
-2269
7207
-9992
8798
-2756
1663
-5590
-2970
8528
5943
3274
-6793
1954
-518
6934
7493
3160
-9978
3902
9609
2406
-8849
-3255
-3416
-8587
1977
-7764
-7216
-3325
1550
6478
2471
8399
-1754
9364
-7130
9973
8515
242
-7344
4880
-9424
7951
-5753
5995
8202
-1522
5502
-7026
-5574
-3443
7997
785
-7366
1342
7266
3460
6903
5710
9560
-8049
-6063
-5864
1346
7048
7180
7887
4686
2832
4331
2800
-4661
5026
1243
3304
-2656
-3940
51
-43
-3283
4995
2637
3695
3745
-6254
-8946
8752
-4625
9985
-150
3462
8818
-670
-8406
5923
-8727
8714
2288
-7058
756
-6991
5390
-1341
7028
6535
6263
3928
-3155
-6344
-3068
8372
3302
5509
-7543
9245
-7645
-645
-220
-9746
-8309
4765
962
-6109
-2236
-6540
7202
7492
-1107
-743
-8868
-8594
2045
830
6855
6712
7466
5306
-7469
9363
1416
-7295
-2018
-7403
1251
2213
-7700
7307
-9915
-1411
-4415
-494
-4928
-3526
-1391
-5481
6543
3571
-8744
2881
-346
-5654
-7594
8872
5471
6287
6749
-2726
3236
8134
5011
-7507
-8245
-1579
-6408
-8894
4605
3663
6253
646
4610
4675
5841
6020
-9096
-4983
-3348
5485
-4702
7701
-8668
2891
-4355
-374
5637
-4760
-7510
-5915
-616
-8179
-6066
3950
2104
-6258
9781
-392
6865
-1951
5957
-9754
7967
9691
-713
-6049
-6957
-7196
7179
7679
-562
1001
-2447
6579
9802
-3159
793
-6871
-3873
-1984
-7316
7700
5056
-1705
9090
-8344
3759
-1254
-3266
820
6610
5839
-8956
3571
9927
-7273
-4733
-9817
6531
4677
-7575
-8536
-6440
-5250
3738
-7559
7616
8578
6728
8435
-9717
4914
-9372
-465
-9461
-2231
6188
-6449
8211
5360
5954
-8594
7361
4214
-766
-7527
-4252
-6296
-6220
188
5464
-9031
-634
714
9614
-8486
272
4499
1913
7560
-6192
1281
-2211
7892
6797
-5560
-5973
-2527
-3837
4248
-1161
664
-6014
7913
8241
-7222
-2743
5912
-9832
2360
-6026
-5017
8408
3722
-1808
-818
73
-6349
-7357
3233
-3694
4109
-363
-8949
-2998
8511
5801
3777
-7200
8856
7182
1041
-1262
5888
-3641
-5638
7406
6612
9387
5185
1325
486
-7254
2111
556
-23
7463
-8885
-743
6056
-1076
-4002
-1677
4315
-9545
-3364
-2688
-3604
-976
-4059
6199
-7193
2028
-8699
5691
-2975
-5255
2165
6408
-7204
4510
3947
-1670
-2384
-4902
5183
4663
-796
1301
-530
3346
6992
8385
9468
5975
4521
-7184
-8504
316
-8818
2282
6523
-25
9006
2394
4099
9433
-9268
-43
1215
4644
-5284
6047
4678
-5336
5621
-6422
2080
3112
5821
9928
3502
8655
-733
9633
1094
-4082
-3514
-9240
138
-9584
-9794
-7692
8187
-1211
-1266
-7793
4438
-4368
-7487
4480
-8620
-4256
9107
-7187
-3073
8982
3371
9167
9516
3916
-4092
3032
-9614
-3792
7500
6452
-7193
5712
-1493
1215
-3341
5566
4452
-622
-5578
-3654
-2279
6527
4919
-1712
-7807
-8882
-8282
1678
3684
-9302
8304
4656
7380
8062
-4508
-9990
654
-734
7355
4340
177
-752
2820
6797
-2077
6875
-3627
-9573
-7076
8478
-1935
-5397
-2369
8233
4846
-9696
-7423
3046
-9314
-6142
-1444
3328
-2256
6235
461
9723
-8016
-2691
-2758
-8381
-8596
1435
-9257
7966
-4441
-7476
-7649
-9413
-9077
-857
-2986
1253
-7044
5931
8557
-4424
-9140
7906
-5808
-6569
248
753
-1258
-9893
-6372
-8830
8520
-4429
1079
6035
-6411
416
-8227
3070
1771
7511
-952
-7444
-267
-57
-2899
2217
885
2681
7475
-5958
-8984
-647
-9872
-9777
-5622
6423
4847
4306
-1844
6046
6583
-2025
8748
-6992
5336
-3883
1844
1110
3444
2629
-8018
-6746
-5569
3382
5567
-3097
-5730
-2944
-2905
9908
9770
1162
-1236
-7414
598
1930
-3223
-294
937
1486
-1008
4421
-6716
3823
3757
-2414
2030
-3993
-775
1772
9350
2822
-6453
-3302
2888
-2455
5154
7406
7545
5676
-171
6459
-403
-2762
-920
-3866
3469
-2576
1212
-8972
-9172
-7451
7703
6235
-4542
4114
-3885
6288
877
2997
2357
-9473
-1291
1809
6240
-9417
-192
9904
-2295
-7690
-3964
5643
6931
5130
-9494
9756
3951
-6012
2045
9525
-4394
-9721
-3759
-557
4905
4553
4889
2004
-9255
2914
9096
-4989
8432
7961
-6410
-999
-151
-9147
469
-4623
-2712
363
3933
-1107
-5223
5995
9268
-9877
424
-2891
-1241
-7439
-2466
-1675
-9813
-8104
9558
5731
-7359
-541
7017
4109
7500
2207
3220
6894
6505
7166
-3965
3676
-1269
-4530
-594
9968
-9396
3846
-4201
-6547
1775
-9997
-3972
-190
7020
-6663
6674
-7477
3597
-795
-7337
4106
-8940
1594
5611
2119
791
1215
-7765
6904
5495
-7350
-4037
3419
-8304
8686
-7664
2513
400
-8531
-2508
-3567
7505
-8089
-5973
-3222
-5843
4793
3668
-4259
7830
-8491
9027
-2888
7197
-1132
-2915
-2271
-8302
6474
477
8849
-3485
24
-307
-3600
-8418
7729
1799
5763
3812
-1249
7784
-6839
9640
8022
-6326
-8797
1870
6740
3718
9090
-9692
-1002
9300
-4941
-9022
6625
-6083
6003
-6255
-3988
2688
-1922
-8832
-2329
3793
-3834
5256
3366
4775
-2478
-8074
-5041
192
2406
-3862
8321
854
-5817
-6541
-7461
9345
8462
6038
5308
1185
-4138
-5515
2018
9994
766
2358
9490
-1170
5645
1136
-5372
419
9534
7425
6469
5574
-5737
-4130
-5064
3502
1085
9154
1233
-5976
-5626
-8911
-5863
8743
4580
7062
9101
-1254
-3802
-4400
-9274
-6421
-387
-4289
6680
3750
6780
9629
-8325
-3108
-5031
-9858
2829
-8933
4960
7999
-5133
-8793
7933
-7529
9882
-1379
-4044
1254
-173
3726
-8634
-4624
9400
7165
4839
2971
1358
-6987
-6436
-3217
920
-3166
6427
7620
4233
8194
-6331
-5856
-215
-3072
9560
-3254
378
-4058
6649
-5787
8993
3193
-5948
9653
-2526
6412
7947
6359
-5952
-5383
-2745
1015
8092
-6631
-2581
8928
8766
8868
527
-4087
-1009
-7922
-4079
8496
-1835
339
5057
3295
2472
-5165
-7920
518
1639
9727
2252
5379
-3718
-2536
4613
4377
829
6810
6348
-3041
-6863
-518
-2439
9985
-1593
-7784
-7695
-7096
3305
904
6402
9955
5550
490
7766
-5622
5128
6259
-7538
3162
9864
3598
-2295
3032
-1906
-3392
-1185
-9946
-8526
-9723
2209
-931
-4567
8097
9170
4540
4236
6702
-8642
1944
2242
-7867
-7892
5953
-3058
4945
1562
8655
-4441
5621
3300
5704
-4672
5772
4602
-5786
9681
-76
7626
-1798
839
-5624
-7669
-8809
-6144
-9769
-7321
6510
2278
8684
2995
5247
6026
-5112
-3521
7540
9513
-9938
-427
-9072
-8780
1290
5644
9087
6326
1729
-2572
4868
1599
-9265
-3698
-4299
4828
5332
-3219
4508
2127
-4820
5785
6296
7850
2153
4287
-3687
-4112
-4741
-6652
8568
-9946
9452
-4077
-1982
206
-9747
8016
2552
-7466
3346
1256
-6888
8880
-5441
-4612
-8220
6376
-128
3123
7198
870
-3001
1406
5508
-2580
-2396
8042
-4604
4753
7263
4901
1692
2346
7530
5288
-7749
646
-177
-6013
-2963
-125
1456
-6534
-428
1338
-4955
2149
3816
1950
1053
-437
8240
1253
-3752
-5544
7406
3431
-9878
-8811
1901
8977
6080
7783
8760
558
8857
-8901
8428
-5611
6120
4161
2153
-7486
-1951
-372
4205
-7057
-6956
-2678
-7529
726
2786
4861
2372
-1374
-2148
-346
-6615
9440
-7049
-2351
-1016
1108
4248
-6629
8756
-7960
-6471
-4994
9571
-3096
-9243
4633
1135
-4065
-4027
4769
-2146
1378
9412
7234
-1067
9929
7845
3954
9534
-5342
5168
-2005
8535
6321
5712
-5837
-608
6910
5044
1365
-9812
282
-5521
-9625
-770
-5293
-2090
-5221
9004
-8714
-6870
-2974
3038
8033
-3860
8971
6864
3928
3016
5011
-3383
-4270
5791
-1916
-2046
9768
4374
4664
-5247
-4359
5953
-5748
-616
7729
-4083
8507
-5990
6763
703
9863
942
-8071
-1893
1605
-2156
7655
-3306
-6409
-6632
6077
463
-3515
1435
4454
-5893
-9208
-401
4033
-6579
-155
-5062
8094
-4159
-48
1975
-9435
-2672
-2997
-320
5305
-1851
9363
-7740
5141
4496
-1474
-2622
-2419
-6780
-7825
-1255
-4120
-360
6789
-6183
-7803
-633
-1317
4215
4261
7507
-4790
89
-3852
531
-6650
-9586
5498
6537
4174
-4535
-8241
2652
2410
-5796
9536
-2452
-763
-7117
-8521
-4504
-9355
9351
-129
-9741
-8954
5166
8199
-4030
-4443
9098
5070
7544
9254
-7567
1155
-1839
-8150
-8387
979
4258
-636
7960
-9971
7520
-2594
2870
9024
-7731
5440
3624
-368
8686
20
3974
1666
-2314
-8230
-9756
-8120
3208
-1126
-2593
-3911
-6685
-8645
697
5361
-3390
2978
-7353
-9942
-1605
8470
-6226
-602
8788
6033
1151
-5844
-9480
8259
-1113
-6481
5467
-513
-8326
8261
2266
-5573
-6536
-6244
274
2514
6773
-9426
701
-1409
1908
4348
4823
-3668
-3875
6391
390
-1165
-3488
-9014
1580
846
-9570
-4310
2059
7961
-5088
2847
4101
-5217
9942
7643
9896
-5406
-8216
-4257
8337
-6574
-8060
-383
-6038
7191
5105
8528
-7353
761
5915
-6369
-6199
3967
-6347
-598
3979
-6412
-1094
1614
-8952
-3167
-1136
4727
-78
-5783
-4542
3413
4580
8542
-8909
-3220
5807
-9213
-4669
-2922
4474
3967
-5561
8470
1495
-9940
-2282
2580
8470
726
-193
-8305
-6214
4875
4933
-5499
-4119
7165
-7229
3940
-3824
-3004
2181
-5999
-6531
7143
3501
6104
2652
-4193
6656
-1102
6032
922
1023
8986
1089
3684
-7801
36
653
-9988
5543
2638
-7382
1359
4156
-2008
-1990
7059
1115
-4099
-3560
-8956
-1428
-8212
-6766
-7056
4627
3124
711
7105
4729
-2787
2863
-3446
2472
-9323
6665
5166
5260
8185
-8352
-7260
275
880
5213
-8339
-5055
2224
7228
9546
-5447
1527
4291
6379
-2282
6939
-8274
849
-5147
-4391
8365
5842
5738
-1620
-9594
-3178
7083
1221
-5327
-3867
-1671
8289
9608
422
8089
-4758
8168
-1439
-7762
3513
5839
7075
-2216
6781
6907
-36
5278
-7615
-5254
-2708
-4730
8976
-5432
-755
-876
-6273
-523
-9626
4729
-868
3927
52
1738
-509
1029
-1483
-9512
-6778
-3497
3356
9288
2671
4302
4886
-7622
-7901
1301
-302
3261
-2312
-7338
6741
-624
4411
-9276
-2065
4661
29
-9622
-8846
8714
5711
6134
8144
6169
-5992
2768
-2148
6178
-9800
4319
-424
-6197
-4597
-6924
8579
-6506
-5392
1649
1559
-5720
-9404
-2055
33
-9934
5005
9309
-2930
-9681
-8600
5780
-812
4103
-8878
-4120
3746
9224
-8606
-7138
-40
-8246
7946
-2687
-7090
-5642
-9845
-3052
4700
-3424
-8762
-8061
7510
-6871
-4850
-2227
-4965
-7972
3323
8937
-8003
-7054
-2361
8002
440
7249
-1619
-6444
1586
-6296
-3828
1255
5116
-8736
4021
-8017
785
8571
2494
-7125
-2564
3943
-933
1594
4011
-400
6025
-4551
-1439
-2842
-2158
8542
2149
-7633
6715
-180
9879
-1879
-7791
-4629
9429
5840
-520
-6399
1903
-8741
-8459
-6583
8709
5705
-3607
-8189
583
-2726
1600
-5796
8279
-4331
-3264
5725
5020
1970
5341
-1075
5184
2794
-201
4342
2812
3877
53
2811
-8500
4525
7686
2698
-1336
-913
3927
6715
5864
-1631
2871
-9446
9852
-7643
1427
2195
1282
9217
-8592
6198
-59
4871
8789
9460
-1853
-945
5721
9689
1886
4155
7092
5150
-5340
-6815
-9619
2973
2971
2048
5072
9829
-2828
-1694
7662
-1770
-5675
-1670
-4095
4818
1502
-7933
7755
6212
6693
6517
8913
4694
8010
7697
-5495
-228
8254
-1491
-9094
-2651
-898
-9011
-4412
2148
-4987
-3241
-6324
-770
9091
631
-2642
8446
2803
5373
-2873
-9709
6181
8308
-1463
1545
6535
-2626
950
-6736
6162
-172
-3659
-7928
5846
5899
7666
9895
-3594
-2706
-2811
-7253
8197
9967
8185
-1050
-9785
7473
-2827
-2917
-9505
6741
-9084
-118
-4064
-8082
-4145
4359
3751
8327
8748
7547
-663
-7502
-7391
3648
7790
7570
7231
-8629
1913
3895
-7350
-8367
6258
-7071
2917
-3572
-6083
8497
7913
-8337
4352
9672
5047
5411
1088
-9361
4276
8186
2720
1032
815
-9762
3891
6411
-4013
4036
-8857
-7421
445
6257
2262
336
3847
2324
6504
-6361
8583
-6543
-1233
-4669
-9605
9396
8712
2618
-3041
-836
5887
-7662
3173
1796
17
-3499
8979
7105
4777
3160
-1299
-3286
-9608
-4805
2659
-3064
9410
-2946
-5303
-6332
9190
-5101
6007
-5023
9116
4417
8683
-1658
668
-8776
3031
-6706
-2643
8447
2154
1520
9805
-2655
-2425
553
-24
-5270
-6704
-4222
-6050
1137
2767
-4152
145
2053
5483
2680
8638
9005
-9767
9513
-5963
-753
-6951
9303
4542
6132
-2331
8032
7218
-7225
3548
7890
9581
-4890
7919
8288
2059
2073
-1941
5650
-3404
2519
7913
-5383
4289
1401
-361
4568
-6825
1963
5416
591
-7087
-2225
-2365
5838
-1970
5800
3947
-5572
-7218
-8098
960
5927
-2364
5300
2609
-9422
-7653
-3425
8503
1819
7184
2136
1223
-1185
5231
-585
8053
2330
1949
-696
4779
-761
-3993
1392
-4597
-9952
1417
-8893
8255
8016
5563
3922
-7914
6120
-692
2196
-9787
8319
3450
9546
6132
7301
-7937
7221
448
1062
1585
-6524
-9193
4363
-4575
-9130
-9735
5278
-5657
-9085
-9173
-5149
-6696
8584
-8194
5424
-4910
-7355
280
1444
-4335
5906
-880
280
7156
-944
-9396
-4063
8515
-9096
-4073
-6186
3947
-9890
7045
-387
-8258
2247
-2594
-7687
-9733
8356
-2496
3301
6191
1991
1320
-4544
8294
7002
-832
7072
5234
7405
4821
2161
2038
621
-8975
5805
-7859
-4276
-6251
4428
5367
2267
6645
1303
3212
-3320
748
4573
1686
-2455
-9052
-6365
692
-9196
1723
2835
-4717
2998
2655
-2798
420
-7506
8119
-1269
2232
6014
-1215
9648
-5459
-3527
-1913
-6575
-6714
3378
-5722
5724
-5443
4004
1763
7776
847
-4721
2447
446
3052
-721
-2370
6698
-3457
-9963
9466
1856
1171
7076
-5239
-1270
7519
-9429
3094
-597
-2463
-8113
2237
-1092
1799
-7935
9719
-950
9558
-4015
-2915
-5174
-7966
9715
-5677
-7898
-144
-2812
-5803
90
8116
2329
8690
7338
5890
8898
9012
-6876
1148
-1581
9204
-3225
8384
-7332
-6623
1287
-2460
9030
-9458
6186
4742
-5574
-2366
2700
-1575
-5661
2144
-1756
-4185
-7709
-4827
-9067
6073
-2263
-8120
8990
127
8133
-9980
-6085
7367
4868
7038
8951
-6369
9454
1533
9697
6413
-327
-5302
-706
6150
-3054
310
3235
-6228
6842
-7649
-5651
-3756
1471
-5279
8784
8311
7981
8217
1986
-1003
-583
4013
-73
5942
-6379
8941
8933
7798
-1916
-8161
-6546
-33
-3252
8291
-3113
-8956
-5133
-1880
-7512
-8063
-5795
1367
-6989
9677
1521
-6755
7731
7035
9306
-739
6578
-1000
-5173
1842
-5940
1474
8196
7384
-4747
6872
-9455
6813
-8557
-268
-6654
1352
-5143
1274
4628
1780
-5604
-4571
8336
-2401
7162
-2902
6111
-5929
-7138
-9801
-2831
-2620
8577
-2265
5512
1032
-8144
8722
-5862
-2887
1703
5520
6376
8449
-8038
6000
-1288
7863
-6929
-9664
5460
-3660
-4649
180
354
9512
-8765
-4189
7809
833
7295
7485
-2569
-2407
5745
-1178
-6218
-4099
3665
-5473
-8551
8013
5791
-3696
-6841
5758
4716
-2579
-6239
7530
-7142
7293
-6516
3989
-3920
-3003
7985
6520
210
9378
1570
-3868
2392
1954
5171
8618
-2555
-7938
3928
-831
7587
-1411
-513
9641
-8477
2347
2316
6422
6773
9119
4349
-5794
6548
2
-7205
-1447
9266
-6494
8519
3758
1230
-2598
-39
-3648
-2299
-788
-1184
9762
2935
-2832
-3212
4971
2430
-5180
2092
-8595
656
-6229
-629
1542
1802
1661
6906
6095
-297
-7619
-8253
-3119
-630
2036
-552
6598
5044
-5506
-6534
-6576
665
4313
1239
-1524
4897
8330
220
-7170
-9975
6934
-587
-2753
-4856
-5480
2417
-5680
7475
-1893
9432
1596
5816
8808
6491
-9413
-3228
7821
3334
-2652
-4509
-9247
-4013
5192
6762
2796
-7902
5639
-4936
9803
-541
-7669
-818
3316
8439
-5440
3006
-344
4287
-9288
-6112
35
8205
8535
9157
4243
4683
-9328
-3803
-9814
-8939
3717
-3592
1164
-5491
-9717
5091
-6356
-7898
-1776
3367
-6707
-7300
-2335
9366
-1294
-7663
4686
431
9454
-2924
1109
4552
-8515
-4060
-570
6093
2479
2475
7739
-9625
-201
-4008
8498
-6082
387
2246
3539
2928
5446
7303
4314
-5366
-3120
-2640
-2154
-8393
6452
-8905
-8361
-8509
-7181
8400
-5207
9888
8217
-1722
-2298
-4794
-3112
-8494
519
8166
5624
7036
-233
4673
1788
8539
7824
4932
9321
-8489
186
4528
9620
-1314
3150
3911
-4119
-2134
-513
1305
-7914
566
-3428
729
2253
5171
3146
8147
-8976
1420
8154
9669
-6582
8594
-1963
756
-2180
6433
2154
2682
253
4820
-4746
-357
4521
584
5204
4118
4660
-3848
986
7649
4541
1570
-397
1676
6703
9433
4948
4044
5737
6168
9212
6245
5415
-657
1862
5846
-658
-3648
-5668
5678
8830
6531
3359
398
8101
5923
-9566
7217
-7341
6604
-7745
3706
748
-2281
3572
-9441
-3106
7313
4271
-5586
4902
2840
4118
4116
6868
-9853
-6789
3553
-990
-3030
-7909
165
-884
-907
-3728
8452
3816
-2830
-2205
-4055
-5432
2994
2856
7716
6962
-2654
7244
5044
7424
7690
836
-1770
-4797
5516
-5564
-5255
-8152
9930
-9466
8922
1144
5516
323
-3847
6012
-8778
-547
4208
4161
-3700
966
7600
1530
3675
3886
7038
5663
5490
-3154
3761
3481
-2020
8021
6691
8819
1086
5716
-7343
-7237
5717
-1931
-9161
-7002
2931
-877
897
3407
4019
6859
8995
4482
-9831
-9091
5840
-8748
266
-4904
-330
9340
-3191
7643
-19
-274
-9869
1652
-1066
-8348
7001
-6323
-5412
-250
9556
-2619
7321
-2065
9559
-4998
-7781
9778
-4932
-4979
7693
-6180
6824
-9906
-1486
4518
-9846
-4559
2218
-4936
4058
-9225
-7084
3168
-4262
2114
8110
-7482
-2897
6363
-8875
4592
-2706
1652
-9356
2508
344
-227
-4004
4335
-9604
-823
-621
5454
-2002
-5395
-5339
-8139
4573
9771
-3869
7542
-2887
-6501
-3047
9919
-3098
5599
-18
-6215
2391
7959
-7794
-496
-9561
594
2908
419
6952
-6935
-5887
473
2023
4400
-9790
5090
-1885
-3181
-5235
-1830
1780
2495
-2912
-933
9359
1133
-1777
2514
-5468
4456
-8712
5475
6168
8646
-7470
-698
-3322
6379
8861
-9465
5464
-7585
6315
-7423
3351
5783
-8631
-9121
-2730
-4966
-5031
-5888
986
-7737
-7514
-6437
-4866
-8025
4076
2034
6968
6185
5050
-8725
8153
-1801
1048
8184
-6445
4332
-212
-5844
-9851
4528
-7868
-9722
8988
-2767
7145
4224
-84
-3339
8782
1164
-5957
-7875
7901
9146
386
9271
4706
-1622
5712
3980
5802
3724
-285
3347
-3478
8463
-8069
5917
4932
-2613
8849
6320
302
-4151
-9720
-9214
3377
6127
3603
7342
-9490
1048
2506
-4835
2418
4575
-2605
-5832
-6112
3882
-958
2972
-7719
4838
1912
7590
6998
1231
8305
5611
1751
-7667
-8204
6890
-8186
-3231
5488
5377
2707
-5759
-2771
-731
-9835
-2887
-6947
9122
6253
-854
-5950
754
1138
8588
4482
6693
73
-5703
-6555
-4042
-6405
-1097
-6562
-126
-1688
-7048
1016
8632
-1847
5442
6048
-7582
4935
4597
6472
-8831
5719
4533
-8128
4067
-1279
2493
8745
2469
-931
-5709
-7290
-9735
-9483
-2954
8696
9801
7058
-6872
-1310
-6444
2155
-3600
-8284
-7298
1618
9076
-54
-2478
6769
-2607
-9606
8412
7126
-7789
4141
5353
7487
-7047
-4819
-351
-6324
-7643
4317
-8160
3430
-197
1901
1936
-6623
6447
9629
-2656
-3724
1471
-9039
-2783
6472
5000
1348
5731
2974
433
-7985
846
-9321
9215
-5586
-8753
5107
-4609
5845
5711
6434
-6531
5668
3576
-4698
5519
-9797
-7111
3060
-2150
-36
4932
-4366
-7519
-274
3891
-923
851
9204
-4184
8844
8174
1949
3821
-3414
8084
-8063
2023
-2946
-7467
3399
8350
3228
3811
-8467
9406
7916
-7554
-7686
-4458
-1093
767
95
-8157
6342
-9635
-6839
-8708
-8103
5847
5934
-4751
-6670
297
2503
1475
-2143
2069
-6987
5037
8488
5057
3200
3289
-3352
9539
-3092
-5728
-9422
-6227
1173
9210
-7555
-6040
-8550
-9280
-3583
-2434
8147
-2642
-9106
-6866
-5233
2124
9438
5026
8855
926
4210
-3125
238
5288
-4040
-5996
-2014
1461
4713
2833
8508
-6409
-6627
4556
667
4200
-2220
-5493
-320
5499
-2501
3281
6797
4662
-2446
-3403
-1298
5808
7757
-8638
-656
7354
2411
-2426
573
5928
-8277
-6939
6834
5536
8948
-4298
-466
9436
4451
4561
-4967
9263
489
-9170
2503
-3841
2447
5026
6033
-1038
3038
3182
7314
-6434
-8257
2325
-9919
-1079
-6302
3733
3358
3147
8494
4843
-397
3875
-4060
-7355
-2586
1002
-4617
7148
2263
2871
-7478
-9550
-4290
-7707
-5100
-5909
5635
6080
-3565
9114
5282
379
7254
-7098
-2270
-8284
-2873
-3672
-4003
6030
-6076
2218
4239
-6837
-9887
3565
7528
3687
-1217
-7024
-262
7808
-6288
701
594
-4253
-4586
-562
-6276
9488
6263
7728
-2964
-8290
-1669
-1110
1132
7573
-3773
-8237
2992
7944
9608
139
-4194
2493
2489
-6526
9219
9522
-1194
-7825
4607
-5589
-2988
4789
5915
-4668
7487
1046
8295
875
1467
-9713
-8470
-8902
1546
8486
-7587
-8589
7013
-9619
-5277
-6876
-1637
-3254
6002
-916
-5373
7925
4989
-9580
6037
-8644
8440
-9391
2045
-3782
897
-215
-4760
5928
1959
-1072
-2042
-3276
-8065
-7685
1166
162
-1437
-3938
7870
-1905
-8846
-4151
-594
-9779
-7476
-6258
7884
-2184
-8603
4560
-7195
7457
5512
8872
-5699
4880
8769
7258
5766
-3732
-5028
-456
4077
-9266
-7500
537
-4390
-5251
7003
-9250
8749
-6087
-918
-9395
9861
-1381
4204
-1161
4934
-2951
655
510
-3843
5479
1896
1263
-8931
7325
5296
1544
-1161
-1358
4372
9130
-8004
2972
7107
3539
4604
3930
4927
-5459
9913
3314
7952
2658
4138
5757
5752
1477
5473
-7565
-9640
5836
-9005
-9067
-932
9876
2809
8747
-6004
8922
60
5767
-3970
-3100
-2282
-8578
5346
7357
2478
3576
6654
-4569
-8764
6475
2737
-7851
-7393
-9028
5098
-2695
4993
9739
-3219
4502
-2495
-6926
6002
8698
6121
-3469
-2709
-522
-3714
4312
-1674
2461
4345
1226
8736
9522
4680
7294
-2674
177
-3945
531
-8119
-4847
9219
8246
3680
-6735
-8164
-3906
-4504
3892
-688
-8874
-428
-4848
-1234
8442
2446
1087
-5254
-5966
-4021
9304
-9913
-4076
-605
-8369
6151
-5486
9386
-9510
8980
-2430
8317
-4710
5963
2396
-6067
-2391
-5663
4533
9831
-9647
-7278
-5365
5395
-8847
9193
4736
1528
-6880
3899
-5210
7782
34
7354
8071
8753
-6272
6973
2130
-4087
-5939
9174
7422
1310
4296
-6135
139
-2790
8707
3198
-9926
5741
2108
-2179
4592
-888
