8010
7925
7769
971
3740
9875
5782
5448
6617
5088
9680
2939
6117
3249
1065
1686
7329
2419
7195
6000
335
8508
7155
3956
7565
3683
2706
800
9149
3884
8833
6054
7500
1248
3606
4143
7287
9576
4502
4391
1532
8403
3225
9590
9945
5768
156
978
1266
58
2612
4968
7996
1459
3289
3781
6244
8657
1040
332
8874
3966
4100
7857
5346
7904
5688
9130
6261
402
2251
3828
2860
2208
1304
3077
1479
7220
4851
9512
509
9447
8881
1998
6138
6214
8005
7367
9189
1884
8197
8009
4276
3738
5014
7256
5412
1623
36
7943
2760
8617
2451
4606
7967
8409
1382
530
4433
3302
4396
8092
1238
6982
7806
1427
1913
3295
7535
7342
6667
92
6121
1408
3937
458
9801
8815
8723
5423
1282
8324
481
8124
5860
7510
6977
6951
9360
2699
5222
1510
732
6168
3294
8961
8355
83
6074
3040
6738
7086
5316
1404
2222
1894
2120
4884
1264
8018
2912
8262
6468
5394
481
8925
2334
1856
442
6262
2955
9970
4361
1428
4909
6935
6191
2603
4396
6216
4156
825
5389
7130
3968
2018
3692
9437
7866
1043
2758
5157
6632
6106
1596
5908
5732
5790
8984
5463
1468
8615
1587
4325
9174
9299
1995
6518
1687
5872
3205
9442
596
233
8695
8898
3554
504
7015
247
6797
6212
7175
7436
2765
2387
5403
6551
6912
1475
2853
6638
1074
3139
8567
2609
6002
4799
2519
389
6399
5177
2061
6463
2150
2866
8216
8374
515
3754
6464
4165
2918
9766
6438
4537
4163
3469
9338
9581
8250
2837
8797
3816
8708
849
5944
2889
2938
1580
5442
1619
7471
9494
7995
8042
5465
6956
2758
9378
7496
5538
9651
9072
1824
3280
4915
2810
5902
9705
1173
3072
4196
2363
1377
1576
6012
3129
1381
8506
2780
1485
4981
5043
5292
4395
4957
4684
8508
2971
672
107
2243
740
8562
5121
8915
4076
6083
5683
5975
2991
4487
2942
665
5383
6207
317
9243
156
8407
2690
9725
5560
5273
3255
7816
6501
9920
9293
5360
1262
6901
9058
7276
7348
4949
2988
3811
2526
8589
7847
5498
2436
3778
7906
8622
7144
2131
4376
7229
5421
6004
6289
515
4895
5232
3277
3256
5070
4342
7436
6798
5533
5637
1756
5896
4558
174
4815
4661
451
2097
1568
6549
6261
1046
7498
1754
8994
5777
7144
837
7385
6402
3585
9805
6589
8009
5540
9043
4383
5587
5341
1807
4060
2587
2506
5561
4847
6690
8958
7696
1898
5498
4250
7971
4760
6472
5421
8965
4929
2922
7666
9053
6098
1603
1896
4470
3659
9543
1294
8574
376
8624
6359
6470
3868
3906
6842
8076
8559
3839
7374
4965
7132
3224
9121
7972
6855
790
440
221
7548
6802
6744
5979
650
4158
9396
113
4249
143
5508
2059
8864
251
4238
3803
9126
4938
586
2042
6016
822
9390
2874
1854
1440
9775
3756
9760
9341
5504
6335
3435
615
257
2488
5599
9594
2689
3270
8236
7406
4672
2161
5809
9615
5994
9535
1453
3144
8813
6617
9024
8635
3022
8282
8
1770
5677
7328
7944
4289
601
2633
5402
8761
8196
9805
5864
1679
9163
7180
1406
2376
2806
6222
5055
7594
1885
5934
8536
6686
443
2713
2000
15
9113
7968
1547
1029
6812
4755
1509
5150
8260
7189
5563
8581
986
8693
980
942
1830
4732
972
6748
524
9380
9324
974
9533
676
6323
6807
9500
5621
1048
5611
2749
6514
5055
1411
2146
2918
9124
6533
4445
8690
8341
636
5752
5595
7548
4526
2475
7371
4636
3015
9971
6230
7004
3867
3908
9674
9312
9248
4785
3676
9763
6188
4786
1920
225
6092
9705
5056
9508
8357
623
4859
5198
6615
9325
5271
9999
3851
8406
3903
1978
5279
1335
7219
5674
152
9987
2624
8798
3767
4483
8126
6725
3652
571
6013
1078
1775
5894
9079
1395
7392
5169
1033
2480
3870
4870
8219
6743
1455
3075
9902
4292
5178
9431
9785
5778
608
559
5320
34
7218
94
9015
9649
8764
9792
6038
4221
5721
3691
9015
3727
7884
7176
897
7583
9904
9675
8387
216
4852
3557
5723
6725
6823
4565
9716
8331
9618
976
4449
6923
61
450
1619
4063
5784
208
541
5776
6436
6240
6386
8551
8899
3131
7786
2654
5638
6213
8155
1761
6608
7217
7808
5821
1661
6212
5700
7670
3465
6113
2076
4877
8336
341
5129
5828
3525
2027
7847
1082
4389
2883
1590
4878
956
7464
5367
5449
4081
8822
9067
4926
9941
4902
9904
280
2881
1702
8908
976
11
2136
7600
9354
198
8699
3340
4470
2333
5103
6597
9716
3599
7407
2157
127
2736
4961
1260
6836
75
2277
427
5672
7975
1982
7791
9732
9960
7981
1141
4268
4269
185
3398
7875
575
6006
589
5217
7945
8252
8565
8516
8005
6823
9392
6438
595
4618
3053
6581
4356
77
5181
8485
1694
6322
8580
8255
9347
2494
5570
4223
9599
5494
1514
909
4956
6208
4668
2235
1146
6354
9977
8063
4631
3639
8445
3585
2689
8853
8280
5715
5518
4594
2282
3874
3178
3608
7560
3556
8941
8112
3775
7180
4330
1204
1162
5975
5758
9358
1656
8247
7599
7997
3697
5517
5910
4669
44
8802
3548
4622
1964
7743
7191
8029
4413
6170
3446
3134
2796
3477
8519
365
5509
6798
1960
2404
4135
195
2974
6547
6190
3361
718
8954
892
2412
7554
266
7917
4036
9457
6480
9712
8613
3254
3696
1518
4813
5732
7462
2523
9958
4277
4566
5753
7574
1759
9820
3630
9046
8845
7703
8532
9908
7637
7945
6662
7520
9697
5225
4931
3880
1589
2336
1625
1230
5582
6280
9727
8190
7285
5802
2053
2098
6904
5301
5419
2184
2125
4701
5389
264
7028
4551
2493
4869
1822
9381
4500
8323
8300
7186
838
6134
8395
7070
7125
8496
3695
3976
3537
7020
2687
454
2142
3701
2091
7342
1997
2102
7417
6214
1299
806
5229
4236
1537
3891
504
8398
632
2115
1935
3094
7065
810
4662
5954
2940
1355
2821
3714
9970
9804
7876
948
965
4183
1303
8309
8199
6081
8845
8511
2640
6981
8209
2794
3100
7385
5644
1513
2220
7007
7989
1435
991
8160
6354
2262
2194
347
8791
2146
3666
8165
5388
6216
6515
3497
9598
2589
1305
9045
7271
2821
4228
3429
3576
7410
3515
8749
6899
4328
6193
3053
2603
5491
6532
1024
7151
1111
6612
5054
851
1651
7543
7415
7416
4101
5826
7640
1596
9691
2710
8157
9218
9729
4311
12
4344
9707
3898
5950
6160
8313
4556
7709
4492
4380
7950
1443
8270
3483
7481
7162
5939
6651
6567
4675
4727
8737
1397
1631
2276
3168
1562
1722
2387
6505
52
6876
6224
9015
4008
1549
8461
51
9950
629
3409
7669
359
5971
680
6487
3142
6292
6922
3302
5488
2571
731
6997
7382
9586
5229
4427
8675
2351
592
2788
7506
8535
9500
3795
2046
3189
6963
4779
3113
2511
3213
1739
5502
782
4792
989
9160
9356
3327
5616
6584
9767
9436
4507
4653
4050
1588
7232
6558
4287
9187
1889
2195
2858
3507
148
1875
2584
6200
6566
6654
9862
7522
4779
6386
9915
7369
3797
4140
9585
162
8107
9206
5142
3071
261
9745
6536
6181
4670
5170
8890
2360
8870
3107
2662
7857
701
5061
1194
1279
7641
6398
9557
1087
5106
8129
8464
6659
4605
3591
9607
316
1938
3743
2716
9737
1859
2080
2762
9788
8108
2113
9536
3925
4926
4153
1112
5004
9590
877
2403
6264
1809
5903
156
1023
2648
3188
4454
5385
2833
7114
7103
4934
5990
3697
545
1024
1798
352
2527
4266
1226
231
9584
216
6664
6931
2075
9610
7419
8261
9469
8718
9797
4070
1518
717
9318
1702
7879
7204
92
9851
5402
8105
4280
3861
6489
281
6058
1098
3957
4826
3941
4781
5352
2713
5119
8301
2743
3349
6023
5464
1331
3295
7265
9095
54
8137
9516
7317
2898
7210
4419
5367
3861
1542
6218
2801
5938
8431
7415
4946
6220
7302
3049
4695
9149
9647
3779
7543
798
824
4113
1218
9517
7354
756
1464
422
9442
8073
2900
4370
7800
1068
6491
3925
3945
722
4317
3088
9507
1747
4243
4647
9636
7091
5475
9032
485
9981
4465
5350
6142
6610
7075
3334
1957
8941
6084
6124
6831
1724
8485
2215
8615
1269
213
4872
6574
7992
5230
3646
2133
1562
2836
9549
9952
5127
2849
659
279
3780
860
1391
2120
71
6440
2203
1743
5849
9612
8557
7547
97
6457
5751
3954
4688
5410
4617
6671
3652
5973
2592
6163
3988
98
9734
7054
8491
2540
1870
722
7181
3979
5586
7151
8418
1552
6879
2766
1888
4685
3186
1049
9940
4076
1043
1184
9783
9560
290
8808
6272
9360
1048
9042
1972
463
3947
2571
2091
6775
9151
6904
6374
8192
895
923
7879
7139
7161
3406
8674
9574
9882
1494
3537
966
599
1384
5148
7653
9314
7432
2701
7706
1533
6844
360
8854
7152
8819
3580
4020
1840
7220
1807
5687
8794
2978
3587
7536
1167
1381
4507
2990
6973
9807
6703
5895
8898
8165
4369
9761
7414
6403
1682
7589
6110
1973
5906
2229
8149
2218
2370
6301
8698
6477
3072
6330
2246
2893
3632
8555
4570
1318
8809
3215
6756
9240
6020
4752
6262
4111
3954
956
1555
6284
9244
8323
8691
8698
4190
590
4043
7553
374
3712
643
1882
2528
8949
9005
8608
3960
3440
4854
6843
1595
8355
197
9414
8589
1026
5041
7983
9411
4238
7749
8399
5690
4913
6745
3769
2720
7156
7290
7964
9725
5487
5567
5992
3095
8927
3927
1209
8395
1046
3780
9056
3613
9842
7723
7051
3766
7241
2680
794
8337
3481
895
4550
376
789
6661
3353
6882
552
4562
6184
4696
9986
9249
1519
6572
6104
9084
5205
5826
4266
7920
2903
9456
515
3404
6821
3060
4441
5823
688
6527
1217
6094
1099
8958
2839
5531
4706
8024
6483
8640
8048
5049
3812
3808
9471
404
4248
3359
64
9251
2037
8692
7377
106
8672
6502
9368
4423
5856
8657
3578
2125
9097
7794
1825
3924
2404
1543
9095
6277
4105
242
5022
6495
3424
4016
443
4680
7808
5414
6999
2728
5949
3379
1657
5340
3809
7987
3428
4131
5378
7642
3868
9013
2387
8922
111
6636
2304
5635
1428
6418
707
6605
1986
3762
5960
8624
2735
239
8203
451
2687
3499
4450
684
1969
5174
8606
7556
344
542
5324
8365
4750
1681
9725
9806
9380
8469
6603
1154
9150
5042
5
2972
9614
2761
1049
4608
2203
1580
4493
6198
611
3971
8436
2698
8574
9245
6445
4988
9512
6380
3227
9237
7494
2428
7345
8901
22
8915
945
2410
5916
1243
748
2327
4693
6742
8139
7036
9677
4320
3025
1274
7516
9394
513
776
4079
9261
1615
9804
9182
3864
8144
5165
2291
7192
755
7478
7452
9189
7327
6893
1748
7820
8326
8310
8261
127
5133
7920
7626
6544
8818
7787
589
1529
5599
4000
5108
7018
7330
8990
3580
8524
1692
2206
2774
8324
4328
9467
9112
8364
7321
1474
7429
8807
3781
5159
1196
2650
3912
1047
6316
6412
9248
1774
8134
5826
5535
4092
407
2593
9717
2427
3507
1517
4660
2197
7986
9617
5155
1441
415
7177
1762
8265
3510
891
7739
3040
597
4244
3003
8043
9303
9059
9265
6726
608
4513
3168
5839
6038
2215
427
3981
8181
744
2843
3771
7783
5545
1741
5765
1877
9949
8084
3750
8335
3257
9759
9922
2602
1759
9172
8663
4989
6060
1075
369
9676
9974
8502
612
4058
8605
1190
9624
3247
708
9230
1631
7871
1515
2916
9305
9111
2576
1190
874
9835
2841
1698
6563
8480
1248
3776
3980
6116
7966
2415
5707
203
8743
6250
4954
7375
3579
2663
4408
8442
7300
6280
8813
9022
6834
9931
3305
1048
2863
4063
3309
3612
2204
1659
8129
8506
3121
3378
8327
313
1776
374
1300
9876
7946
265
7331
5773
6737
9239
2145
4511
8040
872
869
4718
815
3445
4108
7496
4520
8688
4587
3793
3701
9038
5007
1034
6608
5146
4422
6091
584
9889
4364
6349
8874
1137
8581
479
2323
2574
6405
460
2548
4201
4794
5396
7417
526
9117
9931
7016
8308
643
6184
5163
5445
6324
6014
3128
5534
7734
2686
6891
6484
7260
8321
6493
2993
5046
4655
3536
6333
5183
1297
1974
7522
4848
1409
4685
9942
1992
2853
2220
7542
4492
1450
3159
8603
7544
4156
9513
2796
1526
499
4616
9823
9757
9879
3491
2220
6156
1772
151
7906
1935
7617
324
4394
9320
5112
4588
8642
1219
1369
2261
6163
7955
954
8761
6506
5909
5469
5737
3563
6431
8186
8400
8779
707
8404
6627
3211
8691
2701
6022
9819
1508
2127
501
6291
8684
3997
1043
1078
1761
9413
1256
3109
12
8185
4575
1
9927
9822
3203
3339
3107
4066
1003
9402
8865
2283
5397
5694
5809
9036
7711
5242
8912
8524
4573
4849
4632
4706
276
1692
6269
3595
378
3349
818
6675
8059
2940
766
9571
8449
4835
4219
1677
1926
5619
275
825
2646
7386
2550
6143
5686
966
1444
7027
5969
2895
6730
6033
8115
2688
9719
2154
4599
5575
7333
8768
2092
3096
5577
6288
3578
3585
3552
3587
3101
4894
1744
606
5395
8341
5834
2447
6913
9528
7188
8551
1230
5811
512
4428
2948
5652
3603
6565
8307
3967
4063
7304
4798
8205
5209
7508
3531
6423
4893
8121
8869
3972
5769
5488
7417
7033
7495
9506
363
3832
4314
1108
1746
4989
4632
5583
4227
1266
8877
3431
2232
8014
8590
7680
5106
928
6251
3839
6603
7620
4563
5259
7156
4162
4372
5576
357
3090
7436
7169
2
8790
6639
3243
626
1259
9811
6495
7983
2486
4760
177
6177
6525
89
109
2371
2526
5621
6360
1566
6772
7736
7081
1254
1486
9191
1402
9384
7278
386
4121
3345
872
1506
825
8560
3710
121
1630
4754
8252
9009
3853
4785
5732
992
2598
5141
27
6978
6713
7887
8362
8332
3821
5920
4676
1531
2942
2735
7446
8161
5270
5069
6416
9755
9149
4193
7426
3020
98
8617
9110
1275
6811
2460
7199
7870
3252
7240
6110
5522
7806
5388
3625
5836
6580
3455
7944
7264
6653
1644
2186
1637
9409
8356
2639
6811
920
3226
2843
3295
3717
3301
9448
8123
2682
5664
8651
1368
686
537
7040
748
6141
3898
8926
5137
2387
7058
2359
469
3914
791
2618
232
456
1562
6552
1378
4630
2814
2369
606
5047
2834
5446
5480
3126
4642
2595
4262
2865
3074
5509
5687
4428
6939
1368
2994
9265
5679
277
4081
5407
8600
222
6870
2553
2430
4140
9173
4159
5694
7264
7377
999
2060
5663
8998
5674
7380
709
5736
2535
3481
351
7156
34
9071
5823
7452
812
2649
3163
8093
2827
3081
504
1108
6211
3567
1452
5251
5271
4640
9828
2391
634
8411
2046
1886
612
3822
7071
136
2957
303
8123
1747
8774
3173
3029
1547
6437
1217
4383
2131
2860
2153
9735
4077
3780
1727
1259
5407
8725
9783
5486
7995
2468
204
9915
2283
2453
6666
506
7803
2981
8171
4492
7735
2746
7659
9472
8313
3258
1493
7921
7721
3789
6908
8699
9032
9767
7868
684
6623
3987
7285
5563
6445
1326
3085
6335
6095
5343
2566
1267
4693
6898
7505
1024
4008
398
1108
8021
8649
993
3181
4639
1853
1526
7613
5729
5414
9337
2047
6924
9233
8276
4091
39
5266
8610
4012
3876
9401
4887
688
6100
8602
6584
8986
6193
1049
2274
8172
1246
4189
8819
2025
4270
5712
6452
3733
4473
3911
7107
6435
557
5492
8829
9962
4532
7803
7534
175
7306
8062
2720
7955
3457
2092
6795
1924
3401
924
9986
943
5087
8508
9118
5239
309
4411
9746
4815
4673
8068
2890
9034
9804
2047
5195
3772
3871
2489
5297
7002
2492
7260
6847
7726
9111
5211
1620
3025
495
6063
4670
674
9449
953
5472
2510
6232
6335
4179
4654
8919
1499
3370
4020
3613
3883
3905
8235
6476
2437
5523
1395
591
3277
6434
8355
8875
4741
9746
9429
9777
6864
6546
8368
4339
9222
2571
1750
8977
7503
5297
2325
5742
7533
7423
4020
5343
4493
877
7920
7905
1416
6186
9795
5394
3330
9893
3629
8727
5722
7189
7799
2365
9066
6093
6816
3582
1292
790
1132
287
7109
6905
4439
3549
7887
4526
8448
90
8078
321
961
5213
3521
8892
7201
7983
5504
3014
2624
6111
7995
431
8435
7588
3077
1476
5949
1600
7412
8859
3099
5097
5200
9472
281
8001
5088
7245
2985
4929
1202
3945
8651
6776
6007
4433
3453
2640
5627
8714
701
1729
6888
3705
6770
2100
6291
5940
4142
2100
2371
898
3749
8169
4640
7288
7037
2103
6301
7708
3642
6988
2618
3634
4524
5261
7746
6073
194
8949
4948
4785
2434
449
6879
7234
8751
9135
5217
4049
3852
75
1680
904
7414
2603
4155
3689
4095
5484
6414
5876
1171
6531
4462
8649
9736
6747
1112
467
6147
7619
2576
9078
3710
3892
2111
4583
2507
9847
2474
7827
389
5000
8520
133
8117
3120
5453
2322
3404
8752
2573
6510
4864
1889
8244
2846
5898
4175
8000
4359
1497
3224
6270
2685
2156
8697
4367
3138
4075
162
6434
2280
5965
6487
5664
1593
2394
5465
6231
6617
2612
1068
5743
9380
2159
1665
9915
3278
7923
3894
3881
692
2162
9236
4265
3341
6274
4112
3556
3788
5872
1483
4058
7626
2396
8109
7062
7969
786
4570
1844
2381
1062
3118
7990
2317
579
8216
8962
5319
8073
8234
5667
287
4127
1893
6772
4403
7599
235
9976
82
9883
8726
5053
6425
7222
9261
5629
7173
8682
3754
8902
8512
9275
1638
264
9859
9823
2370
432
1078
4065
2700
9082
5938
4892
3675
9956
1970
4305
3758
2224
4592
2404
8477
1157
2032
4099
4943
6299
3896
2874
6585
31
7898
3070
9722
37
5808
7324
1475
6918
6457
6632
8843
5163
9282
9810
6657
329
1769
3944
3681
2486
3781
7066
8887
1631
6974
1534
4987
415
8079
2657
3463
1844
6976
4061
9554
5596
1842
589
6390
6339
1020
7387
9866
4408
87
2936
7428
7521
8240
2329
6390
2912
4198
8518
9660
3822
850
9137
8954
4543
9155
3204
2445
1345
9476
4874
4037
379
3540
9893
6872
3599
3655
8550
2696
1348
2827
9679
2650
937
9795
7626
4536
1315
2383
1177
5686
8736
8929
2940
892
8196
5138
5428
7491
3804
9940
302
7754
8569
21
4650
9334
9310
1872
7204
8652
8203
3255
558
6546
5269
7785
6036
3379
1944
3624
8397
6448
2272
9501
5040
640
6121
2443
3249
6248
7812
7464
4856
9574
4287
6556
5876
7766
645
2265
7526
564
8716
4078
250
260
320
754
8227
1796
2186
1423
5687
5907
2016
9207
3277
3446
1713
3095
5867
5649
497
6856
7103
548
679
1924
1918
4855
3857
6475
2336
4094
8801
1567
342
5215
2416
1575
9881
892
9043
5147
1145
7896
4199
5894
8929
2207
6189
9723
3240
4536
4323
2959
4019
8386
7461
8273
1025
405
4910
9719
215
346
6292
7670
8184
4574
7657
9043
8184
6256
3469
7510
2062
5079
9808
5890
1264
5436
6105
5902
7020
3477
8014
4663
6107
7563
8166
9061
6162
8469
907
5021
552
6936
4039
6487
1607
3916
926
1242
8178
8272
5318
5460
2538
2782
5047
9379
4636
9761
4701
3345
8241
8645
2335
6674
2268
2574
5937
1600
4760
1111
5997
8905
154
7295
8460
2749
5861
655
7308
1385
2340
7755
4825
6521
9399
7064
3050
1601
6273
6895
6963
9102
5621
6977
7456
4093
3829
845
978
7472
1577
8653
259
2548
5427
6870
6268
418
9812
3329
8496
2762
7811
9862
6594
2397
8851
8926
2331
2049
2148
8987
3427
939
824
9141
6951
7906
8053
6923
1427
4161
9529
5698
3824
3345
1817
8360
7318
4176
6011
1493
7403
1151
2849
2691
8802
1597
9528
4306
8055
3223
4049
9178
1643
7657
6124
6190
8732
4953
1927
4565
4899
2414
1931
7802
8506
9485
653
1005
7830
1466
887
5041
7084
134
8916
8739
8637
8192
1651
2193
2884
564
3852
3522
3088
1991
9577
2964
2966
2844
218
3368
7997
1545
2050
3647
5198
164
9600
3135
8026
4115
7090
8838
3185
8906
9834
6147
651
2042
3413
2052
1752
5750
8860
1033
5276
1925
2285
9494
3233
8528
2568
1553
3702
7850
5754
228
2079
2239
4803
8345
4086
2159
562
4959
4793
2234
7455
2632
7134
242
6793
4879
5212
9808
88
5286
6507
637
4364
8300
9690
5089
1696
3802
879
5364
5317
7434
363
1559
190
9925
2764
4423
8940
2317
6963
1133
1325
1585
2091
8515
3462
6601
8454
5860
7518
6947
7525
6477
7239
5891
4347
3551
2904
5997
4723
8600
7334
2521
6046
2121
5518
9334
4842
8758
3900
6606
3384
376
8736
9497
2466
4538
2753
1461
116
7416
3475
3952
2206
6689
7799
4262
4930
883
4051
6070
6961
6833
4050
2173
1762
4172
5139
6200
244
5951
8453
5033
7401
7676
9124
3801
7704
689
660
685
4548
988
995
8070
205
4747
7134
6357
265
861
6894
6980
6321
7060
6394
9763
3755
1286
5076
5764
7444
8613
1801
5680
5926
451
2272
6420
8386
8993
9032
8085
8752
7019
5698
9781
6969
2317
4048
261
6956
8640
6472
3506
6167
7795
4719
9754
1964
8227
7769
5159
2574
1485
9522
6640
8012
476
33
5010
9323
2190
3477
7688
9167
7204
7763
8903
5961
1660
873
4820
5326
9283
9141
2313
266
8228
9106
3719
3446
1846
9341
4631
4082
7715
4884
6035
1208
1464
8042
9663
2745
2838
385
4880
8664
2213
1631
5113
9587
8226
5372
9140
1190
7575
6552
2420
4001
3031
191
5099
1258
75
8642
8618
1526
5135
6845
9648
8639
1842
4502
5937
4559
3940
1989
6826
5080
1224
4200
483
4877
5790
6008
8368
1830
2829
6220
2884
5790
1914
1289
3542
6658
1360
406
418
9318
8287
5867
290
5188
1786
9761
1933
1697
57
2139
8234
2670
8877
4926
3851
4961
2885
8972
3146
1115
7383
968
7998
789
1403
567
9308
9132
9071
7379
8287
4464
1831
674
1620
5273
4961
9999
9773
6522
7486
2550
2879
550
4337
6036
8351
6857
5412
4716
4820
537
304
4812
118
1164
3428
1469
4042
8507
7370
3452
4684
9435
9383
9625
9539
4006
4574
7378
1839
8285
1713
9072
3164
9761
3019
4172
5392
1327
2975
2343
8609
7019
9123
4959
9065
6758
5753
7938
3842
4234
3411
6885
6079
9299
5955
8028
8253
4406
5411
4603
7176
3193
7478
7147
6548
2956
9467
6958
8515
6812
3351
5784
8738
5575
971
2416
3119
6920
6409
873
4007
1781
9003
8330
5005
9419
8391
9745
4317
6397
9771
174
6556
7352
2264
8308
1944
7916
1774
8076
5260
2458
5792
9131
846
1686
6130
2256
547
7323
901
3867
4058
6694
2700
4026
9312
4935
3626
24
7197
1116
978
680
7008
2939
5220
484
6129
2298
2045
6720
1708
2445
3665
5192
4767
329
112
2399
8735
6036
3632
6840
4516
9790
2668
8032
5597
9318
6278
389
9451
8222
1780
1285
4817
4379
2852
8497
5446
9291
5381
2966
8020
4831
7961
8609
7433
7395
7203
7155
6388
1793
6141
5266
1524
7158
230
682
5926
3583
8697
7529
7687
6136
5108
6314
5889
6516
6497
6684
16
3435
1784
3884
1891
7001
8797
2309
4386
680
2421
6016
8052
9214
264
4753
4768
5638
106
8761
105
1160
9827
8137
851
7118
4153
8585
286
3238
1923
680
7595
9455
9899
9160
1523
4282
5807
5934
3613
4672
3865
8329
1118
6256
4968
9787
5699
9127
1063
1518
9277
9013
2592
2345
7023
8196
9273
6452
8944
4955
5891
9791
5031
1396
4794
2034
5781
6360
8080
423
5613
7897
3942
5718
2530
1711
490
2333
1520
6839
1717
6158
9167
1670
9763
176
1938
6270
2613
7383
3026
5599
1338
1581
8379
1306
3353
6192
1343
9064
7359
709
6229
9973
2143
7114
5462
7588
3496
5128
9683
7531
1181
4839
3091
7367
2482
9699
7370
9314
8324
1557
4030
1851
8071
4262
2805
1565
8084
4146
9379
4341
5204
1105
5170
8169
6703
8081
3434
7699
4731
9677
9259
7330
7216
1964
4268
5373
9806
4769
6520
174
4456
9382
6106
5725
2854
3460
4997
1815
5360
8425
3644
6781
6301
7083
3442
4872
5267
2029
1952
123
3290
1628
1710
193
5751
1774
614
9399
8386
6446
7632
8159
6210
654
7398
6228
1399
3864
3901
327
8903
7592
839
9608
8213
5311
7924
6618
5397
6103
9645
1483
9669
2147
6717
4494
2779
9327
2993
9733
264
4326
4794
4984
7084
8219
7462
6692
9177
25
3599
799
3589
1989
3908
989
220
235
5970
4709
3835
7006
9987
3361
7772
7379
3433
8911
8044
6604
8391
6863
6922
3385
5896
7759
9632
9660
8191
9736
6578
5732
1747
489
3452
9522
4743
4516
5427
7699
7182
7537
9008
1042
1892
6627
5898
3949
4898
1626
7942
9298
8416
3480
7326
6130
7086
3514
7989
306
8047
6499
8904
1272
3038
8559
1622
158
4421
5076
6054
529
7202
1647
1229
6306
9718
8964
3103
7809
7440
2841
22
2166
6770
3915
7659
6364
9378
8884
7170
4390
4147
778
6738
5113
6237
3428
3145
9108
4643
9101
2104
823
880
8410
3434
5344
5427
211
4177
4526
122
7131
7569
9379
655
1371
6311
5266
9350
9600
4952
1596
7431
6525
412
6753
7117
6054
4048
1918
6896
2678
9482
4876
6070
7256
6565
3753
3881
7307
5361
9371
4448
1723
7463
541
3548
6854
4067
6726
3098
5216
6366
2662
1395
4725
5269
2101
9985
5746
5997
2856
4740
9786
5292
4968
530
8182
8600
4311
6728
5484
5848
2787
994
762
4203
2981
9000
7660
7537
5759
2157
6542
1307
1812
8198
8945
2150
7712
8146
1883
5016
3897
5617
7155
923
416
1928
2803
2981
273
8279
1619
2213
2026
8251
8605
5488
1227
5831
1661
14
4502
5203
1771
5229
6491
5075
9470
3772
47
496
9510
8624
815
4823
4681
7147
5938
66
197
5506
8875
2763
7444
6486
1284
4718
4644
2307
9876
2921
655
8682
1536
5158
6683
8416
648
5729
366
1014
7135
1453
8430
4712
95
7674
1461
4270
7193
9158
5818
4810
2429
4365
2836
823
7027
724
4263
3057
8350
9203
1881
8981
699
1982
4436
622
7084
3706
1150
8718
4308
3117
2708
2699
9822
3287
7808
2091
4964
2924
5880
9365
2652
6001
6246
2613
3059
5646
4
6282
7856
7262
304
8433
6536
8516
744
9740
9182
3638
6735
8738
9155
752
9122
9669
7967
5348
541
1091
7782
8687
2041
8676
8918
9663
49
1104
7640
4610
1885
3486
1939
6441
1571
682
3536
660
1023
3435
9225
5084
757
5439
3435
896
4667
7543
9676
5924
9964
4558
7135
9212
5731
8999
7754
1409
3093
8499
8369
7349
3859
1802
5284
6381
7045
9682
6438
7918
6920
5121
3092
694
2750
6420
5033
3935
1403
9972
1329
2879
6784
6328
9868
4492
6477
4702
9624
4830
6353
4438
6702
1410
8055
7311
5621
500
7445
4268
8257
2809
9519
230
1948
454
9066
5018
7204
6989
511
3004
4456
1433
186
5743
4111
2791
2933
6642
7694
5389
5699
5749
9418
6055
9987
4553
991
8389
9705
4581
6230
5313
4209
9332
5112
5916
6893
6236
6668
4477
2894
5731
6111
9513
8796
1318
5219
9917
2474
7235
7881
4639
6481
9338
6990
1192
7350
704
7715
4987
8255
6445
6453
3098
1482
797
5866
3810
6491
3509
9560
8710
2730
100
5959
4555
1455
6285
1277
7286
8129
6539
1521
1671
9562
4227
7797
5902
4602
5342
4976
1930
5451
4073
9744
9960
2670
9506
9003
6448
5682
2683
768
9068
7477
3728
7618
8316
6150
2031
5537
9711
2415
7036
8775
2080
4920
8319
7225
8123
3130
9608
7725
6329
4978
5417
5585
6122
6970
1375
2649
1677
6422
4692
6349
9439
9134
7619
3068
2983
7500
8443
4539
6439
6725
7508
3180
6142
2183
1170
4565
6411
8301
8056
1918
147
325
2945
76
5836
3425
1605
4258
5382
3146
6129
7235
3285
5573
368
1783
1564
340
4815
34
631
9726
7695
6339
2543
7126
3372
7018
5101
1420
2336
7891
7023
7921
8347
8715
5919
7615
3959
5910
3884
4607
7904
3823
3451
2614
7425
8613
1287
6147
155
7609
9714
8092
7635
7485
1897
3993
3195
629
2004
6761
715
3150
7391
8975
3336
11
6009
3114
9097
1647
3978
329
6280
4074
1472
3922
7850
1864
752
6036
7734
9536
2206
3027
2881
3944
9180
5569
8914
9686
2483
6569
5309
222
7779
594
9377
8266
7604
8408
5692
5212
3255
7858
1313
1417
6596
9093
9861
1337
9166
1740
2907
538
4962
7330
8939
1630
9598
6021
3657
5232
2544
3955
9895
2614
6428
7308
3721
2422
9933
9898
4820
2199
13
3802
4804
5015
5242
2052
1091
3262
5621
5655
6998
9042
8140
147
7052
7473
4907
2215
9359
2476
1982
6734
3689
4020
4799
4173
2597
2442
1235
5458
3210
3124
5736
1400
5879
9371
3650
9906
3424
2902
2474
1319
6690
2156
6848
8730
3247
724
2992
3631
7026
7585
2912
2074
171
4039
1410
5925
6680
2373
3382
1614
4885
6683
8834
7886
6882
5783
4176
2951
607
5912
7683
4781
9879
6723
3812
9914
2040
4157
490
1816
6532
6477
493
1042
6334
6855
3788
1698
6949
4100
3919
8722
5042
7131
4350
8466
9740
2354
3988
2354
1796
2328
7101
8542
3893
2413
9563
5413
8278
3303
7363
1976
9245
2282
4928
5666
8326
2835
5694
6670
3677
3845
382
6458
8418
1864
5826
7362
6093
6583
1359
6754
1437
4746
9238
2793
9332
5807
1377
6271
3476
9036
9785
2447
1390
5685
4866
845
3784
6025
7865
4497
4957
1363
7347
5637
7671
455
7783
9809
7443
4005
2833
9143
2166
4128
9751
7995
5802
7433
274
9629
595
9585
3808
692
2490
2076
7275
4475
578
89
9050
498
1140
1113
3593
6425
6797
5460
7453
4902
8840
5774
4171
8530
5394
2960
7482
5647
5923
4706
5222
6612
6109
6626
3830
8901
3076
8180
4817
4841
4857
7040
7937
1840
8887
4507
3579
7985
9118
7433
203
6352
2178
4962
9810
160
2338
8152
2816
7553
938
6884
920
7112
4936
7019
1662
1773
8978
803
5256
7456
7877
7708
6706
9331
7232
4580
1456
2346
1728
7479
3461
1729
8734
2334
1280
4883
8178
9173
7146
2688
243
4773
8381
6884
5255
5231
6970
2061
4062
5896
7575
4978
3850
6258
1997
2664
4178
2084
828
3170
3815
5116
3316
2759
7704
2960
737
9944
1224
835
8359
6056
5940
9763
4266
8808
6514
3724
5625
7274
9011
3823
2279
9738
3604
3557
7610
5684
6797
4202
6119
7719
3860
8992
8893
942
9026
2942
2113
5107
814
9709
722
2514
2427
9471
7935
1450
4793
8229
5234
6248
7673
8895
5848
3349
9631
5998
8439
7312
8180
6595
3767
410
141
5993
4035
2356
6083
64
3713
1725
8778
2759
8769
2644
6550
8335
6099
938
5542
6191
309
19
3312
2493
9326
8181
9138
7423
7557
360
5297
1537
290
4286
1448
9337
1652
3068
5447
8420
6333
4141
826
3550
5930
69
2921
1453
2914
2400
4797
7032
5183
608
8717
9875
4998
3900
4850
6319
2910
5687
977
2262
3670
8182
7228
2880
382
8091
3431
1779
4108
4697
4951
6662
6658
3139
8247
4163
7365
6546
9251
7214
3000
4100
1168
1265
3287
7372
9088
9279
6074
4123
1832
5376
6795
9431
309
7444
1543
6491
3231
8695
9807
3320
7449
705
6634
7616
3964
401
5573
4059
8808
2174
4884
2361
1131
4444
8225
1687
2834
601
4419
2818
3069
3647
5978
7043
7662
9410
8923
3670
7765
1869
3085
1851
9396
1798
310
1351
8716
1749
7198
5280
3561
1532
9495
1064
3847
3665
8301
6556
6863
4295
8368
8408
1658
1503
5461
44
199
391
4325
9726
7112
3042
1662
4201
5399
8172
6853
4475
6089
5744
1266
7943
8481
2885
897
7950
4247
2770
7213
2282
2680
6827
891
9539
9981
1008
9256
6662
5988
8659
22
3237
4230
2460
6879
7506
2337
421
4855
7371
8715
4258
6674
3907
3250
7878
3061
4532
2663
2799
3809
4126
5322
1406
2656
831
5044
2160
144
9778
819
3941
2290
3727
2829
7509
4930
6228
6020
8475
6491
872
4347
6993
9669
3677
4627
9265
7913
3107
1495
8068
1737
6263
6848
6959
8572
3896
8302
3006
112
1255
6904
9620
5085
7842
2180
1295
6215
3009
5654
0
684
464
3064
1939
8392
6586
5086
5001
1629
3546
