-8483
6441
1131
-1647
9421
2171
-9255
-5407
-6449
-4671
5414
-5138
-6739
-4440
-558
1310
-6033
9800
-2003
5895
5774
-1060
-8805
2109
7840
-4031
3861
-1464
-661
-5073
8473
5037
7750
4353
-5178
1003
-2424
2780
9304
-187
-9583
8698
4134
-7472
-6986
815
-4066
-3784
-9628
-2064
-4892
-6192
-1137
-966
6535
1503
2866
-5124
-6318
8402
4740
-2851
-4098
1939
2614
6703
6729
-7581
-9204
1052
8072
6427
-4557
-8811
1416
-8204
-5805
1083
-5256
8362
-9104
4327
-1921
7459
-3111
4749
514
-2869
-3953
-7662
-1832
-9363
-6613
-8343
-2712
8250
-9189
-8405
758
-1487
3884
-1288
-2849
-1706
-328
-6291
-3613
-9753
1523
4498
-3748
-6960
7401
2342
-4037
-6285
-5598
-9695
6415
-641
-9412
7635
1466
-3894
-522
-1779
-2023
-5950
-7519
6333
6447
-4462
-3950
9153
-2080
-7973
-7749
-3096
-836
4585
6555
-6319
4363
-8471
-7881
-7837
4676
-3668
-8673
192
-6220
4158
7987
-9209
-6760
8162
-4317
-2024
-2717
-3086
1209
8005
-8982
2719
-9258
3098
-2242
1745
-2510
3233
374
-9917
1746
-5019
2198
8154
9944
-1777
8661
570
7319
7521
6965
-7080
219
8288
587
-6534
-8938
-1852
-840
968
-2300
4662
-3078
-3668
-6178
-3350
-3850
7794
-8524
1593
4246
8762
-4670
5407
-6803
9252
-3905
-4827
9220
-1116
-5965
-5560
7358
1857
-4793
-7443
7207
-4920
6747
6060
-8230
1465
-5873
94
-9712
5150
4416
8309
6811
-3984
9451
-6339
2670
688
3266
-3406
-25
-798
4623
3963
-3501
1626
-5375
2679
6180
1987
1969
-6830
-9233
-4826
5413
-460
-1724
9640
8838
8516
3338
-875
-897
8901
7838
-3145
9407
-9554
4429
4011
-340
6226
-254
404
2650
106
-1097
7419
-5392
-1674
5652
9913
5204
3313
-7626
9801
2024
5827
8203
-9087
-9503
5851
-1030
-8938
-4637
6910
-7534
492
-5138
-8429
-2446
90
-7426
3511
-9199
6043
1562
-4702
-6306
9234
-6106
8015
-2806
5241
-963
-8210
9806
-9998
-2454
9991
6068
-6870
-2380
7923
-7234
480
4873
-3457
-2987
-5300
-7680
-2142
-3595
-9306
-5026
687
7159
-1787
3293
9057
3195
8109
1101
-7289
-8389
5751
2776
3758
3342
4417
-8425
9293
3993
1339
-863
-1527
147
-3241
4582
-983
2910
9440
-2225
7854
3483
1880
-5187
1814
8490
-3221
-9462
4423
-4376
4616
7604
7242
6912
-8276
-7492
-637
2503
-5025
-8628
-1260
8911
-5361
9823
7897
-7171
-8618
9296
1313
9723
-8688
9105
-1443
5385
-3737
7941
-9888
7465
-1654
-7510
-8799
-8441
-1067
-3450
8071
-9838
1157
6655
5058
2688
-6340
-2550
8580
6720
-8626
5941
-7745
-6686
-7406
7003
-7150
-3324
-4661
-3727
-4703
-6522
-674
-3224
8786
-4344
-5312
-8872
-7428
-5673
1128
1576
9486
-126
3918
8932
3901
-7405
5646
-3948
4727
9265
650
7029
-1486
6753
3372
-4443
-2182
3978
1941
5517
8284
6982
9015
1786
-1286
4850
1893
3297
-847
2217
4238
-9339
-3744
-3252
8051
-2708
8308
-3689
-2146
-9018
6864
-7007
4319
7311
-5504
-2039
3458
-7294
-364
-1997
6469
9324
-6450
1143
4906
3976
6219
9387
2438
-3399
-2862
-4486
-6436
-5290
-2737
-7543
3940
4399
2884
4165
-5374
-7946
6173
-9393
-3810
8351
3017
4666
8715
9348
3016
-431
-490
4016
-3501
9435
7306
-6550
2243
-4665
-9424
-5381
6146
-5901
-2930
9004
7893
-2624
-8702
-3585
-7022
-2752
6861
-9364
4040
-8392
4126
-9176
8215
1539
5699
-4218
-8919
1452
-875
-875
-8176
7056
2818
8972
-475
8277
-5187
7483
-9324
3795
-9557
-8071
-8434
-3976
-2218
-1778
4158
-4728
7837
-1378
6181
8076
-7295
1296
-1746
4427
-7970
-6015
3188
-449
1998
-5812
-759
3733
366
5597
7438
7185
8880
4109
136
-8318
8674
-3401
-9661
-7449
3653
2232
1513
-1445
-5365
5170
-9810
2675
8486
-7776
-3037
9010
9491
-8392
-9148
4383
-7774
-6202
8938
-3166
-2724
-3869
-5789
-4350
602
-77
6487
-7480
8156
-8720
1034
3851
-2432
4454
934
-6969
-9298
3303
-5786
5446
5195
6823
-4117
-9039
-3691
6210
8910
-4118
-6111
-6130
8448
-2099
-836
-705
-5337
2669
-1747
-7624
6143
-8632
540
8079
-5756
4362
9058
3897
-8497
664
1750
2270
-436
-3427
2915
9334
4506
7316
-8289
-3991
-444
-120
8982
5860
6523
-9346
-8683
9233
7655
9519
-6304
6334
-1294
-8918
-1785
3223
-2659
8342
6388
-3363
2376
4587
-1238
-3049
-5826
-2775
2138
1523
-282
-8801
7933
236
-5679
3692
-6430
7492
-1625
335
-3585
-1026
2529
-5772
-7801
-4341
-6132
8685
2836
-303
2730
9431
-7583
3663
7590
1473
-373
-9146
1193
-3606
2777
-2097
-784
573
7942
5567
-5793
-9002
-1839
-3082
8754
-1847
4315
-6317
5181
3955
6504
-2871
3035
-6443
-3789
2382
2715
3206
-6014
-3193
-8366
7139
6310
9929
2808
-3300
9816
9916
4758
-6080
-2280
-9356
-9815
8342
6111
-4801
1045
-6453
-8778
-9121
9499
-3345
6660
3923
3660
9644
2628
-1601
2205
3583
-8833
2130
-2685
-2597
5884
-4265
9859
-304
-3037
4104
-6561
-9776
-8447
-3628
5012
3018
5063
-7554
-6562
5882
3446
-2776
-3566
-3025
-2562
-1102
-3088
4096
-3309
688
-4315
9622
7889
6311
4472
-5825
5778
251
4366
-8977
-1224
-8599
8843
5928
999
3074
8907
-11
9508
3978
1716
-9687
9297
4298
1907
9094
1806
-1100
8124
3632
-5263
9945
6085
-8933
-8599
-3943
-9266
3005
-4694
-8598
9291
8610
3288
-4896
3607
-6901
9424
-2230
-7374
6184
-4491
-6696
5098
9852
-2119
-6679
7540
1615
-8679
1372
4226
7773
4171
-1447
-9682
-148
1228
-7940
-1988
-2214
3993
-8974
-3319
-7587
2500
1256
3152
-1059
-5484
-5968
-8846
3012
10
-8353
-3941
1319
38
2996
5802
7478
-9361
-7319
5297
1623
-9143
9998
-9307
4011
6734
2425
432
-4291
-5007
-9181
-6361
3490
9730
6990
-4362
-71
-2383
-2308
1340
-2907
9739
3102
9716
-219
2187
-8834
3604
-8115
-9505
286
-97
3455
-14
-7062
-7077
5310
-3082
-7455
-1784
-6832
8738
7036
-6527
3646
-5327
-6600
-1648
-2613
-4818
-4792
1629
2633
-1795
-7270
977
3944
8630
8778
-8546
1909
758
8369
982
-6022
5813
154
3374
1775
8269
2226
-5489
-6739
-8577
9425
-736
-924
-1898
-4013
-3406
8055
-2048
2526
9181
-8852
4933
-4490
-7105
4533
-3320
7220
9187
-515
-318
3810
4894
4976
-3847
8617
2489
8842
-5853
-3049
-1155
-7024
5663
-3833
-9109
-1655
-5784
8216
7164
2974
7000
-8149
-856
-2210
-234
-7805
-8154
9236
1381
6479
2823
8147
4785
-7252
444
9128
-74
-3764
-6082
3583
1858
1546
2877
9825
8894
-790
-9816
-4443
-8741
-2586
6148
-5912
-6095
1689
2431
8227
7608
2624
-5941
7495
-2023
-4484
7437
-8821
-5675
5206
9455
5470
7457
4418
4774
2517
1476
3999
-2558
-107
-5697
-90
-1312
-2235
3446
4007
2282
-2908
-361
-4957
-1541
8550
-5519
-553
-8551
-4455
-8051
3198
-1535
7516
-9367
1069
-5976
2800
-6193
-2368
-9602
6342
-8097
-4764
4070
1041
-8742
-3661
4966
-7136
-7285
-9023
-2492
2220
1514
-6116
5169
-7549
6380
-7682
9895
-77
-2029
5293
5448
2265
9467
-1141
-7850
-3283
-6248
-3624
-1353
-4194
-1655
-4924
8754
677
9760
9019
-9981
-5865
-2124
9779
-7867
7691
4872
-6321
-1206
8987
3535
-2861
4028
5933
1114
148
3489
-8798
9210
-1167
2091
2252
-9511
-3002
-3113
8911
4535
5247
-2804
-1724
-4497
-6989
-8042
391
-8903
9398
2581
77
-8036
2607
-5909
8022
5742
-5606
5856
-2266
-8521
9151
-3835
8827
-5572
7197
-9582
4576
-7183
-4535
-8317
-2018
7603
7010
-7739
-5580
-5844
4131
9748
-3534
-8692
-7152
1178
4491
8353
9817
-181
9325
-2189
2214
-1870
2807
-2037
-8474
-2634
-6291
-8523
-8444
2236
-5586
4739
5011
-1818
440
-8909
-5286
3513
84
7381
6856
-5569
-2961
1283
-1321
-9674
-9658
5467
-1874
-2747
185
-2712
-6945
-6607
-5628
2892
-8739
5553
-3047
8116
349
929
-2802
-3237
-7412
6692
6317
8537
1658
-9484
3782
-403
-9975
6865
-2366
-3741
8961
-1244
-2325
5357
9682
-5621
8927
-2452
-3206
9951
-4505
-5806
397
1866
-5877
-7916
5490
-7146
7030
-4345
-4375
-2463
-3801
8732
1034
2646
-656
-3147
7327
2692
7292
8073
-7865
551
-4582
-7482
4901
-4784
6250
-1945
5537
6783
3395
-8205
3010
-9147
-4118
6926
-8144
5380
-5325
1245
2859
5405
4424
-655
1065
5853
-7400
8218
8351
-6395
-9988
9853
-1257
4437
8485
-8378
-4083
-4620
-8715
-1344
4449
-6331
5740
9721
-2440
-3982
1083
1503
5199
840
-5015
-1722
-7273
3693
6557
-3051
8902
4908
-9445
9614
-2095
-7111
8645
5131
5146
3856
5400
-1746
-7931
9826
-1987
-4409
-793
-3008
7550
-4186
-4135
5544
3699
5685
-7476
5092
6114
1229
5923
-6923
-2031
-1254
-6821
3639
3837
-4093
-9250
3685
7177
-1609
-2452
9406
147
6597
3742
857
103
-4806
9733
-9654
-1073
-5716
-8001
-299
9571
634
2288
-2571
6161
5963
5980
-8996
-1627
5915
2580
-7957
-2684
1307
6989
5468
-4690
-5989
-6388
1841
-3113
-9723
7286
8755
2861
4653
-1994
787
-5880
-6213
1628
5276
7612
6228
-1788
-8898
7234
-8817
-2276
5575
-2796
8316
-7179
768
3915
1295
9182
-1032
-3966
-9988
-4008
-2531
-4375
2089
2430
8634
-1443
2956
1475
-3443
-6260
982
-7676
6994
-8254
3901
-4818
1027
-7107
-7690
1049
-4519
-3129
-9006
3044
-5434
-5289
1747
3513
2440
1494
2585
-2602
-3830
-5802
4801
54
588
-1493
-8595
9287
3637
-9703
-776
-7807
-4844
-4793
1509
3608
4213
-9274
-1837
-86
-9846
4651
-7353
-264
-3440
-632
-9744
683
-3903
5819
5545
-9295
-6543
-1907
-4699
4451
-4084
-9832
-9414
-4384
-4352
-4731
3505
-1773
422
7015
-7479
1956
5803
-6620
-2378
5087
-2130
-1061
6991
-1538
6658
-7189
-9713
-461
-2172
2344
5977
9896
3880
9089
-1840
4084
2516
2331
-8124
3909
2519
3892
-3400
8122
2593
-9189
8563
-1833
-8640
5764
-8706
8949
-2535
3123
-4769
6042
6328
8212
1673
-694
-8982
-7487
-9949
5902
-8863
7123
2558
1468
9053
-2809
-29
-798
6192
-2923
6714
-6556
-6717
2861
-8285
-3571
-3576
2294
-8460
-993
-4786
-6073
-7388
-3615
-2865
8444
-9769
-5723
7753
7644
-2795
2828
-5849
-1583
-7132
-8417
955
-7238
3112
-3455
8314
-3451
3560
-3319
-7688
-7711
7122
1066
-6040
1552
-6150
9495
-1953
8255
878
-1810
-2882
5574
4482
7668
6192
9720
-4256
-8806
4973
5155
-9042
-99
-3119
-1825
332
-7889
3158
8256
-7396
7644
-7186
-5091
1029
2665
-72
-4648
3896
5608
-6334
-3041
-6773
6063
110
-991
-8216
-392
801
-3260
-5174
-3524
7721
8419
-2657
2873
-8720
636
-3391
-8629
494
6461
-7215
5571
-8908
1855
5038
2752
-1874
-1922
6495
4117
-3488
-668
9645
-8477
7448
7262
5092
1668
-8950
-9984
5920
-6279
-3607
-865
6178
9404
7547
-5012
1427
-2308
7132
7679
-1267
4753
9964
8488
-7024
8291
2742
-7192
134
-666
-5434
-1387
-3686
-6920
1192
4499
2592
513
9793
-6225
9230
2444
-9473
-122
-3043
3749
-5536
1366
7330
-3398
-1249
-1240
9320
2263
-6976
7992
-9326
-9679
-8662
-4965
-6483
-8457
-3484
-9906
4736
2765
6945
5532
1669
461
-8427
7089
-3588
-9081
4083
-8603
2801
9876
-6682
-6603
6276
3830
3609
2284
6505
-1176
2954
1558
2300
7335
-3324
-7475
7327
2947
6963
-5219
-9515
-1775
5487
-3921
-3066
5808
-2072
9512
-3023
8073
9011
2992
-9695
8323
384
7960
-5837
3430
-3768
7074
-909
-9476
-6223
9949
4391
2972
-9234
-1946
6309
4456
-8351
3754
-4105
-502
6531
-2125
427
2403
-4710
2366
-9746
-2269
9069
-9964
-7068
1640
-9435
-8451
-5306
4209
5441
-6606
-3637
-9460
7271
3033
9885
8514
2141
5930
1544
-1468
4190
-5487
519
1282
2139
852
5792
-7296
-5005
2671
3985
-9475
-85
-5823
9527
314
-2807
6432
705
-2558
-9158
-5039
5655
1172
2497
-38
3602
1709
5425
-9206
-2124
-7000
7655
3059
9014
90
-4708
-9492
-6210
4335
-6829
2542
-7781
8225
364
-867
1606
5634
7790
9747
-5972
-5149
5858
-9687
5087
-8627
1018
-7120
-5517
-1692
4670
7715
8468
5172
-7507
-8783
7238
-3465
6922
-7434
-7461
5807
-6916
-8208
7022
-4274
-6683
6764
8095
-8161
-3521
-8489
-1496
3385
681
-7210
-6188
-670
2700
1997
-5170
3444
-233
234
1666
-9318
7119
-5943
-594
3803
6307
9738
-9577
7271
-8382
7783
9387
-5575
-9586
311
2174
749
4624
3971
-9112
1648
-2636
9890
-4235
4328
1849
-6462
-3264
-5902
5241
-5048
386
-3406
1911
3035
-513
-7755
4228
-3831
-9974
-8277
2446
-270
-5799
-5688
-6792
-6852
-2176
-5485
-6801
-9553
7336
6650
-5934
-6518
-3927
8175
-8933
-5146
9050
-362
9881
-2144
-2047
-9321
-7005
9988
-4520
3143
6700
8986
-4751
4912
-7540
9976
7131
-9467
-4102
9446
7839
-8365
-6703
-564
-2519
6405
2345
-4461
-4939
-8737
-4482
-5598
2850
7223
-1153
2349
-586
7147
-7450
-6950
-2044
1031
-7885
-8942
-8561
-1203
5850
-4687
-6991
2417
-3280
4849
8725
7407
6508
8848
-2625
-8648
-3930
-5212
2200
7070
-2686
831
-9766
-9535
2760
-5737
-1502
-986
-4698
2805
8797
-274
-126
-3411
7448
-1509
2539
-3437
8491
1203
-5214
1959
8105
-8737
-957
-4816
6549
-2443
7864
1418
-241
4731
-4459
5547
-434
2820
6261
-4804
-8835
-5529
-7210
-2695
3440
5040
-272
-3698
-2188
6672
8689
483
4448
5731
-4370
-2975
3625
6130
2168
3035
-7467
7158
-2114
-5234
-2289
-609
7921
-5728
-447
-4353
1294
-6837
-7405
8164
-8485
-8948
9811
-6275
-9460
-5608
-6465
-1128
-4091
-7706
-3103
-5986
8397
1962
6513
-5535
-6434
5254
2731
-4963
6723
2842
-3553
-9846
-5692
2322
2801
6752
-1459
2025
9150
-7067
-8356
-9389
6318
-4499
-1184
-2280
-2412
2626
5779
4476
4752
5423
2575
-3066
-9288
6386
2668
-2259
-7110
-3768
-8257
-2176
2729
1762
7931
2746
3469
-7136
-1815
-8652
3739
5013
-3350
-9132
-1239
-5484
-6337
-3056
-9752
-5814
2008
-5002
1446
-1323
-7383
-2977
5725
7127
2763
2934
9003
39
3741
-3381
3001
8059
-8420
-4945
6107
-3665
6182
9891
-1
3874
4870
8814
-1308
-2465
-4669
-3006
-9082
5049
-9340
6779
-5226
8137
-1095
-4581
-6167
8660
1784
482
-2537
-5350
-4038
7720
8790
4397
599
545
-234
1998
-4388
911
-4800
-2512
-5690
-5474
-9616
7168
-1037
-7088
5567
-5740
-2335
8655
6814
-463
-3029
7146
-6187
2905
1349
2502
-3361
-3693
-3715
3329
9473
-7813
-3098
5485
-579
-3612
6099
2408
-8257
8648
-3367
-1755
6574
-1351
6473
-4450
3027
-9977
-8138
4861
3921
-3038
2589
-6454
204
4284
-968
-3193
364
-4916
-6852
-4284
-486
-2086
-1218
-5174
-6343
-4932
-5096
-7238
-7674
73
3737
-8559
-3572
3899
-9361
-7260
-7025
-8520
-6108
6729
5738
8034
-9289
-1296
-9876
-3387
-1138
2855
-3324
-7080
-853
-4958
324
5982
-9877
2447
-4750
-9768
1131
8541
5423
6221
1708
8134
-2767
2919
3504
-122
-3223
4797
-3726
-4307
8882
335
1293
-1680
5455
-4965
4678
-4181
-7171
-699
-7347
-3262
7918
-5625
4200
1414
-1905
7913
5202
-3306
9963
1526
-3527
9310
8377
-59
-750
-4169
6615
-5235
5909
2702
-7918
-7893
-5930
6919
-2928
-5851
993
8465
2944
5860
1019
4416
-2946
-7537
-5772
-4654
5975
-6182
6208
6190
-7651
-2068
6686
-8142
-411
-680
-2162
-6464
8367
-3019
-9402
9972
-288
3896
5438
4222
-8130
7643
3911
3582
3201
9729
8424
3876
6810
3744
8467
-4996
1964
-111
9127
8453
-3171
-4516
-784
4281
-3344
-3019
-7099
6241
-631
-5382
-3364
7710
-7151
-9517
-6857
6610
2329
-2106
9994
-5784
7531
5882
-4528
2598
224
-1808
-7343
8951
4214
-119
-3584
8227
972
-1136
1008
-3440
5076
-8750
-2004
-5548
-2392
1131
-4077
-4862
-8915
-8007
-1153
6063
-934
602
-8537
776
2815
-9497
-6274
-4206
6399
7873
5915
-5108
-162
6585
-7689
-7047
12
-1538
9846
6774
9623
-7740
-813
-563
8153
3185
2286
-7952
2687
5559
-3186
2566
128
-531
-3683
-6949
5356
8231
-7304
38
8058
3665
-414
8921
904
7277
-5976
2975
5579
3068
8992
-1311
-857
-4734
-3468
5173
-997
4619
-7432
3087
873
-4138
-1903
-3602
4815
3489
-2311
3119
-957
-9224
-6486
5150
-2694
4855
-5325
1008
-135
105
6251
3169
-810
3857
-5427
-2104
-3188
-626
586
-5685
-842
-4687
-7265
-8211
-2220
-8436
2337
2978
7415
2894
-6988
-3138
-3805
-6191
8985
2708
-3475
7701
-3188
-8060
-1436
-6428
582
5993
7975
-1277
-8819
6691
-3644
2105
-5308
-9632
-710
8298
-4609
7207
3996
-2404
-2773
2442
-6559
-5541
8533
8655
7450
3684
6327
-5459
-3659
8529
2354
4416
-2719
-7688
3166
8280
484
911
5560
9832
-3062
8271
-8564
2720
6292
-8867
6315
-8856
-9902
4132
7341
5536
-6631
-4446
6971
-6938
-2485
-3279
-8005
-7970
-9323
2253
1534
-6924
8254
3619
6940
4214
1148
-5970
6844
2095
4382
-1449
-1588
7703
-7574
-7953
-798
7848
4126
-3963
-8620
1405
-472
1201
4380
-6241
-7049
-5596
-8832
-272
-1941
-6822
1247
750
2229
-2803
9985
-5251
6
1679
8537
125
-6701
-3358
3551
6998
-644
7583
8859
7908
8799
-4635
-9950
-4869
2527
-7920
9638
-9992
9257
-9476
9775
9209
2094
7179
1801
-5755
6492
9663
7076
9313
-2489
2613
-7318
-8849
-4300
3210
-4782
3964
-9824
628
3037
-6499
1108
-3660
-8783
-6060
-4418
4370
-4522
4977
8876
-6575
-7823
1253
-9068
8374
-5477
-7395
9784
-3085
-5925
-2947
2428
-5973
1851
3336
8262
7827
-6222
6087
-2231
-1268
-7070
-6654
4522
6645
3303
-6068
-8901
-7786
1465
2839
-4347
-2755
1880
-2890
9507
2586
-9998
256
2647
7543
-9260
6811
6885
-6785
4751
5508
-8375
-9260
-5526
-2105
6129
-7005
3687
2159
4914
-1326
-3853
-7750
452
6572
725
8346
-524
2117
6534
-4154
4977
839
9867
7138
-520
-4778
540
-6837
-5071
605
-6383
-2422
2245
9992
-9256
-95
-4966
913
8415
6114
1281
5868
-105
7846
-4054
-9181
-9806
-7138
-8758
8318
8195
8879
-484
4939
-2589
-7485
3863
-3548
-1377
6768
5143
-4683
-6520
-4519
4149
-1633
-6241
2739
-494
4349
7080
-1312
-8571
2483
9195
7163
-3227
-5344
9148
4210
5943
-6021
-962
5533
7368
5852
6121
-2255
-9559
-6766
-7614
-379
-2104
6657
1283
7306
-9680
-8543
-121
-4902
9549
-3397
-7495
2551
2211
-5924
5946
5958
-1550
3641
4184
6731
-5506
2348
-9528
13
499
-6216
823
-9853
-1138
-608
-6342
-7501
9909
2457
8217
8131
-2915
-7188
-5130
382
9821
-3753
-3789
-6258
-7006
8844
7344
3512
-431
-9442
5410
-2452
8188
688
5847
-356
1054
-2412
-3245
4919
-3741
-9218
-9102
-2571
4880
5296
-461
1717
5752
8171
-6939
4045
6679
-5456
-9137
-3843
-6319
5553
5240
8984
-8426
-9616
4857
-9545
144
-2219
-5591
-677
-627
3951
4415
-6785
-649
4514
6043
5742
-8417
9867
2644
6459
-8738
-8047
5233
-4409
-5493
-6203
-8180
1694
3108
-2114
3073
374
6281
-2126
2148
1004
-7701
-4611
-5282
-2310
346
4357
7115
-5746
2850
3755
-6404
3181
185
5959
6948
7023
-3074
-8272
6020
4388
-6782
2232
-3558
9253
-693
-892
3541
-7756
-9928
-6486
-3177
-8735
-3050
-2985
9950
-4585
-7395
3384
-7512
-2303
3951
-4987
9220
-9053
-1810
1624
-585
4456
-1816
-2667
779
-7605
-9724
6055
379
9732
1410
-7127
2881
-1092
-446
-8318
8485
-7706
-1653
4583
-9424
7659
5660
-2723
-45
1395
7352
-9635
-3789
1255
-7207
-7358
-5527
-5341
3540
-3378
1834
-901
4380
-2737
8347
3950
-1772
4188
-6473
-7434
5086
-6738
-8558
-2241
-8004
9777
4768
9567
3760
-7885
2269
7416
-2888
-2488
-3890
8772
-8356
9782
2265
3185
-3695
7283
-2145
-8149
-1529
3481
-1438
-191
-5808
-6271
-1150
4379
-724
4553
5121
-8861
963
-6534
2105
-412
-1026
5283
4510
-3876
2444
1454
-264
150
-2838
-7474
649
-2057
5840
3366
6423
1376
-7663
7743
2828
4346
-7882
-1407
-4547
1149
6920
-6075
-3460
-9735
-4181
6456
9625
57
4875
-3159
-4852
7326
-9617
38
3095
2920
325
-9263
6764
211
9734
3960
2482
5378
-4352
-8714
-8923
4416
-4194
446
6181
2027
-9957
-7758
8530
2579
1898
-6801
-7068
-4264
-7250
-8230
-8317
-3616
2979
9699
-4272
8039
-6146
-7587
-5650
-9703
-7792
-5633
8767
-3507
-4841
-1010
503
-6806
-379
-6955
4031
3811
4059
6842
7932
99
3721
6566
-4838
-665
4314
4206
-142
-4506
729
2712
-2781
-390
5509
6536
-1536
2611
2486
-7378
-6501
-753
-6596
8611
-7454
1179
-1703
-155
-8104
-4006
120
4797
-3791
5952
-656
9811
-5978
8378
3799
-3664
-7196
-5768
-1980
-6201
-2092
-593
-2969
-2180
6868
5664
7891
-7908
-6134
-621
-9645
-3504
-7610
-1319
-672
-5506
7527
-9579
-4222
-9252
4582
8479
-9883
-5982
7172
-6078
-325
-7945
-6380
-6486
-4020
181
4522
-7789
-288
-9389
675
-8948
-1282
-7015
-7386
4960
-2025
7497
-3643
4542
1391
5409
-6811
3171
-5714
-272
4869
4013
-6978
3001
-2700
-4603
-9539
1267
-9917
-6497
-5347
8492
-4412
4093
3980
6856
5974
3630
-2600
-2140
-2955
-298
-4979
-2703
-4915
-7032
-8324
6062
-8879
-5671
112
-502
-4148
-8265
5714
-6456
1266
-1991
9507
2311
-1766
-353
6975
-3616
8151
7201
1014
9881
6192
9150
467
8869
2378
-5829
-9868
1797
2683
5977
2666
-4224
7187
-2425
-2530
2607
-8190
3905
-4260
-3696
-3959
-3402
-7988
-7075
-4071
-4534
4499
1717
-8814
9795
9973
6816
-367
-361
3614
704
3345
-3845
-2515
2920
-6456
1874
30
-7889
8757
-4421
-3840
-7670
-2235
-1935
-5357
-8623
8036
-8735
-6403
-2345
4239
-6237
-210
-8504
-2993
3018
146
9618
6648
-8544
2158
7346
7011
2683
-1808
-3159
-6668
3533
961
888
-938
-5564
-6191
6889
5010
5178
8955
-4892
-4914
7235
3482
-7901
-8672
-4719
1365
2778
-9072
1531
4958
5107
2134
-1917
5942
8710
9902
5146
-1916
775
6656
-340
-9677
-2709
2980
9084
2938
-3809
-8480
-65
-3495
-7860
-2211
-3864
8219
2281
-1767
-2428
190
-67
-9310
5970
5745
1176
1455
4216
-2001
3059
1216
8965
-9302
-4744
5726
8978
-4920
-4376
2564
-583
-2565
916
-7250
6399
818
-9966
-5702
9207
-6333
-5883
-7036
5290
100
5199
-3991
-1278
8149
5787
9021
4276
-3873
2670
6230
-9450
3938
4449
6558
-5307
6332
-6464
767
-1894
9435
5177
-1289
9186
-2568
-8499
-2982
-5683
2386
-7237
-9059
2612
3637
-7268
-2194
-985
-6328
-5273
-2896
9948
-8060
-8809
7800
-5216
-9830
-7193
384
8870
7550
-2898
5572
-7659
7185
-3134
392
2271
-4921
-6050
4588
1810
336
-4435
6731
-6767
605
-9890
-3565
-7949
-8133
-7163
4559
8590
5176
2568
-840
-9580
6857
4113
-9651
-6782
-9730
9428
4897
-4500
1402
-7083
-5892
-8068
-2790
-9386
-1614
-8046
-2394
-5835
3229
3987
7190
-5803
-8611
-4686
-9968
8849
-5567
1067
-6373
2012
-6753
-1465
5172
-8695
-4201
-7561
-9647
-1703
4562
-2323
9398
7183
-8307
-2609
7526
-7996
3545
6620
-4697
-6560
-8956
-1497
5473
-1801
9141
3421
1544
-4842
-8611
2148
-1745
-7419
7192
-3736
5363
-3805
-7844
341
1801
8210
-3044
-6994
7641
-589
-68
3075
871
-4029
-4296
1668
-879
4343
6572
5894
7196
8509
6414
3872
4208
-7557
6052
264
6640
555
-4442
7938
-120
-2347
7165
9752
5322
7637
6850
-9967
-6495
-872
6274
4768
1255
-8180
5577
3317
3826
-8655
-484
363
6675
-6760
6204
5974
-3159
725
-2924
-615
-716
4022
2007
9073
246
1940
1261
516
-4645
-4504
-7683
6795
5369
-6280
2480
-4333
-7808
5012
-1747
-718
3689
1426
-6360
-4550
793
-7513
-9438
7424
-4875
7285
907
-7396
917
2511
-3174
-6329
1813
8463
561
9203
7014
-5076
-7925
-8435
298
7775
135
3175
4228
-1748
-4230
-5193
2706
-4642
-402
-5348
2507
-2412
-8286
1203
4751
1704
6620
-963
5023
8024
-8094
-1496
-6931
8768
2567
263
-2493
4530
-9175
-6980
8936
8813
9261
-2474
4420
-6009
-2309
-6369
-2891
2197
-2502
-918
1312
4224
2777
-7887
4233
1207
8882
7684
-9005
-1868
-6814
-690
2086
-4980
-7342
-168
-1441
-6971
9047
-2233
2103
8138
-8761
8439
-4309
-2850
4690
4050
3528
522
-6646
2903
-5716
3383
-6817
9407
-5132
-1859
2030
-7919
347
2752
2778
-6145
-2280
1934
-9313
4614
-3796
1429
-7499
-1190
-6222
-9009
5744
8317
-9817
-8520
-3506
3599
-1874
8817
-5047
6865
4685
-6083
3800
9672
-5511
9100
3319
5973
2576
1128
2578
3422
5549
5166
-3729
-3987
-24
-9441
7746
9904
9816
-2388
3339
-4061
-8805
4892
-735
-130
2520
723
8450
2887
4432
2451
6934
-1771
-3471
-9761
7413
-1185
-3996
3988
3339
5104
1560
4762
-4908
-9063
-5252
-8400
-9588
-6760
5635
7953
-7671
4688
-624
-9238
3146
-271
-3642
3244
2002
4066
9167
2529
7449
-2329
4401
-687
-485
1963
-4058
-9990
-4986
5872
2052
6602
-7338
-8644
-3490
-7409
1316
-8577
3570
6629
9716
5349
-2438
-2525
2385
-5673
-575
9486
-3223
8421
2505
7801
7378
3557
-6905
-9045
3128
7498
7349
7439
3681
-7158
815
-3635
4324
321
-185
6455
-4220
1128
9262
8774
-7436
3952
-3125
3357
-1295
4355
-435
5125
-3524
-4348
2256
-4684
208
-3483
2613
3364
-7596
-6997
2012
6956
-2974
-8248
-7309
5575
9093
4388
-8410
-6388
8913
-2276
680
-853
5656
1084
2387
-4112
6777
-3371
-6373
-6185
5114
-6275
6420
315
5472
-7798
-5946
6565
4188
-2843
7461
3522
5119
-1237
-9236
-206
-584
-2659
-6248
-4563
-2005
-7325
4719
-2416
2620
7327
5531
5665
5872
-8265
8183
-8773
8081
1232
-5746
-3558
1090
-3514
-2142
1173
5057
-3086
-2937
-6150
7505
1771
-7773
-2426
8588
5399
-5400
1391
-5734
875
-3539
3860
4800
3925
-9216
-5565
-5555
7400
-4604
7908
1538
-5067
-665
4743
7814
8685
6589
-5314
52
-5278
7594
6648
-1250
1650
3621
5840
-7585
2308
-217
1781
4340
4466
-4417
-5760
-5045
-1370
-9486
67
7530
-300
-8458
5105
-5062
3379
8562
-9792
-9880
-6005
-2566
5060
3554
-1158
750
-4234
-3727
-212
7109
1452
1375
4666
-3025
8048
5987
6674
7234
3553
-6963
-9597
1416
-8894
2875
-6144
62
-2361
-2286
-7861
5748
-877
-3800
9158
-5233
9223
2951
6135
-1093
5689
-8339
6208
4271
4377
8486
-6342
2391
-7575
-9553
-1935
-3371
-7118
-4315
-7053
-350
424
-5956
-8976
307
-3093
-1857
872
-4779
-3208
2980
7962
-9086
-9245
-1001
5022
1561
-5908
-292
-664
5228
1230
7025
3971
1493
-1652
-6154
2386
1845
-2768
-5368
-5765
-3206
-2080
4455
-9811
5679
2231
-1324
-2113
-8239
882
1602
1145
-43
9770
8768
-5342
-4337
-6784
533
-786
2799
-9555
2768
5611
9279
-9674
-7922
7907
4223
-274
3966
3903
1949
2769
-1224
-9750
5449
-6482
6114
-871
-4565
806
3106
-7032
-808
1914
6525
-4063
4594
2978
9600
7628
823
5981
-3768
7233
5167
823
6989
3783
2904
4189
8603
-3735
5799
-6035
-1356
-7521
-6863
4422
-3832
-5150
-6215
4305
689
1112
-298
-4924
-5003
-4483
6848
1516
8274
91
7152
-338
1611
-9648
9629
-5167
5404
8138
-9455
-192
5325
-2740
-6020
3539
9185
71
575
5054
-55
5669
-3921
206
5157
-520
4696
1362
-4315
5213
-8281
-5705
1841
1318
-1412
-5646
1156
9799
-2716
3125
7573
-8065
-5682
-9610
-7776
1824
4038
5567
-7196
-8668
-1169
-5260
1715
-3412
2558
-1333
9667
3531
-8965
8291
-1407
297
3062
146
9550
-5316
-7880
-2388
6512
4666
-2269
-1805
-2998
-714
2622
8348
-9631
67
5635
2604
-4970
8830
9211
2981
7980
-1396
-9793
9264
-4670
-1994
1358
7601
7635
1327
7198
-8282
2890
5555
4469
-7661
3593
-3107
7701
-750
2552
-1219
4047
-9233
-7710
-8017
-3367
-2429
-4185
-8697
-3278
-7212
-4943
-485
4061
2563
124
-1688
-6062
-4016
3568
8256
-4827
2738
1809
8324
4720
6123
-2187
-6682
7392
2377
3223
-2946
4977
2870
-4733
960
420
-1923
-2815
6045
3247
-1078
-3038
9896
2701
1233
-7414
-7695
-827
-5539
-6868
4795
5973
3563
-3564
9333
-3356
-624
-7072
-7297
7318
-1319
-4147
8912
-3394
6243
8394
-5704
3942
4714
6159
-1651
-7588
8936
4361
-2674
8544
3584
-8300
2102
-7501
-2946
-9630
8648
-6529
-4259
3150
-8971
9465
9882
4183
-8745
427
-6062
-8237
-1763
-9632
-6762
-6418
5109
-7834
-1014
2472
-217
4394
3920
5832
-3785
3530
-5255
-3312
1815
5311
4945
-7656
6445
-4829
9963
3085
-8492
-8078
4798
3625
-2952
-7158
9507
-4522
4134
6145
6055
3471
4451
5343
7853
-3224
-7182
-797
-3820
7820
2173
-8069
-3002
-6543
-1200
8243
-9297
-5748
-1491
1134
-4525
-462
6201
5205
-8478
-9206
9050
1119
3418
-8086
-1615
-6703
-4148
7265
-4906
-522
1125
-2388
757
7688
-8314
-321
3255
5041
1117
-8103
-7385
7137
1530
-7414
-4753
-9618
3254
-7310
-8871
4733
7629
-352
8252
-7646
3451
5406
2696
-9265
1334
1165
8268
-5831
2219
-7582
-6091
-5267
6517
-8878
7827
3944
5196
139
2672
-935
-2763
1416
2818
-3476
-4634
7940
-8252
-618
-294
4034
-541
-4189
2448
9142
927
-9710
880
-4959
-5368
-5401
8157
4655
3147
6898
-8373
9644
-8011
-312
191
8663
7154
-2440
-6818
4834
1520
-675
1671
-1931
-9533
-7465
9281
-7761
-7442
-8486
-2258
-7895
4013
6176
-6687
3053
-4234
-9428
459
-2040
9936
-4882
-6533
-2089
5717
8663
-7356
264
4805
-6321
5913
3248
3392
4055
2250
6713
-1434
-2842
-9782
-5446
9021
-6790
7757
-9501
-8568
7306
-9577
3741
-3759
3888
1175
6838
-7424
-47
-2349
5751
7656
-7325
6637
-5462
8806
555
9837
4967
-6686
1313
-4931
-8979
3200
-2133
-8637
-7030
-6461
2435
-3217
-1789
4790
-2775
-6675
-8232
-7868
5868
760
-7044
1437
6218
-6706
-327
-6530
-1574
-6399
5606
-2036
-1710
7933
-5305
-3942
6065
-178
9675
-7564
-731
-3797
4810
-7531
-9717
-7459
460
8448
6103
6801
-6291
-5853
6523
-5326
8818
-3465
-3153
-2556
-9195
-2541
7732
-2001
-7422
-5141
-3699
-2602
-2967
-4317
-900
7476
8794
8387
7215
-1806
-4536
3087
-47
-6856
4806
-7151
-2600
-3310
1074
7726
-7822
227
228
-5281
-3876
-6376
4201
1695
-8375
7075
-9141
3817
-3978
883
9094
6190
6855
7473
-8993
-5672
5415
-8452
3025
-1884
-8923
6711
1202
330
-5983
-1802
-221
8907
-4383
-9267
8966
-2216
5100
-8415
-6013
-5911
622
7744
8825
-1789
8984
5920
-3986
-5960
4327
-8245
5739
-1724
-8902
-1958
7259
453
-9184
338
-138
1221
4136
1040
3398
8085
-5038
-6398
-702
9104
-2120
7937
-9559
-2545
5524
-7479
1793
4199
-2454
4767
8814
-939
6636
666
-7944
-1606
-5728
-8668
2642
6527
-3775
-3402
6348
7995
-6329
-1734
-8754
2642
-1610
-1892
-6386
7945
-6813
586
5748
-7475
-1980
-7053
3901
9839
-802
7859
282
8282
-7725
-1692
6067
-6688
297
6194
-7299
5144
796
6588
-1361
5442
-6684
-4907
-1716
3771
4005
1193
255
5145
3913
-9430
-840
2672
3645
8207
-3635
9462
-4555
-5619
8835
-1599
9151
-5890
1485
5415
-8361
-9249
-8212
5675
6639
-1528
2472
-4273
7583
894
4214
-8294
-1522
2951
5266
-4106
2389
-887
-2999
-8825
6684
-9149
4475
-7840
-5427
-2743
9494
-2805
3872
-5165
-8937
-6035
5995
8527
-4634
-1772
7356
1364
4049
-8530
-3637
-9873
-7944
5223
-8478
-9752
-9884
-2087
3710
-4472
887
5316
9105
-8426
-1586
2244
-5661
-4848
214
-8521
-1777
8725
3356
5431
-5017
-7839
9027
-7309
-3532
-5711
-4415
4123
8185
-7752
9488
115
2035
3964
-8923
-4624
8307
-5639
-2965
-4663
-6166
7053
-6429
-2289
6511
-4137
-3912
-250
5009
815
-7886
5677
-3924
-8562
9828
1777
-131
-6447
-2817
2983
-9868
2941
4480
-5834
-2715
-1153
-8207
-428
-1660
5255
1297
-6426
1396
-8268
6200
7701
-2226
8693
-2187
-9618
8029
3233
-6374
-1995
-5137
3651
7189
1738
-474
-8020
5461
1509
6185
-8044
9637
5513
5511
1727
6800
-3632
7700
8295
-6348
3586
-8140
-2326
6446
8377
-2611
5746
8637
4213
-811
845
8940
-8451
-4209
-7310
-14
-4096
1487
-6046
-460
7297
-3118
3339
3921
-5248
-9907
-5795
6852
7272
7342
-8520
-9171
3788
-735
-9911
-7246
7955
489
5838
1377
-9598
1147
4659
1977
8704
6387
7788
5871
-9244
6150
2514
4060
-3222
-1854
-2600
1899
3259
-3210
2558
8606
-3013
9191
5669
9236
3863
4434
-1091
-7416
8144
9327
201
1174
-2240
-6592
425
-8876
-9329
3557
2878
6472
-4986
1995
-9071
-5112
-917
-6885
-7175
-8273
6166
1008
-8260
5630
-9799
2332
7874
-1760
-248
-9861
436
-7217
-6286
7718
-2945
156
9919
3718
-1933
4897
3913
-6316
-9469
-5849
-1715
-2193
-2280
1323
-9321
466
-5896
6115
592
-4506
-6514
-536
7136
3435
-8595
2273
5074
-3955
-9567
5650
-2359
-5532
8001
-4299
-2843
3536
-6453
388
7433
-3698
8745
-7554
7247
9733
7363
3680
4126
6059
6268
5963
2432
-1931
6658
869
-5144
-7162
-8289
-8324
-6473
3794
7583
-3168
6159
-6969
3220
-671
-6577
717
6310
-9916
-92
7199
7049
-8696
683
-9416
5098
6393
-7865
5984
550
-3586
-4302
3153
2699
6357
4325
-6878
-6297
-4177
1017
9647
7909
4108
-9954
5845
3542
-4148
8304
-7123
-4668
-4653
-6045
4830
-1406
4684
-5854
6707
-5350
6066
3811
-1593
-7506
6326
2893
5302
-7062
-2720
-8799
9706
-2544
8328
3419
-53
-3899
5330
204
-2451
2627
8459
2974
-8273
5707
9815
6912
1614
-7247
-8986
-7807
-8720
-1322
-5046
163
5078
-7774
575
-8054
-677
4157
-9948
1154
-9743
-1530
3435
3929
747
-329
-4856
-9211
-4042
-1206
-6546
5336
-8660
5934
5663
4570
-9634
6172
-4604
3534
2086
-9414
7026
-1021
3590
9778
-9713
-4664
-9182
-6643
-4534
-9325
-7418
-9578
4582
6135
9177
8084
-7249
9955
2869
5070
5837
-7589
-7362
6907
-6344
-2267
9899
7878
-1131
-393
-1663
-3046
-2639
4807
-9367
-5280
-6879
1358
670
5157
9362
-9571
3501
-8118
5493
-3168
-6960
-4201
5228
-8277
-7643
-6050
3510
6613
-5137
-2649
5642
7334
8464
3020
7267
-3110
9677
-8938
283
7886
4530
-6654
-6551
2463
-1216
-3389
2813
-238
-2826
-7482
-7687
-7751
-5859
-6115
-6754
-6351
-2017
-1946
1548
6828
1058
-6733
-8167
-3746
9112
525
1198
-8896
-1767
9551
4834
2697
-7499
23
7700
-913
-6591
-6942
7622
2370
8238
946
4758
-2231
-694
-715
3678
7757
3630
-7084
69
-3024
-138
-3278
-3069
4649
5340
-207
-3517
-3943
-3573
2743
-7905
-365
-4154
-4052
-3623
6180
-4528
5056
7451
-6895
7504
-5378
4560
6060
-861
1811
7140
6292
7923
-9056
3099
-8061
9370
7350
5825
6668
-5433
-7587
-2694
9257
4257
8796
-4819
-1241
-7783
2674
7848
-5002
-6557
7360
-7526
8339
-8513
3226
1575
-7314
-7600
7670
-9422
6
2617
3614
-3291
1096
2262
-9723
9729
-2575
6888
4012
1378
-2164
1778
-8550
994
8535
-3754
9746
55
1318
-4945
7704
7027
