1125
693 275
671 518
523 336
1227 493
480 641
961 92
1018 489
560 264
96 12
283 619
198 324
29 930
870 463
553 28
1155 898
288 382
679 517
850 88
923 906
746 801
822 527
223 150
843 614
818 485
48 582
1233 486
46 389
464 456
595 693
955 402
1280 197
652 862
1288 982
262 83
857 140
521 26
342 163
960 223
1144 481
1150 788
204 911
750 781
1073 3
173 149
593 111
481 761
1156 892
888 718
816 728
638 452
1192 115
279 509
1296 821
1242 986
1238 944
167 539
742 134
579 139
246 978
1083 276
573 237
161 488
950 371
508 162
858 468
121 89
301 465
600 121
1235 289
1261 7
546 540
1168 321
909 740
860 545
366 153
120 794
333 304
624 827
1038 221
119 983
902 383
1291 371
99 806
68 723
135 252
483 123
44 403
650 67
1093 758
536 931
542 336
80 980
395 193
367 7
1251 530
906 793
1172 195
676 235
89 965
748 614
11 193
520 446
986 654
894 875
461 216
1153 407
318 942
297 913
264 549
770 891
899 560
997 537
663 886
768 453
1027 715
835 686
479 79
842 511
413 833
893 71
780 190
1001 78
670 196
405 678
274 277
1266 609
164 317
341 625
114 734
170 739
266 497
218 444
1120 417
130 466
1041 64
25 212
1215 191
467 537
1058 320
19 915
656 340
1265 969
287 386
944 378
50 131
381 469
91 516
462 777
599 713
1193 637
1179 785
966 653
275 545
616 845
1204 238
710 600
1245 213
364 807
454 687
35 839
496 465
1255 384
946 282
250 142
811 930
830 166
1286 470
448 925
1253 574
40 712
391 327
629 116
1191 654
384 519
753 445
203 853
1257 416
785 285
645 640
719 125
235 278
1019 927
567 817
790 62
1133 18
905 745
1043 573
903 330
1115 367
603 766
703 213
6 355
628 929
1159 889
1111 415
1054 590
928 87
281 951
991 145
555 532
1 42
1077 397
721 263
328 424
216 164
1053 171
934 353
70 571
837 969
809 117
293 491
1060 486
468 226
1270 634
1260 988
662 253
290 812
122 504
206 500
423 721
1203 610
1146 465
1032 960
577 861
1000 609
499 59
75 638
681 208
175 71
825 929
982 376
30 785
165 879
848 728
460 536
31 318
485 911
256 692
1177 905
388 647
26 743
722 655
939 183
623 649
720 259
711 139
805 796
509 433
23 647
1095 575
817 771
733 534
778 274
539 314
892 131
515 443
1007 166
1171 831
590 684
540 649
643 37
692 253
922 792
786 236
451 227
879 775
1154 597
626 538
959 376
375 159
128 718
765 805
112 166
350 369
552 616
345 219
947 726
832 607
201 213
904 997
941 701
470 67
439 597
885 632
268 293
398 133
359 240
419 906
54 154
102 647
74 239
564 324
651 261
401 321
999 897
157 705
743 539
617 221
199 767
332 266
396 190
171 902
571 253
426 991
680 1
303 461
880 365
1134 123
691 404
1185 199
453 257
446 455
794 662
1099 279
993 154
565 934
718 621
696 404
146 543
295 368
313 199
194 124
236 860
237 1
156 496
938 716
10 47
916 81
240 626
278 615
230 26
169 450
814 929
948 942
533 267
352 443
267 396
949 723
839 211
776 963
872 365
319 739
1275 403
841 35
808 166
1063 927
812 119
441 838
908 190
1044 440
1182 157
962 725
1089 254
1224 172
329 577
821 351
606 312
738 1
566 33
93 728
783 250
1049 490
942 76
1161 927
883 571
1149 668
143 465
800 677
634 629
995 708
884 550
66 433
709 71
186 712
1108 339
276 458
891 363
1143 389
189 835
94 377
53 643
996 437
958 355
435 320
561 140
311 510
294 851
1165 824
514 263
1162 996
110 599
365 206
1029 304
111 829
528 353
466 968
609 364
1031 570
429 721
548 427
802 815
103 622
694 146
353 362
1081 948
14 33
596 866
505 497
477 988
890 562
166 977
1178 435
717 814
490 916
989 440
957 975
975 774
106 268
1248 410
95 695
104 317
936 881
239 518
208 997
648 444
1269 340
549 447
940 90
1040 64
512 849
739 591
32 177
1047 159
773 170
339 858
476 351
665 265
1129 796
8 368
856 937
418 742
1202 3
47 435
700 975
844 804
317 826
620 28
898 931
1057 355
412 300
12 744
980 79
504 850
90 854
744 359
116 331
1184 999
238 621
255 15
1214 444
1091 978
1137 898
232 387
640 786
320 224
672 212
547 35
1236 235
588 31
706 849
3 299
1080 998
182 674
1005 945
1169 102
265 396
658 232
1135 34
1244 820
895 590
1121 881
1157 962
132 160
296 443
501 787
144 519
37 271
760 404
212 673
632 60
788 986
792 97
826 456
945 790
298 749
1271 786
586 547
852 401
689 65
994 48
284 176
1190 1000
714 5
973 937
1284 439
611 789
305 414
101 505
1124 838
185 922
1059 216
207 609
1140 321
914 478
597 287
1042 117
1160 720
1128 284
134 710
806 758
578 620
408 394
1072 161
28 405
424 941
819 579
932 121
636 636
589 707
1064 703
497 988
581 164
376 665
2 147
683 110
82 234
4 800
1126 928
1010 477
62 18
918 613
725 40
304 541
730 355
622 816
57 583
344 566
519 738
970 346
1106 697
1212 583
854 444
414 465
67 680
369 100
723 391
1114 806
660 951
326 630
937 378
1164 771
510 230
1098 206
347 618
639 77
124 744
876 877
484 965
1023 545
392 741
254 295
1239 414
532 772
1013 807
761 692
410 690
1055 676
568 315
1092 612
289 807
507 574
535 879
871 247
954 707
117 345
963 337
1187 287
473 597
491 412
315 229
126 154
625 951
36 875
245 445
755 322
724 814
1216 380
38 361
222 366
659 36
459 615
1209 786
494 708
731 219
1258 911
252 49
829 724
637 709
404 342
551 657
754 398
247 94
655 955
772 421
107 301
196 146
1298 466
1026 802
141 297
492 342
1250 997
759 245
1166 649
795 21
631 292
1034 664
243 589
751 261
677 631
195 873
526 44
9 593
838 659
557 290
337 417
277 753
967 279
379 598
397 643
81 37
1017 982
924 9
56 819
527 744
613 386
1086 516
139 55
386 314
306 540
605 428
952 582
556 190
974 387
115 911
1075 695
356 245
22 73
1279 8
930 790
331 890
1122 455
1004 360
602 24
406 467
440 722
113 558
574 146
213 811
249 44
657 871
791 539
757 322
362 562
541 429
219 897
151 571
727 43
271 777
1206 136
437 643
798 673
635 346
1211 27
987 445
687 574
1037 862
608 817
702 289
925 368
887 783
878 970
690 296
228 557
475 853
911 249
1028 986
316 168
145 382
1145 387
517 80
211 30
1272 517
129 931
813 635
964 786
1290 360
758 942
1102 972
931 154
178 555
1175 658
224 342
1299 740
1188 535
649 282
615 806
5 636
77 808
1065 49
191 341
1297 251
498 851
705 893
545 211
1021 171
299 263
682 135
452 49
598 692
1218 996
594 2
442 32
469 15
956 40
192 573
846 803
550 166
779 369
1003 545
529 63
886 578
1079 291
377 266
385 816
978 621
42 47
849 503
312 561
495 748
100 934
900 101
642 88
516 981
1217 767
358 465
1125 335
449 828
72 645
361 495
197 854
851 345
558 738
534 830
644 614
160 874
1158 805
875 133
675 219
1189 180
61 97
1281 857
591 254
372 79
896 705
601 876
1090 936
511 502
133 925
1045 649
360 387
321 74
607 21
1226 595
525 910
351 977
138 752
587 289
575 876
1293 544
416 897
1277 787
582 735
1264 242
1014 198
1240 781
1200 481
282 439
1109 6
217 557
866 513
1196 723
820 487
168 242
831 753
417 781
181 297
387 31
686 756
641 810
474 56
951 420
704 968
487 115
325 911
261 501
456 702
1205 505
390 467
302 635
411 699
1183 990
428 602
400 242
60 553
422 809
1263 485
734 188
1006 623
393 831
482 217
1078 411
229 230
1046 362
269 38
1210 484
15 801
18 810
1067 701
1282 52
713 888
543 600
869 955
673 726
901 47
1088 585
707 95
71 830
559 494
580 241
231 317
187 936
1139 117
998 954
1208 20
159 112
1289 670
33 393
756 197
735 947
1015 13
327 495
697 369
828 679
1232 250
1229 234
503 210
1066 801
450 790
425 736
729 12
1076 12
929 132
862 89
1194 650
801 839
913 91
506 444
434 17
399 309
131 237
1012 540
221 176
125 273
1222 885
489 471
98 844
1138 529
27 146
336 507
576 720
1024 375
24 421
1069 351
793 609
205 999
661 135
833 307
688 850
737 758
52 682
861 858
226 349
445 936
1201 616
1195 292
736 340
273 183
741 345
747 805
1180 993
678 957
257 247
695 201
569 941
882 457
382 139
421 853
177 205
1104 966
933 802
260 189
1221 318
585 722
415 341
84 663
1103 946
234 703
1152 491
1197 258
323 230
1025 388
163 773
357 993
242 122
771 276
1097 48
373 258
1300 783
1259 756
330 949
493 249
840 773
1113 731
389 452
137 264
1249 596
803 592
1148 186
1262 942
179 360
907 400
285 859
86 424
544 432
592 447
775 560
455 788
1237 699
1094 49
7 572
664 853
343 794
614 846
34 906
784 183
715 973
338 577
1147 802
200 463
685 457
1118 87
943 46
180 353
259 258
193 574
877 765
824 325
16 91
1219 136
108 547
1273 478
513 357
154 442
225 328
457 358
990 318
1020 641
41 406
447 415
919 193
1101 627
1022 399
49 442
83 624
530 240
1123 201
1070 447
370 395
847 713
684 312
716 190
1071 677
749 566
307 113
45 352
310 57
910 151
834 227
155 817
253 138
1105 987
1096 520
1087 494
774 770
984 754
292 386
1234 968
1276 648
618 221
1068 438
972 762
348 772
752 310
458 638
378 294
20 302
971 621
1223 679
368 404
712 157
1163 994
174 679
1082 388
763 289
732 23
674 847
17 709
865 663
1252 489
39 223
796 475
1110 248
43 326
1002 54
248 165
152 823
740 853
51 619
927 887
346 417
1292 263
136 188
1107 435
1225 851
444 275
797 260
314 717
983 61
867 770
1247 53
270 956
87 267
745 185
374 221
953 368
897 731
647 644
935 732
1213 980
667 255
210 591
917 336
188 53
431 753
142 433
335 191
371 327
874 35
324 963
762 839
912 469
1112 876
787 207
881 252
666 536
612 528
1246 476
863 149
992 50
1256 685
69 959
427 385
1220 316
280 207
968 187
782 898
286 823
1117 518
183 397
572 579
630 667
354 616
76 510
263 614
1141 347
241 740
920 365
394 108
619 632
308 254
562 909
1295 609
633 518
244 366
728 669
123 525
915 471
976 914
432 199
889 598
804 971
1061 723
21 900
836 23
1167 345
