100
6050
5325
5272
1260
2787
8749
2293
6571
4370
6769
3304
9470
5543
1454
1869
1712
6315
3724
4482
7338
5345
735
7955
9129
7574
3948
4649
8629
3030
8264
9887
7677
6627
2770
6801
2534
3431
9291
7424
3237
2810
4446
5833
1971
8673
6881
9226
1654
7434
9932
1185
6019
6753
5897
3696
2708
6901
7630
6673
2273
6376
8723
9341
7853
7011
4969
6735
5553
1026
3303
8267
8026
4057
2359
3959
8398
3591
9761
7179
2386
7714
9645
5550
3511
3086
6313
1184
3958
8619
6229
7419
5622
1459
1183
3693
2640
6330
7428
5871
2921
