1200
649
391
364
20
176
850
179
338
847
955
459
32
63
983
870
912
525
907
513
41
489
889
952
865
29
259
930
407
511
133
245
443
522
415
697
4
714
178
585
69
591
125
926
340
139
677
994
123
67
885
290
231
488
84
138
420
398
401
371
895
945
233
242
167
763
52
672
843
544
761
121
119
130
748
905
974
967
63
811
682
479
382
796
257
675
76
431
692
287
409
395
677
69
940
986
91
363
909
53
865
22
285
587
405
727
352
312
249
541
219
320
94
332
522
695
53
388
37
448
640
714
840
480
947
257
701
245
575
964
617
70
802
297
798
642
572
739
17
158
643
947
838
887
693
925
978
38
737
818
298
756
644
785
843
174
952
919
335
359
583
839
978
91
458
262
309
659
204
625
519
912
124
363
862
249
302
965
755
88
881
417
685
393
524
819
782
925
957
889
851
184
805
994
878
512
699
717
995
949
669
522
653
989
564
362
545
259
252
997
78
168
501
692
950
515
889
761
901
54
479
981
192
423
266
513
523
749
104
622
498
179
609
828
146
725
799
750
705
37
116
145
256
929
879
171
506
787
485
356
334
72
731
491
655
571
373
333
58
942
619
987
193
758
475
411
578
352
230
779
685
540
950
660
622
798
432
738
967
380
212
350
154
152
201
910
665
60
58
125
813
879
684
899
596
851
219
147
988
697
794
313
166
280
202
457
519
683
481
756
330
454
522
488
507
218
222
276
41
122
646
988
758
732
793
802
292
270
272
49
15
920
206
458
428
251
511
236
950
599
345
384
860
78
216
806
327
625
492
886
198
711
972
75
172
268
200
120
497
668
124
28
311
911
207
831
888
749
447
405
435
327
169
915
362
533
957
713
523
341
572
186
174
80
631
772
102
4
170
925
313
254
478
827
342
310
859
982
219
846
635
92
635
725
317
962
369
134
856
405
781
549
320
503
346
830
846
386
787
935
114
422
483
629
5
664
403
165
986
419
606
233
650
67
813
357
101
601
341
744
936
964
913
100
956
25
342
40
283
615
787
862
128
466
653
536
995
848
684
290
325
561
173
324
249
577
672
162
30
374
892
956
635
208
364
926
228
460
382
912
632
287
332
451
59
621
230
130
941
859
476
555
797
296
274
515
34
988
699
304
780
259
209
236
27
815
870
572
713
148
496
407
390
894
697
587
625
941
991
187
770
635
818
221
924
176
517
582
967
369
755
141
976
267
695
260
9
875
509
896
221
469
801
78
899
286
119
922
807
365
976
880
764
223
215
456
424
828
848
928
227
814
719
53
914
943
372
128
604
366
350
501
539
884
940
737
906
26
279
547
251
199
122
16
414
588
533
915
788
612
73
636
858
738
661
473
385
689
187
896
25
591
895
403
214
483
50
233
458
128
744
243
10
594
759
958
722
386
879
826
457
292
551
340
472
423
74
792
354
927
217
411
484
607
479
14
314
338
279
973
241
902
865
65
747
739
175
447
827
684
663
202
706
85
148
805
902
471
366
717
176
307
231
654
993
139
201
183
305
598
435
552
3
587
245
301
778
904
119
517
597
822
666
748
496
267
109
764
212
411
74
515
318
182
318
8
671
421
229
364
867
486
797
47
584
570
888
227
486
827
269
373
957
888
876
564
694
487
11
239
655
428
889
90
972
35
964
541
279
814
866
552
519
502
159
13
138
51
67
922
285
267
94
880
578
781
629
116
655
654
149
849
970
288
141
541
429
814
496
175
863
381
334
773
460
97
207
146
320
955
343
983
374
585
477
240
685
479
92
858
837
207
263
782
122
283
806
247
783
615
564
650
970
400
286
112
709
831
672
526
763
864
39
146
165
260
628
491
603
1
235
822
199
820
290
333
179
347
379
965
75
859
249
448
848
795
45
573
598
407
879
647
258
990
407
4
186
913
862
771
603
520
959
88
256
539
617
800
495
191
759
70
672
928
75
594
139
279
287
919
750
196
137
744
409
485
958
52
532
860
840
780
615
518
868
667
426
678
175
904
957
304
494
961
337
639
568
3
542
389
622
733
202
858
976
398
679
117
758
304
835
332
220
158
647
917
349
495
343
102
751
182
868
736
381
380
93
875
860
369
457
925
617
153
485
40
283
415
696
627
520
583
451
157
872
782
871
620
762
468
438
359
250
744
381
454
578
238
852
94
1
810
82
614
671
668
633
559
398
156
104
444
349
973
529
165
565
950
290
505
364
326
522
119
440
693
456
361
463
340
177
266
502
785
417
475
312
534
979
74
958
707
720
868
545
372
795
600
632
784
582
265
680
341
113
777
704
452
591
559
974
194
733
766
579
146
679
136
917
766
660
397
385
934
575
335
72
866
991
949
196
547
507
502
414
204
417
464
929
138
339
16
814
327
485
686
942
380
603
383
818
511
597
60
183
350
928
892
714
855
62
961
248
30
555
647
939
884
481
980
503
786
571
923
743
954
289
922
538
835
724
589
134
909
657
673
530
522
624
6
850
327
158
835
455
465
661
607
823
756
795
546
64
737
5
432
296
971
198
491
600
61
502
271
994
824
914
895
660
859
798
896
921
769
786
349
202
585
139
885
853
31
316
166
194
418
743
501
988
981
354
810
215
441
855
997
288
206
66
876
798
794
981
753
761
150
588
311
909
663
784
482
203
256
916
75
698
169
638
982
372
70
910
139
726
396
655
936
230
147
796
898
412
873
131
306
254
742
682
270
24
176
590
709
303
222
80
954
466
69
894
