1100
235
686
357
307
553
160
140
101
310
59
971
885
105
266
582
411
437
995
538
50
910
625
459
524
913
246
779
407
103
452
231
123
720
27
102
223
345
292
880
356
88
167
131
592
227
25
255
924
12
280
824
733
87
688
733
909
910
979
682
587
6
750
603
216
586
866
909
832
497
23
266
78
76
890
472
242
86
885
764
590
480
151
580
764
542
636
980
715
109
626
515
607
561
142
829
641
233
464
551
645
654
696
45
811
947
935
12
353
812
308
787
668
153
727
295
864
924
488
459
358
472
132
506
131
849
705
843
285
25
116
535
779
95
780
318
637
379
667
834
467
366
545
136
432
902
752
271
978
594
906
71
220
885
566
51
899
255
562
270
862
278
857
25
417
344
282
83
922
437
832
709
189
351
339
156
374
442
660
240
111
296
544
704
28
470
940
972
935
628
635
667
214
110
110
101
622
258
779
401
656
546
652
433
969
589
256
97
851
886
270
483
142
633
960
389
855
786
13
57
669
348
897
113
796
623
316
614
212
457
336
112
111
634
331
938
23
473
390
381
518
185
722
692
280
910
371
113
168
840
63
284
719
661
493
617
478
948
750
744
311
176
774
333
86
998
798
632
133
644
922
811
144
340
148
853
928
61
893
503
764
284
801
427
152
878
224
648
122
55
598
440
743
172
368
943
78
353
519
957
620
220
571
949
436
825
393
539
557
807
630
833
9
75
887
8
938
785
953
118
82
486
852
962
507
182
322
900
40
226
244
397
308
18
662
25
333
192
648
225
451
322
791
447
348
414
153
108
248
561
701
627
804
984
244
19
843
694
663
296
269
457
848
385
855
379
817
102
475
48
178
966
703
452
864
687
88
868
543
278
770
770
57
436
198
677
741
412
54
675
161
206
872
6
502
346
59
993
671
575
212
614
309
443
603
364
102
678
593
226
416
538
733
84
78
538
806
801
523
839
11
162
561
71
350
448
63
374
698
172
323
971
407
467
846
342
952
908
82
719
996
683
434
502
370
957
333
314
358
840
823
321
948
650
850
376
617
834
557
930
2
148
297
405
511
142
698
76
619
994
938
992
36
424
87
656
747
236
295
946
957
125
385
24
449
394
779
126
937
265
435
630
436
242
394
502
985
188
759
933
998
584
115
311
975
406
559
812
996
599
592
462
1000
29
929
909
583
782
843
268
406
425
918
816
748
743
578
98
364
821
200
916
352
87
162
613
713
734
93
53
408
338
974
40
216
786
284
578
784
262
691
580
119
989
103
348
284
769
957
388
480
258
534
912
908
782
814
923
693
118
962
245
591
986
750
986
147
715
668
563
119
888
665
340
611
777
956
705
185
431
109
20
651
154
828
379
680
1000
944
548
511
256
536
991
222
326
377
824
690
330
370
749
701
469
290
136
143
739
853
525
88
41
895
517
771
194
62
385
531
547
844
656
208
832
388
920
805
468
415
68
160
45
678
638
491
197
334
526
385
239
395
991
425
946
71
336
68
559
706
437
93
62
178
245
747
199
68
350
300
885
821
18
330
650
453
885
492
693
191
510
759
897
912
492
78
235
241
690
666
873
576
566
70
447
654
515
321
747
109
584
957
183
402
885
818
9
370
780
689
203
249
721
38
310
977
326
911
862
513
417
582
465
228
716
587
681
199
73
337
877
143
946
401
998
757
899
416
823
555
506
609
595
350
405
288
531
129
724
721
511
608
762
58
864
31
710
943
157
222
475
114
344
348
73
126
697
844
840
374
445
885
636
752
479
645
507
560
300
365
125
64
647
923
742
117
868
806
832
693
862
736
567
501
91
973
779
787
380
565
165
181
864
986
468
814
590
750
950
33
3
482
315
360
777
710
180
627
29
558
537
532
293
717
973
767
850
555
711
337
419
975
144
321
707
560
18
13
673
65
71
59
316
44
590
695
462
242
703
567
525
303
42
852
311
786
825
761
182
26
204
558
290
17
7
322
439
222
761
42
574
460
549
531
213
944
143
46
824
901
690
420
907
139
28
553
264
379
193
837
757
731
202
236
437
371
71
539
116
817
495
677
147
823
599
827
857
655
124
344
513
325
791
453
542
505
241
741
752
139
127
33
780
217
490
285
421
620
491
681
209
940
429
844
438
627
423
538
739
273
696
221
103
746
590
761
108
409
150
628
497
581
935
367
640
943
293
348
591
969
284
976
95
815
517
397
341
899
403
705
579
970
99
459
828
872
414
80
704
182
941
104
724
114
28
321
424
449
659
451
249
675
423
417
698
60
767
513
354
443
989
309
498
392
392
776
708
701
482
746
455
618
65
238
494
567
439
547
824
508
834
100
807
696
419
670
444
320
306
932
128
934
960
808
602
143
680
683
382
971
41
699
481
50
431
706
217
17
170
184
740
18
345
673
940
337
753
846
735
997
437
753
559
281
310
98
293
209
523
520
214
23
762
316
328
795
179
23
598
600
23
436
837
142
885
78
268
8
893
203
886
377
494
240
765
242
850
876
216
890
989
543
