23
999
798193
747520
904716
122776
617502
16968
865996
724026
864636
451534
326822
516841
85559
400222
592629
866078
363952
221179
516328
641877
915137
955932
346923
440474
880929
23273
256503
226047
122333
687417
655987
62037
73493
521974
719072
536400
480992
191975
302405
325858
586109
223939
771728
427681
678825
108647
82702
842499
1090
378851
108910
694819
311467
512998
805187
499690
15812
830567
327343
556448
64562
885220
64597
496334
777311
823196
869646
23030
134880
850456
884910
974498
319660
292845
96023
975772
198600
714897
922022
464473
955896
860394
66416
486017
239260
921896
736459
264774
674728
430272
456486
695086
583831
554725
291076
900188
278863
294161
492375
394962
746006
734154
773933
615051
469344
411781
480819
240898
594782
648592
582389
975393
502268
592935
796496
810875
870326
493249
545375
809531
205837
270681
883412
844859
541166
803166
354899
484885
645399
409728
549204
728230
825755
703981
984972
459981
670467
771043
722207
103931
826703
830492
540107
799445
658896
531529
231669
81465
773457
763696
384279
719143
45082
825741
856402
558563
844223
243744
578026
86780
977180
58772
597808
566398
834281
860604
997389
265033
373765
271955
5283
661338
158965
726433
569094
154628
926045
850501
449376
229927
815327
85457
939122
495500
826000
992639
528270
7707
42045
626746
350147
578805
297448
537784
399309
702170
838805
525005
691445
190309
193637
897357
907249
565381
798999
954657
717992
227879
240966
50620
147026
594749
687608
303524
487460
92512
514770
366029
338285
7389
783495
966889
363365
3523
253427
681560
220611
134340
240824
490072
668691
987082
840573
739483
122807
593626
315137
731459
41713
163243
233336
161013
472909
520989
417888
398388
935339
21307
46303
738002
825431
192621
268334
66935
80718
361476
28382
35480
358349
734632
683629
879825
858217
907468
761995
161179
477289
872670
866316
59964
80232
787041
948222
828113
700624
389536
410496
900840
791373
827302
71497
423422
533955
583673
51251
858473
242104
845971
742656
263494
476312
602821
598897
407577
978645
353492
39336
271032
203276
392007
169014
730907
421747
886758
409354
833993
233584
53997
886078
298885
369881
450037
290985
650649
681642
165361
236979
807720
253257
358419
675377
165361
53701
788021
788810
612290
131023
528281
210128
515667
991968
736076
617807
884624
202442
13611
708261
583392
809381
891259
663188
568788
41802
210282
881840
411584
946543
222076
326148
659693
387508
848242
952115
74582
763995
600753
273111
750552
791328
42576
37160
717707
736765
439367
441060
991538
168890
169961
355450
97688
169496
46240
478758
399645
201496
700595
488324
17951
947036
487540
102892
195480
74652
531926
196306
373905
327031
337174
554832
639901
758484
329739
819565
252082
680538
904947
559573
681601
267495
970249
664361
857536
32311
27141
142968
58697
211582
630383
218667
888189
143571
814042
485476
383671
282392
72809
54377
549946
388970
89589
701733
840485
645955
92094
909379
706786
838077
537736
601672
478262
893689
773238
296916
271088
644229
753080
221685
947695
367750
129548
478396
37411
873613
119416
728752
580305
455767
33557
997128
808257
333296
741212
619440
311936
460788
197702
322928
355556
524873
423847
45034
238622
20851
213693
446301
189688
656890
256797
448315
560951
801069
35008
440150
587980
290391
568286
512996
512697
642382
773922
725845
682454
989868
373898
112700
193985
512753
128696
532577
806685
221996
354861
140657
9288
846753
466593
556954
60396
630803
922269
580384
172504
626110
177146
119943
815382
648759
546744
768144
988614
386097
490058
717485
841196
480409
267319
21262
156696
393477
165491
768549
26568
843458
361201
245311
761150
388410
261125
369315
674678
934989
735776
947876
43239
843836
682972
690624
400327
297958
618974
992374
109701
277097
131695
772921
627249
948881
857886
615866
849432
126193
864661
801424
376154
955974
268468
631160
835058
622998
897291
226249
531247
722227
72103
946070
561514
641239
559801
218705
705706
601147
582639
984833
368783
976448
212573
959932
449304
195149
720826
684512
277712
29016
603315
482947
822664
753207
176853
739018
83370
498464
915061
412164
391981
630348
897719
89092
199827
890136
167989
166701
876938
531590
248236
242347
27819
444012
820470
524645
436845
798205
105206
246225
304034
343189
899708
750291
274470
105836
592587
127535
453630
660126
159631
962910
218752
59676
720264
916721
532041
644999
919670
61114
42764
273164
498368
828399
988003
917470
803029
875982
258766
373850
576842
980090
585301
504691
488059
318327
478375
347004
107997
415724
637129
54273
201580
977672
236634
570497
164788
379087
13135
856420
39209
542821
570881
627145
571966
943536
988223
463659
185242
384069
714262
451930
53094
46091
900984
290449
700627
238913
93214
514251
429824
190358
53701
669121
514970
411775
677223
767855
15209
55756
439917
642414
396868
40218
288806
819907
75986
495147
993931
975133
388808
514157
194379
294094
452727
331498
277081
584658
933340
647747
306296
871057
983034
320853
495044
913453
299622
273251
475507
571180
715457
623708
23208
810489
756272
883432
852138
807979
704085
982745
642310
214894
120740
93893
254720
862473
743210
678666
345830
401596
826431
601494
575586
297112
251142
442331
984344
471239
968341
825920
58206
687172
319339
878526
169775
458253
385058
272562
67499
734690
198381
861256
923620
735593
521689
260972
560275
839172
647953
875456
136821
865233
716056
271362
394867
522891
851564
187508
164187
789983
327688
978888
654694
523382
673684
245325
491631
581115
318838
964699
728484
704746
104467
400853
277745
151081
945198
999743
508388
496977
935373
657876
826594
458982
428806
622402
448299
863480
438871
895420
22192
887850
140967
470649
279260
964270
605040
100885
857831
528938
29150
237988
457856
199053
351792
309079
909353
61012
508215
599256
801885
860168
898757
994573
613504
646370
418544
111994
482939
433598
712858
829284
577374
610402
898171
57409
637423
490569
246137
205441
398154
928138
955680
963570
182955
514357
956760
7825
336036
351135
254287
807121
431834
565656
737662
480171
218604
86378
644963
666602
491019
785081
35102
358336
783784
399093
363811
952398
397854
945718
488411
689362
649411
235387
851561
571207
232113
70403
254791
182943
122449
19636
995242
472064
577013
308571
574516
169292
659191
635805
744158
96145
427735
848991
447575
555920
557722
193692
437768
873335
518368
498092
51825
660017
442597
466110
258335
343916
791830
568883
128517
199470
824944
222180
930311
351076
970253
814552
445923
525196
195605
16709
657782
150503
593531
821326
281642
604962
495378
87919
172647
528691
878961
158638
668388
81910
611410
61581
349815
401322
299094
412507
817482
91474
796520
944588
247960
89519
722344
947363
856246
643648
432303
118997
18272
395012
497691
124415
726812
63110
265689
660400
103491
272979
527838
849303
151052
792927
982896
282432
689133
767084
455441
748835
94360
568406
302627
977394
401832
459357
220151
846567
529354
709799
756455
286600