927
8413
898
6647
4836
9148
5292
667
6715
7767
7145
7417
3584
5975
3718
591
1292
5434
2148
8836
1885
6164
3348
7831
4866
6348
3854
1745
9655
1100
3883
1859
7687
1464
4737
3714
3168
1042
8145
4339
449
6611
6888
6341
7678
1308
4855
4646
6777
1848
1851
399
6957
5666
5788
4852
5264
7062
3197
5643
5876
5389
1888
403
4495
2722
8939
8133
5949
8601
8419
7603
5801
468
981
1308
5234
6262
3113
1394
3582
9059
7352
8547
6803
5041
8017
6143
2555
3185
618
8371
1724
3451
9411
1246
4674
1617
8579
7406
7644
8562
5723
7771
6944
7362
8662
5565
3318
2871
3193
6213
1520
4163
6213
3466
6168
5538
5318
7050
8269
5609
3506
2247
994
4979
964
275
8661
6202
49
3614
5084
8059
3154
6553
1161
997
2334
8068
9862
4650
6603
9833
6899
5192
9692
9104
6146
3791
6310
6647
6038
7955
6010
4915
3563
9258
7869
6961
231
4070
6056
1649
9417
3779
9257
7814
7045
5945
8557
8709
1839
8518
7315
9674
7567
9939
6930
8960
4186
5365
8561
4071
6810
64
7940
6375
8132
2366
4033
3255
5137
1598
3700
7560
6502
232
881
3498
8949
1697
8726
5180
2446
5708
7537
3441
2437
9816
2329
2572
7570
3552
4050
7347
8020
3902
9833
3643
2871
2444
6306
2766
6949
498
7986
8419
3914
2796
2974
4540
5665
8323
6152
8201
546
9672
8618
5460
9453
5482
8568
8353
5993
4895
1511
9790
35
3
4351
6409
2405
4286
6395
1200
5550
9295
2441
7222
135
4410
4523
8753
5312
2786
8856
5632
6018
7704
7096
1231
4555
4692
9710
2253
334
8640
2441
475
5274
8341
1122
8153
9722
1426
3375
7218
1844
9362
1245
7249
8998
8706
5940
9348
6134
3649
7932
1522
9865
6747
1188
7512
2835
960
9168
5269
7954
6022
8648
5463
1682
3314
4193
2645
5212
4120
8020
1772
2610
8099
3250
9924
2653
9780
33
7183
1607
5745
459
1225
1051
9227
5877
3121
3286
5078
2105
8823
5397
4509
4149
3062
4734
7072
1293
3992
942
9341
7303
4293
3941
6128
7536
7571
4051
5485
1696
2760
7204
3861
614
4297
974
9519
5276
3161
3026
2302
4123
3495
6300
2071
5127
2280
7451
589
5757
3738
6036
5190
1769
7081
3247
5370
2
5509
9601
5677
6773
9357
568
8738
3473
8374
5613
2404
7852
3784
8555
8292
6063
3574
2411
457
5002
841
279
9130
4466
7360
7953
5194
5004
5302
7327
7336
1311
1174
1643
7827
3027
1365
1628
5372
5971
5586
4814
6169
1395
247
7250
4790
2492
4672
9476
7509
1738
3074
517
9254
2588
708
2098
1675
813
5392
4002
7374
4437
2506
2759
8855
8418
89
6979
3014
764
5452
3038
8983
9863
3573
8217
3806
7870
5681
8623
5389
9044
2320
5484
4403
9424
2248
7438
9483
8833
3328
5391
1036
2696
1760
6495
3744
2961
584
142
1438
8328
8921
8836
5516
2443
3458
7768
726
3346
4015
3321
6195
9553
7775
4918
788
7705
509
2791
1961
9358
8815
1610
2739
8250
1999
791
7435
8704
599
1508
8046
2418
5697
2296
4690
9719
1336
9445
1890
7772
9323
6555
7246
2435
404
520
7925
4513
963
4650
2656
5359
3852
3516
6953
4636
9583
788
1501
784
7353
9636
8155
2008
8854
8126
3918
7955
184
6573
3046
8669
6011
5498
1686
4172
9141
924
1718
7242
2503
5066
9005
2896
136
3114
6477
2272
7476
4782
5292
876
5218
9628
9190
6642
3577
2480
9111
9988
2412
8753
7910
2423
4587
6900
2609
2312
1156
3074
2945
2329
6903
2528
196
436
4325
9430
7556
7609
6603
6745
2193
7349
8446
5148
126
1462
3546
8557
9023
8147
4842
3740
9573
8123
792
1855
2711
5369
7228
5644
3937
7707
3363
3630
8021
3678
2179
5376
2938
5783
5920
6987
8868
2177
6004
8308
7612
8400
795
5065
8691
8427
3158
7175
3452
4710
2772
107
13
394
93
9463
5045
2759
6292
4510
2430
2852
7002
2225
8907
2554
1241
9035
6670
2211
7702
1772
323
4571
6781
7657
6939
438
4005
7352
11
5852
3080
2061
3487
8994
8270
4312
2889
4095
9154
4726
3435
3258
8573
8068
5919
7065
9149
5419
5272
6708
1798
3026
6507
9420
4510
244
2596
146
9771
3650
1294
9948
6722
4064
3482
2127
6748
8168
7250
5991
9270
3257
4054
4562
8195
8470
5733
6588
3712
2654
41
6283
4444
9340
3627
8702
5725
9581
559
3516
4426
6272
9418
7123
5296
548
1676
966
9322
665
7879
7363
751
6199
7088
5943
3049
9074
1058
6743
120
6493
1930
1776
9878
8851
6603
4411
876
7336
172
1591
1406
1997
2882
9917
5125
9499
453
6021
5631
2884
3467
8237
9484
8610
8846
5296
3248
600
4324
1359
5543
3108
2995
3369
6469
6801
2610
8433
9058
3776
7565
67
7217
1127
2761
6280
9492
9420
6037
3359
3189
9082
3266
9833
4677
8035
7387
1517
1501
6109
175
1844
6649
749
9513
923
5374
9717
5321
904
4316
2552
4341
4477
8148
719
7458
9170
5554
9491
7735
1221
4319
5307
7206
5566
2831
80
9406
707
5566
4426
4363
9249
164
519
6702
5545
8184
9518
9471
5492
833
8716
2795
8389
2903
9943
8189
7267
4916
8753
3510
632
7127
8055
509
5740
7877
1037
1989
4395
3340
3908
2304
2291
9798
6743
7859
6629
2539
8543
6682
8302
9144
8432
626
2115
2926
5398
4186
5130
2488
5901
9718
2358
9400
8847
674
5035
3447
9337
3910
479
2891
