906
695 588
986 494
24 877
752 394
387 515
421 458
707 433
560 163
183 633
44 110
700 966
4 240
497 640
491 910
402 104
547 85
94 763
728 818
352 657
933 216
615 545
140 5
30 958
253 136
555 132
546 972
950 418
333 309
182 514
669 772
305 910
390 923
115 548
259 238
773 583
116 570
908 112
850 28
383 921
314 715
115 110
366 3
214 238
858 50
29 74
585 264
135 580
181 1000
903 29
373 130
588 995
918 877
879 531
164 843
413 816
96 293
420 740
511 122
18 812
370 928
4 69
671 63
257 413
281 429
500 39
85 226
597 681
152 347
191 690
936 240
70 495
311 34
944 20
85 449
450 721
594 427
725 365
447 54
462 880
624 851
266 394
539 615
374 137
60 933
197 660
920 447
274 539
875 426
388 138
294 953
971 109
605 223
5 994
642 365
66 551
426 452
456 880
544 343
530 854
268 58
333 637
213 38
48 794
302 426
444 781
974 31
105 4
417 805
501 443
706 748
425 885
88 904
626 651
452 40
465 464
821 292
863 639
843 526
271 232
2 854
828 70
467 724
507 831
436 973
770 231
191 405
156 106
928 795
721 293
789 9
188 816
589 421
74 13
124 286
914 730
847 31
101 100
501 391
452 693
482 14
656 888
666 11
993 574
261 475
13 526
418 147
295 192
126 120
333 656
584 133
201 520
246 694
665 714
677 923
831 636
865 614
210 865
155 710
250 567
338 641
358 800
526 983
703 163
413 813
168 373
392 763
946 661
771 480
637 375
127 72
731 473
963 155
829 346
210 780
185 254
168 120
374 652
180 768
361 294
892 600
490 376
927 572
721 607
782 525
62 607
658 636
650 402
391 2
294 320
231 412
28 437
339 257
635 624
442 177
341 387
528 675
661 643
69 729
818 429
571 550
463 368
430 507
664 490
289 674
322 43
696 44
143 199
440 119
216 464
133 149
636 719
759 777
476 946
139 641
42 317
170 1000
500 380
508 466
370 755
852 219
846 94
21 742
89 903
568 562
263 899
990 265
423 228
959 267
984 416
533 182
386 352
358 73
455 893
649 497
348 72
151 577
926 330
469 260
219 394
763 401
43 994
25 147
387 849
803 102
72 52
964 760
249 481
887 948
177 325
772 969
641 642
388 474
374 651
897 294
216 772
222 474
896 941
412 870
494 883
926 541
943 588
852 458
25 978
161 804
411 279
911 580
284 983
893 418
622 245
470 831
411 122
481 782
694 938
689 957
206 455
192 467
605 213
877 222
173 606
286 147
611 339
535 363
328 700
20 399
821 773
547 519
764 227
218 425
279 96
626 687
648 960
540 874
630 580
892 594
449 777
344 286
394 439
683 708
860 212
12 998
500 904
566 471
223 181
233 907
599 689
648 821
923 792
690 342
837 881
548 31
71 480
884 35
102 120
569 760
602 422
303 569
769 818
276 767
457 820
267 576
179 724
460 854
406 360
530 234
849 296
138 352
372 961
706 773
831 794
310 786
866 768
533 301
321 962
631 299
275 53
946 903
635 459
111 600
618 496
564 169
95 959
979 244
842 536
105 59
19 404
977 356
425 832
976 809
891 234
323 16
711 735
267 982
248 371
546 364
868 40
534 545
360 866
148 9
890 740
927 863
314 399
122 627
144 897
324 450
797 997
754 811
412 13
277 799
262 772
834 751
632 897
530 337
923 679
415 628
419 524
993 968
412 237
667 620
929 64
293 722
292 267
573 634
813 109
740 398
199 105
638 257
304 16
78 984
869 236
397 193
964 893
335 743
490 302
612 849
973 604
266 438
248 493
566 143
474 854
813 98
695 286
692 309
115 121
691 445
853 400
524 890
840 141
142 723
696 676
542 386
634 164
292 810
657 239
884 764
943 77
789 159
948 410
576 62
686 522
218 813
115 868
857 995
276 207
508 281
247 240
947 130
550 17
970 536
835 469
690 835
365 70
806 610
662 90
483 535
829 2
920 814
2 253
392 138
995 995
735 562
683 568
883 423
631 944
172 751
139 176
144 193
682 891
31 335
566 810
725 778
478 904
173 374
338 683
52 774
783 270
565 595
904 156
292 707
203 825
958 134
998 282
945 927
648 86
432 125
485 770
646 537
719 852
662 232
782 961
285 524
661 218
285 880
701 159
962 613
681 885
592 320
345 697
422 494
62 214
408 942
360 629
955 525
655 213
324 568
622 720
780 918
529 614
355 570
904 584
842 331
410 249
460 677
800 197
376 705
388 669
676 201
178 654
36 621
568 262
336 989
412 159
973 916
293 769
476 180
414 821
975 111
37 694
666 380
300 753
843 596
786 954
632 144
406 210
899 249
835 292
932 654
133 927
698 543
831 861
5 880
613 214
400 341
747 292
779 24
539 44
140 575
142 826
46 441
559 813
921 402
91 134
27 522
965 129
569 227
766 3
63 673
193 653
338 195
146 857
522 561
444 239
800 738
918 879
392 888
687 240
269 469
927 933
919 129
167 496
1000 573
595 911
728 50
600 270
187 241
411 887
233 572
21 803
790 712
689 69
521 418
197 480
808 686
679 468
152 2
114 664
828 403
641 575
135 373
934 365
949 49
649 776
736 733
107 354
12 469
875 306
144 61
133 59
339 700
337 129
105 840
718 869
542 838
593 392
706 472
612 203
441 159
865 577
559 548
730 964
629 412
897 293
724 401
660 353
759 644
186 575
731 575
190 217
335 311
518 453
706 62
184 168
309 93
15 795
881 977
291 262
121 744
600 718
694 986
593 402
332 333
866 790
97 550
778 625
227 531
411 266
97 179
602 605
378 475
7 6
549 570
68 276
184 905
947 88
568 288
190 646
910 447
192 446
559 288
215 956
413 313
922 501
972 314
767 457
832 103
960 698
431 455
603 59
890 85
867 814
915 533
285 874
265 384
640 924
344 534
894 35
10 802
809 984
636 731
445 618
412 698
644 484
602 988
941 944
240 735
200 557
763 583
18 536
850 408
109 310
36 776
52 935
420 167
427 760
736 957
12 615
510 645
396 692
596 879
19 128
688 215
604 830
793 171
664 609
767 985
526 149
416 288
314 67
698 912
578 182
896 909
893 427
364 479
947 960
244 477
182 432
924 883
752 848
462 66
331 759
274 287
112 133
544 512
853 802
194 13
158 173
106 513
40 319
622 682
559 866
772 410
987 144
337 150
724 648
685 630
410 728
529 356
795 22
556 321
813 698
490 295
631 459
637 175
754 679
349 345
908 300
157 808
297 166
734 875
606 389
300 854
793 767
396 603
945 875
805 808
508 401
687 782
103 218
22 995
740 380
422 596
433 664
467 767
14 60
689 537
728 226
230 602
237 723
295 421
717 869
779 363
775 618
565 793
323 499
509 319
584 414
452 167
403 266
343 68
61 217
257 406
295 424
24 821
701 618
127 562
60 805
265 755
915 67
204 868
80 326
777 505
302 66
586 346
273 751
623 284
487 988
567 16
836 605
208 843
689 571
512 633
1 309
113 868
969 39
397 240
516 973
201 610
847 580
225 13
527 452
714 5
417 375
995 919
748 143
600 615
604 972
335 976
493 381
10 121
943 853
971 881
42 763
417 707
231 21
203 702
796 873
577 785
783 217
19 503
544 889
201 692
639 658
326 53
770 851
703 823
528 195
159 381
923 416
170 875
187 350
224 576
58 75
550 757
460 678
329 768
23 797
723 954
769 455
788 151
971 891
469 404
33 352
506 650
122 925
869 33
328 866
459 110
170 872
534 675
266 672
390 378
656 472
862 274
100 934
955 557
602 978
419 600
456 777
980 291
506 925
327 145
68 169
882 131
609 59
870 402
221 2
794 302
726 951
630 340
884 666
219 505
248 102
795 247
663 70
36 73
465 444
740 664
215 913
330 936
441 9
780 163
47 811
399 431
857 544
864 766
521 740
464 381
712 104
944 460
147 496
393 806
165 819
703 928
560 116
725 551
744 587
753 524
882 83
898 710
383 24
713 834
162 3
833 215
609 572
474 12
460 252
216 645
658 23
952 542
851 41
70 884
577 186
991 1
690 725
361 595
199 658
481 92
998 619
532 433
460 724
698 375
849 293
569 11
303 328
147 863
890 50
31 89
