5346 997
8
34
16
35
98
21
84
12
8
35
10
65
85
81
96
61
99
13
3
67
41
27
98
14
13
40
77
51
70
75
91
95
15
46
56
40
19
74
35
20
59
32
50
79
30
18
89
70
100
40
21
91
58
97
76
5
6
82
53
92
15
23
36
64
13
83
65
41
65
45
98
33
7
72
65
26
22
29
34
26
37
66
100
53
42
61
77
37
78
23
21
6
69
2
49
43
85
70
93
11
90
58
19
39
35
86
62
29
52
77
36
65
26
71
80
28
59
9
94
67
65
37
55
36
40
48
32
17
8
37
46
74
1
32
74
15
51
79
19
40
16
78
21
92
35
31
90
49
34
68
36
11
100
7
80
59
2
66
45
69
11
62
71
53
93
7
69
53
3
98
53
19
84
68
93
86
56
35
68
21
59
46
34
39
10
52
47
97
56
11
76
4
84
74
43
48
73
100
88
22
20
58
38
79
15
55
96
5
4
14
50
69
13
38
48
86
78
12
24
27
89
20
43
100
100
72
93
59
82
63
90
19
70
21
62
88
45
22
39
7
96
80
56
99
1
90
82
11
34
46
82
23
73
91
77
5
89
62
66
35
11
11
26
61
78
81
8
27
33
98
44
93
33
9
82
92
46
42
71
65
82
86
68
37
70
74
65
70
32
30
74
87
66
80
37
69
86
8
26
21
37
16
91
1
33
57
51
31
19
11
55
3
68
38
55
20
28
32
53
20
50
98
17
52
35
6
89
2
34
87
8
12
6
17
89
77
78
96
12
33
7
92
24
55
16
82
92
96
55
26
34
44
100
35
41
40
54
2
42
71
39
64
21
27
14
28
23
14
13
59
25
74
18
64
53
11
88
21
14
75
62
76
99
43
21
46
35
22
62
52
45
74
33
44
83
17
49
96
2
5
46
7
42
55
25
17
66
91
79
41
15
26
48
41
70
27
35
15
97
49
47
90
49
12
92
50
8
46
53
26
9
92
44
5
16
34
97
78
14
79
19
42
82
66
77
45
28
87
29
77
37
29
18
27
72
49
15
93
45
79
63
72
48
63
19
20
67
25
16
27
54
61
29
53
12
98
27
98
59
68
52
82
67
97
17
40
85
72
36
73
34
15
70
23
62
83
31
72
90
28
24
66
1
38
10
81
77
5
86
95
95
62
49
2
20
85
31
33
38
10
39
74
24
83
96
69
81
5
69
71
98
92
17
88
18
94
62
54
35
10
9
11
67
36
64
97
86
30
27
64
98
60
64
46
50
40
75
66
69
95
73
9
50
8
80
50
23
25
71
87
37
97
79
50
28
21
16
92
77
67
18
11
13
37
41
44
47
81
38
60
85
74
70
98
39
80
76
75
9
37
92
42
75
34
1
88
33
80
77
18
7
73
31
80
93
9
3
7
90
8
90
1
73
66
42
73
6
76
57
6
60
13
27
100
96
65
44
14
16
41
95
34
89
46
6
49
56
37
67
5
95
4
67
25
24
12
74
24
85
35
9
13
81
57
19
58
87
75
43
61
44
83
63
97
57
85
46
46
31
69
82
17
13
35
96
10
40
51
67
89
91
81
77
66
53
59
14
43
28
74
17
11
32
28
75
39
49
55
1
69
86
96
95
98
15
41
71
99
67
2
99
21
94
48
18
42
57
91
58
20
39
100
1
45
8
8
7
76
18
90
69
44
78
69
18
96
78
69
87
70
68
40
96
15
40
34
18
71
51
12
97
73
3
62
23
59
93
57
11
57
44
43
14
59
27
62
46
42
59
28
89
88
43
3
78
77
50
91
67
53
35
89
48
100
38
49
11
91
33
70
34
2
17
23
27
13
79
33
72
10
23
8
45
27
97
6
52
81
99
91
96
21
29
56
73
53
82
71
39
77
22
26
27
75
27
48
91
67
92
94
59
14
41
89
78
63
16
54
53
73
23
88
2
83
93
60
1
89
21
51
29
76
84
38
44
77
94
3
93
46
63
10
99
67
5
25
82
52
25
98
27
28
70
70
80
98
67
48
9
39
71
84
85
69
13
96
28
10
52
69
63
59
34
4
71
30
6
75
45
15
12
94
67
96
96
81
48
63
58
56
41
21
30
64
66
41
37
94
55
91
18
6
22
29
23
41
64
82
14
75
20
45
13
8
70
12
45
74
11
65
52
27
16
18
66
75
27
58
9
48
35
77
24
52
33
59
42
86
24
76
37
49
18
63
63
100
36
6
36
60
95
3
38
32
57
93
89
84
14
59
80
52
81
66
1
42
52
