997 73425
975
203
776
755
575
914
866
927
813
571
777
936
109
73
282
76
378
402
557
799
938
968
416
552
746
273
97
116
381
743
702
155
907
209
675
57
449
714
862
774
433
247
480
819
999
651
649
328
638
646
559
703
304
334
858
363
818
445
196
435
112
101
335
349
128
742
646
527
295
537
931
608
973
797
186
87
634
795
605
598
204
390
59
622
121
115
107
740
257
413
758
302
611
533
514
685
95
597
731
199
931
620
786
555
481
446
468
477
226
476
932
850
958
863
777
763
950
912
263
631
697
128
828
743
219
748
531
603
581
931
416
480
986
752
989
874
400
254
642
473
894
185
235
467
787
318
541
698
890
719
176
874
452
64
718
413
118
218
677
918
535
788
94
235
240
119
364
882
200
511
380
210
896
385
854
802
941
212
173
731
297
527
104
190
602
956
100
967
908
185
789
720
653
274
172
434
565
466
551
104
905
78
87
265
100
952
349
480
97
53
166
97
957
388
913
950
784
538
404
494
365
610
154
781
930
250
640
694
785
291
458
991
161
61
977
423
419
159
812
709
693
645
460
795
293
695
137
856
568
897
490
70
381
388
420
192
227
647
482
403
541
80
286
816
583
372
52
344
678
843
825
978
774
966
439
203
835
955
962
367
399
737
234
720
374
902
377
576
905
141
594
210
662
710
594
298
127
728
527
158
285
339
730
653
598
578
394
538
102
423
257
77
769
846
626
814
507
381
625
473
710
425
678
234
604
483
586
988
901
271
894
729
364
365
811
890
229
838
951
523
811
864
519
202
393
186
962
76
886
771
960
990
993
929
110
521
187
417
940
177
547
766
305
70
473
587
530
487
513
621
107
641
272
272
411
782
193
342
786
201
680
609
358
628
96
126
340
598
134
501
286
332
179
986
704
777
513
54
467
448
870
795
304
483
762
197
699
594
593
396
174
542
388
166
643
99
981
560
665
891
787
870
616
910
363
117
641
635
379
131
475
881
585
491
962
641
422
796
627
745
979
312
392
365
948
443
503
499
263
648
469
275
110
186
405
570
985
468
725
369
406
586
780
791
332
940
703
175
785
385
324
181
959
342
356
474
130
122
601
85
645
718
58
629
399
492
217
477
328
483
497
389
218
879
392
732
250
554
915
385
433
198
895
54
328
623
643
965
440
670
699
186
110
353
676
948
266
733
308
739
381
251
506
365
513
937
820
639
329
213
943
744
333
119
184
425
711
571
540
571
461
491
283
653
705
609
600
333
100
648
840
157
436
446
443
372
513
832
843
917
173
237
310
389
643
338
129
756
278
219
670
953
365
578
196
367
336
278
615
627
971
315
396
696
496
85
809
486
712
434
887
394
149
399
928
919
499
823
594
740
620
636
394
457
589
500
792
772
744
405
134
792
368
616
853
975
198
560
696
86
319
193
622
247
833
751
683
824
641
333
693
641
525
921
841
312
119
329
373
840
598
816
627
577
613
850
168
236
518
207
261
308
846
832
822
57
114
578
511
871
308
932
811
833
401
289
486
529
180
372
56
494
930
771
160
520
139
877
745
208
197
883
171
417
491
648
376
746
996
133
87
705
723
142
941
721
895
919
475
344
58
95
278
939
668
950
180
294
136
582
525
977
179
557
190
54
468
891
552
310
489
327
451
863
104
259
930
538
767
794
543
66
306
84
495
623
292
890
408
346
140
882
831
205
509
365
197
262
666
509
173
548
810
266
329
632
239
976
541
814
230
840
968
197
882
956
606
208
136
547
174
85
140
620
137
611
123
275
227
668
602
899
850
680
656
700
926
411
258
249
295
908
374
671
647
755
933
621
553
296
607
92
873
991
467
832
518
455
585
809
859
745
922
730
610
693
679
621
422
513
341
767
685
744
143
553
439
994
482
850
77
609
287
772
362
847
639
427
946
74
965
76
822
401
403
849
228
505
546
991
364
897
108
572
773
244
448
162
711
504
900
704
171
633
85
719
707
685
106
93
160
989
92
513
62
824
722
135
748
378
927
860
664
343
886
95
417
58
213
965
296
977
343
622
977
278
605
808
508
822
964
414
412
423
336
272
92
376
166
136
415
143
282
937
150
73
433
248
388
315
177
563
723
418
928
564
943
67
104
242
661
224
790
412
436
487
934
183
601
322
958
402
742
912
801
136
940
450
944
336
600
820
835
282
299
54
170
961
54
513
141
858
872
384
683
794
121
266
462
846
804
698
932
424
675
790
583
356
992
933
861
976
910
655
619
757
258
159
950
838
929
554
987
695
685
77
795
