5196
561
5024
-3272
3300
-7184
5097
7868
3712
-7813
5330
9412
1737
9334
-6585
-4440
-2730
829
1610
-23
4394
9759
5341
2252
-5941
5335
6450
-4159
-8808
7470
-4609
-750
7914
4537
9406
1692
9326
892
-7876
253
-9971
-3458
-8606
3717
-901
8306
-4052
-4307
-4984
8362
-949
-8186
-6747
1544
5689
-8662
9807
-2835
-8701
-6217
-920
-6754
5548
-9319
2638
-7128
258
1226
5026
1648
5313
-1819
-3956
-5185
-4837
5340
1846
-1217
7194
-5810
6136
-7164
7962
-3531
4705
-40
-960
7866
5685
-4188
8113
1372
-9956
-2334
2526
-9917
8070
-269
34
1969
-2191
-801
6793
-5243
314
3224
-5802
-5650
2789
-5367
473
-8677
-2811
9165
4388
-9455
1373
3931
7587
3871
4763
-8517
4843
258
8494
9841
7613
-3599
2112
-6677
1645
8233
-659
2266
7103
8378
6804
-7129
2835
9058
883
-3917
-6137
-7587
5845
6030
2085
1898
-8112
1614
-5488
-7943
7986
-4408
1176
8754
22
8233
-3307
-6760
2891
1776
5500
8952
-595
-5591
629
-2345
304
4853
-983
-5775
-7999
8423
8260
5779
8373
-6112
3232
-2522
-8089
-8588
4064
9982
4355
4277
2734
8168
-6946
5211
95
-9749
6073
-5069
-4994
387
3982
4869
-5192
7367
-1772
8467
9197
-4832
3270
5062
2459
-8862
-9093
9931
-9469
4424
-5250
-8262
26
4635
-937
-6775
7881
853
2124
8019
-6545
6847
-9768
-3947
-1375
3059
-2738
-4635
-5577
6909
-6908
-6153
-2855
-5572
-511
-8225
3730
-8763
-9180
-1515
-1386
-6241
-5416
14
-666
-9011
9455
-1032
9489
-3144
5643
3109
-6932
8792
-155
8462
-277
-9942
1681
5705
1694
286
8233
4294
7340
7083
-3217
5944
-3036
-618
-1732
-668
1502
-4790
-7549
-4549
-8680
4265
-757
3037
-6939
-5483
8102
-1681
-6546
1633
5605
357
-9812
2624
2019
3417
-5806
-6871
-7981
-5454
4938
-9179
5940
3474
7696
-5601
-2974
8381
7161
1894
-4188
-6840
2769
-3840
-1748
5904
8703
-6687
5803
7792
7067
-7444
9503
9013
-134
-5421
4924
6794
1326
8600
2695
84
684
-8988
7125
-2782
6589
9561
5943
6002
7191
-7103
-6900
-5904
-3669
6435
4568
-8033
4201
7925
-5530
-2942
1537
834
-3221
898
-4481
50
7673
-6749
-4444
9370
-9161
3622
-673
-5273
2814
-4753
-2798
2240
8801
-930
5773
-1362
-216
-281
6954
-381
-3151
-6625
9839
5058
-2389
2142
2549
-8823
-750
-7926
-1347
7535
517
-2378
4820
-1869
2583
-3867
-3166
-4032
2280
3232
3795
-8527
-7216
-5874
3611
-7281
7143
7411
-8826
-4584
-7924
2937
517
8882
-5599
-9994
-4020
5524
-1522
-1488
-8282
713
2495
-3526
-4482
2229
-3232
9731
5667
1958
-2102
3215
-8118
8374
-1899
4892
1388
1426
-7768
683
1685
25
-6182
-3733
-6069
7845
3991
6137
-7358
7146
503
9197
4689
-8905
-9764
-1997
566
5476
4001
259
-9112
3883
-3037
948
4784
-6725
8063
2010
6656
-5842
3051
6725
9162
-5904
-2751
-606
900
8893
9088
4397
355
5641
-3662
4126
-6294
7140
5715
-1589
-399
429
-7784
-3549
5731
-2781
1009
4038
-7787
-9032
-4237
-4596
-7803
-7363
-3728
-9438
-5647
7657
276
-4024
-5333
4259
8746
8395
9489
-1383
9061
-5132
-1558
-9929
-7331
4285
9640
7715
-223
-2168
-2744
-2751
-1078
743
-7742
-7938
-3435
-9047
-486
-3995
-3294
8434
1385
2094
7425
2756
2555
8209
25
5798
-3782
3650
-9681
6499
-3956
-9250
5118
-5702
-9787
4618
9632
-8271
5382
-4403
5130
1193
2005
-9352
642
6376
-6339
-6467
-2321
-1108
4842
6471
-8243
2889
-3194
5621
4402
2007
2760
-3007
-6230
2446
2419
460
-8964
-1620
-8545
-4727
4874
7900
-9316
-3956
-5598
7851
-4863
-8274
-5370
-7353
-8476
4072
-1271
6240
-4884
4271
-7017
4247
9048
9278
-1800
7822
-3772
6281
7956
2469
8315
8770
9752
8086
-1027
1381
2723
-7390
1228
-1242
779
-9927
5624
5259
5581
2185
-3301
9661
6684
-2118
-9319
7406
5492
-3000
-8899
-3028
7694
-3933
-2026
-4520
-2930
7591
-1978
169
9872
5972
4780
-2743
-5115
347
-680
-4922
-7285
3993
-1286
4288
-5857
-7074
-908
3943
7755
-4274
-7624
9941
6835
3440
1780
1214
3425
-4300
2385
9085
3962
6299
-9338
-7740
-598
6612
2100
9041
-9098
-2383
-3970
-5124
-787
313
-9767
-3811
8001
-5874
-307
-7529
-4141
6044
4268
605
-1987
2348
-9326
-246
-4518
-8844
8514
5023
-6159
825
4274
-7082
5975
-8594
4418
-7309
125
789
-2562
6239
-7289
-3850
-6361
9731
5946
818
6782
-7198
2020
-233
2078
7476
9931
-534
9512
2563
8456
6033
2215
6363
-7994
1799
8675
-8541
-1185
3683
-7924
9803
553
9763
-8770
3739
-1744
5649
6895
2634
-3039
-8895
-5032
-2569
2225
-5239
3597
-4531
2643
2860
4115
-2044
-8531
3656
7227
-3272
2128
-5361
2910
-5192
-8197
-3719
-3312
-6546
6092
-1581
-5944
-134
704
2643
-4932
-778
-7352
5328
-592
-7597
-3087
198
-8024
-7414
-8778
3345
1258
-915
8104
-38
6500
6904
8992
2610
-43
-6363
5209
-2551
-6310
-7487
3837
9093
-2220
-175
5514
2685
-7141
-6567
-193
5982
-7690
9188
-6196
9922
-9163
-7976
-7232
7159
3866
-8112
-6576
-5838
3662
4982
6555
1599
-4130
5682
9538
2218
-863
7798
-6037
4206
-6075
1163
-817
-5426
-344
9715
-7122
-7632
8608
8313
6473
6992
-5758
1336
4430
1768
-5503
2878
-188
3104
5073
-2085
-7158
5405
3853
5465
-7095
1419
-8134
-7922
1126
-1784
282
3110
6654
517
-4218
-5009
-8033
6622
5224
1199
5975
1666
2951
4423
-6097
-9638
-2908
-2285
3720
-5998
-488
-7662
9982
3298
3630
5280
5281
-3589
-9699
-3442
2763
1151
968
8345
8574
9023
-3547
-7117
6679
-9548
-3526
-8123
5606
-7984
6557
-5550
5804
-6448
4435
1198
6288
1493
-1227
-4501
2698
-646
-8200
8882
-7415
2928
-5416
-2832
8019
-6848
9006
4775
512
-4906
9180
8138
-5991
-1065
-1262
1712
-7099
3714
9756
-3891
-1442
-3181
3191
8587
-6437
-9919
5654
-5827
-9342
5046
2179
-7143
-9025
-2991
-3991
-4790
-2597
9294
2935
-4614
1635
-3097
-221
8148
-6089
-1670
-1003
-7254
-7256
-4304
-1793
-9220
9246
5480
5128
-2384
1946
-1800
7117
5319
1899
-9464
-4025
9322
1396
1224
7143
8293
-2808
-6336
-6863
-4585
9692
-2293
1971
3286
4940
-2315
-2250
-7319
154
-4196
3536
-2561
2845
5606
-1000
-5940
-6391
-8377
5860
2388
4951
8554
859
-2876
-9853
7037
-7009
-8990
-5202
5781
-6376
956
-3812
7761
6872
3800
-5354
-7693
-7908
4106
-9807
2871
1702
8985
1507
-7848
9133
-4226
3840
5916
-757
5296
-3422
2107
2453
-4842
4053
-1153
3528
-214
-2488
5918
-141
-7691
-1940
-582
9697
-5277
-9585
-3468
1383
6981
9582
-3281
4702
-6249
8694
-504
-8081
-8436
-5272
-226
147
8923
8789
2838
710
-1989
-7336
214
7988
-246
1586
-7386
-9832
-3279
8170
6303
-2967
5310
-6425
8563
-8398
-9601
9359
-7542
-3824
8754
294
-9714
9239
5531
5292
136
-3972
5708
-4053
-4053
369
-3270
6297
8143
-3020
8009
2208
3905
-2602
-3027
-6189
4370
-6857
-7629
-1006
9007
6910
6109
6330
4924
8664
-6166
-2166
-8212
-3513
-6916
-8451
7151
1050
-8222
914
4121
-8211
7474
3896
123
-4512
-9055
-2393
-8376
227
-5000
-9004
6223
989
-3116
-197
-978
-548
-5821
1189
7857
8440
-5675
1621
6923
-358
-53
3918
6039
-2381
3677
4976
4690
3203
-6854
-4240
184
-7382
3006
9067
-8154
-705
-4915
1136
9471
9941
5466
4840
3996
-6256
-6478
2848
7288
-897
-2268
7855
-1261
-747
6312
2810
8634
-9674
7453
3021
8794
-8930
-6257
284
-7583
7687
-8258
-2820
-3589
8770
3709
145
403
6184
-9388
-7271
-5787
-9687
5959
-1804
-9725
6420
-3251
5252
5503
6050
-9614
-2996
7868
3370
9390
7457
-7928
-8199
-8055
-287
-9657
-7690
-2777
7378
-9424
-91
2934
-4372
-7617
-4844
1415
-666
-6088
-7523
1869
-6867
3738
2736
3790
5433
1571
7659
-1976
3718
-1487
-324
7840
5620
3066
-7577
35
1425
-5298
495
-2880
2099
5056
-284
-8080
-6115
8137
3744
4829
22
6051
2494
-3232
3137
5943
9446
5564
5178
3682
-8746
-1612
-4399
-5528
1293
-7926
7851
-738
-5108
256
6436
5558
625
2338
-9677
1899
-3477
6783
-950
2924
7701
-6209
-6402
5330
9630
-9733
3879
-1501
2203
7677
8291
9391
9796
-6684
6372
7346
6985
-1216
-2000
-4401
-8080
6085
6556
5055
-1165
1804
1103
-5156
7270
-8623
-4759
1847
7010
4882
1486
-8549
-4773
-5521
-6441
4236
7831
993
-4497
-2138
-9727
-4081
-5016
1158
-6545
-9546
-5342
4343
6124
-3944
-652
-2469
-9033
-3375
-4219
-2836
1053
-3110
5453
3128
7508
9565
9912
9175
-4604
-2198
-1981
-9914
480
-5234
-677
4841
-8526
5099
4310
2452
-6431
9902
6950
4262
-4788
-5834
-9039
-1007
-5812
-8969
3297
317
4262
4761
9116
433
-854
-395
-4331
-1611
-1542
-7783
-9583
5562
9048
-6018
-3763
1023
3802
-2644
-6412
-8767
-3438
6935
3667
-7317
9867
-3019
4226
-290
9880
-8212
-1488
8523
-5653
-2241
8314
-9843
6655
7301
9103
4682
-228
4172
8673
-4073
-3480
-7549
-9725
-6706
-1956
-6643
-5837
-3311
5908
4395
8813
9783
9396
-7342
9576
-4272
-1647
6194
-8902
4002
5566
-1953
6457
-9697
-6877
-2814
7279
-9228
-3919
-110
-621
2331
-4587
5223
3491
7900
7170
-5630
-7816
8259
1924
6550
-7146
1265
-8249
9230
-573
-8656
-9002
-1969
-9624
1857
9319
-5478
-1880
-3195
6762
9339
-1911
-4887
-3556
-759
4127
-9836
-4521
3882
-7579
5561
-9673
-1667
7862
-5749
-5100
-1797
436
3659
-3500
2866
7810
-4970
-7424
-8455
5441
9480
920
-6156
-247
7116
-3040
-9472
2152
1729
-1538
-9327
1350
2233
-1656
-6902
-3615
5450
7888
-281
265
6531
3486
2609
8498
-4751
-6611
-1602
-4686
5648
-1850
-6147
-2544
6732
1829
-3464
4574
-7022
-9012
-7108
-5857
8204
-7521
-6950
3926
-4965
-566
-1506
8562
6087
-6229
2686
1431
3976
5688
8126
-2585
-3631
1172
-7025
-5638
5958
4647
-134
6913
-4617
2502
-4352
6944
993
-8064
-2529
5342
789
7300
-3687
1119
-8432
-6630
351
-490
-7889
-8049
3196
-9135
-4678
-4759
899
-7210
-3321
-4330
-1294
-2892
4774
5328
5287
-5156
-7577
74
-207
-7644
-3283
5543
9210
-9372
2642
-650
-2817
738
263
-4696
6935
4378
2590
-2868
5184
2701
-3123
-3570
-7710
3001
3557
6600
3158
-8195
-179
-8745
2687
8539
-206
-9941
-4852
1654
848
1338
-8960
-7149
8506
3822
7785
-3813
5537
-3818
5689
-3008
9936
1033
3913
4767
-7051
-6767
-4050
-6609
483
3916
-555
-1756
808
1789
-1804
8930
-9728
-5976
1341
-5046
9196
-4239
4346
6473
3908
5043
-1097
-152
-306
-4797
5275
-2084
3479
5769
-9714
3125
5007
8082
-7467
-9962
2844
-6843
-3877
-8797
-2942
-8235
-6570
6606
4408
-231
-633
9984
-9393
-2354
-5501
4981
-1858
-5392
5566
8061
-8549
4515
-4740
-5008
6104
7929
-7037
-9186
8289
9602
2229
-7998
-9182
-3794
-8118
3830
-993
-2337
6658
6301
934
359
-7693
4168
1323
3906
-595
-3789
-4854
8034
9351
-7850
-2924
8572
-2793
-9946
-74
9081
4299
-4773
6366
-4992
7767
9136
7224
2762
-7625
7553
-3358
9948
2763
8336
-2608
-9130
-72
-5890
-8722
-11
-9293
-2232
8377
1517
6280
805
-1714
8140
8416
-9239
3455
2394
-3796
-8730
-9546
-4389
-6155
-2754
7288
9116
8376
9983
7344
-6924
59
1801
708
-7851
2545
-1191
-5966
5672
-7508
-1420
-7271
-1882
-2769
-380
1728
3187
1361
-3291
6364
1714
1401
-571
-9599
5354
1080
-6643
-1228
-2547
-5769
8281
44
3272
9044
-2678
3759
-6307
2841
-9367
9711
9613
-9227
2274
-3511
-5346
9609
3894
-4731
1513
3146
6988
3425
3795
7703
8126
3020
-8619
4509
2945
-2972
-6358
-2198
-2792
872
9588
8511
-5810
-3948
2299
3955
-9135
9231
-6872
-9787
4120
-8452
-1975
-2784
-4980
-5880
898
5492
-9894
2192
7041
3985
9904
-903
3118
9141
-8814
-4695
9356
-2002
2529
-1731
-1951
-3855
-7144
4914
6386
-9120
1307
2714
-4427
1561
1858
-2955
-8192
-5538
2527
-9354
-8473
3902
1973
8538
-3188
-9645
7776
7751
1763
3571
-8724
925
-1678
9636
-7366
1427
-2944
9219
-8862
4435
-9732
3843
3708
-2984
2059
3215
-9729
-8403
4202
-9922
-9166
-2352
-457
-564
-6127
-1767
-670
8003
-1688
9911
6902
5538
3905
-1114
1724
6628
-1173
1389
-5482
3788
-7327
4629
708
3247
-1289
5956
7955
-2372
7517
92
6465
3352
9110
5132
5921
-8197
-5104
7130
-3813
3936
7642
-1726
-8893
2740
4364
3168
8044
81
-7461
-6744
-1797
7322
2566
964
1833
-522
-8246
-3694
6639
-1059
-2102
1268
-8423
-1527
-2900
-1713
6598
-2676
2116
8076
-1975
-4217
-1576
-5011
4932
-9576
-2268
5078
-7951
-8812
9724
-1076
-8188
-6838
-6154
8310
-344
-5124
3345
1946
-5968
7205
-3093
-777
3438
-1700
3607
-4068
1575
8367
-846
-9599
-3340
9538
1431
9878
5330
1106
9688
3416
9850
-5774
-949
9251
-7996
-4762
5554
-2237
-3468
-8648
-9715
-9164
-4477
3616
-2962
-2728
-4246
3899
9113
8457
-8226
-8696
-8718
9205
-5991
-5703
-3590
997
-8456
-2578
2775
1763
-4024
-8595
-688
-4706
-7477
-4113
7065
3205
-1501
-5630
-4062
-6737
8331
-5541
3682
2294
6681
-9304
9387
3722
5528
-4591
242
5392
4954
1420
244
535
5131
4356
1315
9172
3258
-1087
-5847
1552
-7928
-7362
-3467
-6227
228
-4465
-6512
1582
-6646
3927
1318
-3207
-2151
-1360
1240
4598
-736
-4067
3603
-9661
-2426
-2201
-5832
-4164
5618
-2337
-4730
4333
1952
-193
2119
-1273
-6
5598
-3808
-4894
-8065
8608
1077
3605
-6771
-4811
-7120
670
-2524
8548
3441
5511
-9715
-5682
-863
3831
8516
1692
5546
-8358
-4348
4461
5177
1641
8629
978
-6392
-2273
3812
-9407
5708
-5362
-5020
3744
-8760
9332
-4435
-2132
-1796
3493
3918
-8790
-3311
-2881
2951
-308
-9658
3637
-1296
4068
-7926
4430
-4093
-1046
-3653
-1919
-1509
1039
3285
6587
2413
9156
-8477
-3505
3541
7894
7368
6233
-8129
-6727
-4401
8167
-5563
-9285
2549
3784
9057
-1786
9229
-9192
-6483
9617
6800
-6905
6841
2084
3476
5775
2439
-1144
-7731
-2004
7320
3042
2250
-8908
8666
7680
9492
-3308
409
8859
-9928
-8935
528
-7081
7628
-9525
6309
-7346
2418
-9581
3157
-3608
3598
5738
1625
1420
1986
-4288
3495
3614
6782
-2700
-8781
6295
1933
-7002
-5617
-9952
-9530
-1015
-4459
-1838
-2956
4259
-1684
-5547
5444
3617
7718
-4909
-9962
-269
1157
4854
-8306
-7460
9191
7584
-5244
5560
5838
5659
-1150
-1370
7633
-6694
5799
6857
-7864
-9871
5128
8644
1718
4104
-7734
7355
499
1764
-8325
-6646
-4194
5066
8188
5197
-9432
3194
3889
6098
-3981
5761
-952
5807
-6016
-5429
-3362
5631
1980
100
-4667
1167
-3709
81
-2909
1682
9877
7147
-7876
-6179
-5061
-3775
-334
6052
7295
933
-9726
-2838
7263
-7021
-7238
5242
-7258
5726
-7016
-2422
2733
9365
1806
8893
8596
8323
2018
-9779
-5667
9911
-7008
7985
5809
-2388
-2933
2827
-9887
-7545
1675
6269
2475
-8669
9475
3942
5484
9913
-9962
9827
5838
-8463
5288
9166
7474
-9680
-8506
-3388
4449
-2308
-5432
1210
7680
7007
8942
5369
7265
-101
2315
-593
5625
3437
-3184
-329
7060
-2311
-8067
7096
8987
8793
-2000
-3051
-8735
6181
-1859
-3854
2444
2513
6233
8191
-6133
-9142
-3657
7679
9350
2548
8630
-6231
187
-2864
4037
5057
-8264
-697
6595
-5631
-117
505
8051
1415
7312
-5450
6702
1295
65
-21
4940
-3464
-9497
9792
1667
-9723
-2783
-5946
-8002
-9665
8406
5143
8914
857
3034
3925
-7861
-9409
-3588
4897
-72
2609
-7378
8938
1216
1507
783
-9352
1183
-8380
-2916
5505
6217
-143
5588
6846
8502
-9469
-8093
-3157
8658
429
-4748
-3719
-8928
661
-6515
2569
-2516
7229
-7493
-7978
7868
-1201
-906
7443
4187
-203
-6403
3593
-3591
4879
-87
8220
5279
4145
9612
7144
4560
-4867
-5096
-6879
-145
-7799
-9934
7063
7889
3083
-5104
-5083
965
7769
3284
-2447
-48
6668
5243
-6763
2037
-6709
7732
2086
2699
-9692
4038
-9513
8703
-8327
8385
5882
2815
-1614
9299
-4626
-5177
5308
-7937
3365
4105
-1790
6655
7085
739
3206
8301
-5900
1893
-5138
3915
6932
9714
8626
6517
114
-588
4589
2354
-3366
3819
-957
-7414
9818
4930
8253
-9165
1920
4187
818
3703
1424
-7235
4162
-9982
873
-4145
-8535
-8469
4610
-9300
-8481
-688
-3218
135
2108
-1460
-9576
-1525
-7854
-4350
5687
-329
4297
-61
1638
7772
-3923
389
3439
-7470
1159
1687
-6736
-6240
-4709
-8385
2435
4742
-3756
-693
3118
-934
-13
-1182
-9702
-8749
-8548
7830
7549
5011
-9327
-4385
-8025
3903
7302
7421
6100
568
-5856
-8122
-4748
7080
2674
-5788
9492
-9842
1643
3930
-8783
-8061
-3515
2109
-8294
-4971
8186
7938
-4267
2454
-2631
551
7841
-3722
-8713
-4368
4395
-9111
9398
-4344
-4785
-6324
6120
4471
-4896
-8178
8464
-9197
-4343
7272
4872
-9018
4831
9996
-8723
-7975
-7183
5379
-5405
-9561
-2287
6454
-5832
-9498
-4443
-6434
2378
890
-3807
8466
9114
-9797
-7498
-8211
-2988
2324
6281
-9763
-2296
-1968
-5094
8482
166
-8746
5154
-2170
-2631
1020
-376
-8577
-5763
5399
-2674
-6996
-4767
9960
-2140
9183
1185
5540
-131
8071
6722
1523
-2174
5225
9725
876
-2868
5326
1607
6175
-6733
-1150
6021
9876
-9437
6304
4330
-7656
-3221
7600
3656
-3865
5217
6228
8817
5469
5970
1244
2842
-2941
6397
-9733
1230
-8445
597
-903
-4922
-3626
9279
5599
3662
6530
7976
-1508
-4055
-4934
7800
-1103
-7670
-9633
-3656
-3818
-1407
-1074
9051
3013
2296
4326
8554
9781
8977
-4343
7781
9177
-6155
-7759
-2495
-8031
2186
-5176
-7356
-7509
-7523
-5352
9564
-6180
6766
-9584
-4212
-4451
4978
-7861
3399
5448
2751
1808
-5428
6467
3254
8267
9925
-4743
-6080
3155
-9629
-969
9503
5027
8375
2632
-8356
7546
-5156
9655
-9730
2439
9787
-8811
-4917
3099
-2242
-7132
1782
5409
3049
9517
1272
9111
-7853
-2416
4266
-1344
3175
-7233
-3404
6251
-6787
2724
-5098
1878
-9036
-4616
5095
-4664
3976
7319
-6762
-5262
-3758
-1324
-1787
-6780
479
4648
5414
-8732
7103
-3476
-6341
-2565
-2967
-562
2992
5876
4286
9270
-980
-1284
3248
-9532
-7601
4148
7844
-492
3908
-8413
8333
-3463
9326
7446
8669
1400
-3786
3802
5536
616
-1711
6651
-2010
-3950
-5164
-6505
-3084
7944
2120
-3004
541
5405
-2339
5977
4071
-1394
8252
-5476
-5105
6837
48
-2408
5953
-4775
1766
-2784
860
2634
1308
5910
-5978
-6387
976
6907
5659
8531
2208
3627
-7630
