633
111
526
234
284
787
222
466
32
983
854
999
4
507
307
949
850
370
883
106
387
90
359
218
957
766
674
892
839
954
526
731
91
984
459
953
83
551
391
121
410
280
52
736
951
201
319
8
959
524
266
664
336
109
608
527
940
22
640
863
874
343
490
982
383
342
527
265
541
3
682
884
355
592
891
240
121
326
590
145
563
668
627
971
281
610
393
863
278
784
679
684
328
524
609
508
295
236
302
603
698
991
62
427
57
685
821
500
879
610
787
483
509
803
172
689
598
151
201
600
177
985
236
60
426
557
97
270
473
415
330
126
98
230
283
32
435
801
825
34
632
600
701
883
387
691
823
25
311
164
356
228
501
985
409
831
124
663
482
614
452
273
346
718
346
459
16
824
862
222
356
262
668
770
41
377
222
86
59
1000
284
423
159
960
62
184
377
697
91
916
16
611
125
207
96
258
430
796
819
720
890
349
66
631
17
999
867
100
314
213
1000
249
893
224
636
766
943
413
397
965
171
290
279
393
414
204
838
373
76
864
511
755
127
173
725
191
506
187
129
388
579
19
80
748
933
145
725
311
630
592
673
705
129
200
621
759
283
646
897
979
683
451
515
544
859
882
832
61
579
35
727
373
935
726
936
654
289
610
193
321
660
20
61
705
499
720
567
847
173
512
628
910
685
461
21
43
113
787
930
172
15
693
561
741
10
214
275
685
375
941
240
776
858
492
296
732
47
676
539
870
73
6
974
349
580
110
236
26
77
750
330
357
281
788
446
681
838
48
686
215
363
130
194
437
309
41
529
890
699
412
636
85
7
635
47
103
713
837
506
79
674
736
49
359
367
906
216
364
98
44
503
70
368
398
543
610
773
985
135
410
108
779
41
35
849
651
887
17
603
465
212
158
536
634
64
570
367
46
719
831
743
278
651
495
131
329
443
308
422
140
673
314
648
476
820
552
730
81
424
299
532
56
205
221
931
619
972
971
380
852
657
936
485
562
13
805
817
199
119
7
155
749
796
254
204
17
198
604
463
187
626
68
320
857
30
507
712
95
306
776
216
251
899
170
612
878
877
565
697
34
320
467
673
323
16
821
258
28
769
830
608
370
928
929
856
471
880
326
791
698
