222
466
32
983
854
999
4
507
307
949
852
371
883
106
387
93
359
218
957
766
674
892
839
954
526
731
91
984
459
953
83
551
391
121
413
281
50
736
951
201
319
8
959
524
266
664
336
109
608
527
941
22
5
641
863
874
343
491
982
383
342
527
261
541
3
682
884
351
592
891
241
121
326
591
141
563
668
627
971
281
612
393
863
278
784
679
684
328
524
609
508
297
236
302
603
698
991
62
427
57
681
821
503
879
613
787
483
509
803
172
689
598
151
201
603
177
983
236
62
426
557
97
273
473
413
331
126
98
231
283
32
431
801
821
34
632
601
701
883
387
691
823
21
311
164
356
228
501
982
409
831
124
663
482
614
452
273
346
718
346
459
16
824
862
222
356
262
668
771
41
377
222
86
59
1002
284
423
159
961
62
184
377
697
91
916
16
611
121
207
96
258
436
796
819
721
898
349
66
631
17
999
867
102
314
213
1009
249
893
224
636
766
943
413
397
961
171
297
279
393
414
204
838
373
76
864
511
751
127
173
721
191
506
187
129
388
579
19
88
748
933
142
722
311
637
592
673
702
129
201
621
759
283
646
897
979
683
451
514
544
859
882
832
61
579
31
727
373
931
726
936
654
289
611
193
321
661
22
61
702
499
721
567
847
173
512
628
911
682
461
21
43
113
787
931
172
12
693
561
741
11
214
272
683
373
941
776
858
492
296
732
47
676
539
73
6
974
349
114
236
26
77
756
339
357
281
788
446
681
838
48
686
213
363
133
194
437
309
41
529
891
699
412
636
87
7
631
47
103
713
837
506
79
674
736
49
359
367
906
216
364
98
44
503
71
368
398
543
611
773
982
133
411
108
779
41
32
849
651
887
17
603
461
212
158
536
634
64
571
367
46
719
831
743
278
651
492
131
329
443
308
422
141
673
314
648
476
821
552
732
81
424
299
532
56
203
221
931
619
972
971
381
852
657
936
482
562
13
803
817
199
119
7
151
749
796
254
204
17
198
604
463
187
626
68
321
857
32
507
712
93
306
776
216
251
899
171
612
878
877
562
697
34
321
467
673
323
16
821
258
28
769
834
608
378
928
929
856
471
326
791
698
