52 4
753 479
812 128
533 299
975 806
868 422
529 176
505 203
29 882
442 689
214 67
957 374
814 470
38 154
141 976
453 348
745 637
18 462
61 594
212 19
620 83
843 507
520 742
929 806
983 645
38 214
866 389
277 533
140 381
675 27
581 741
269 981
412 651
53 930
236 394
287 370
914 691
694 106
860 563
337 277
207 755
748 586
329 457
995 493
983 133
795 458
173 133
72 697
729 104
228 946
574 107
203 443
19 267
665 664
627 105
404 199
762 966
228 486
257 216
458 630
151 258
26 166
700 811
474 31
769 296
866 617
531 255
983 403
547 576
312 186
413 474
15 820
922 370
336 144
660 573
837 839
170 171
288 530
971 541
830 869
611 396
216 685
626 996
948 536
637 37
364 503
240 962
964 613
401 58
481 293
899 363
215 787
113 486
74 713
968 165
317 742
735 306
54 700
103 737
821 193
820 770
285 94
309 864
145 224
16 424
84 327
927 635
189 863
232 97
595 553
497 125
781 9
197 376
302 39
637 63
80 906
704 373
785 583
13 352
857 16
136 891
984 591
269 199
862 617
911 668
382 39
513 536
310 485
826 57
665 178
653 450
543 105
188 171
269 124
59 260
54 95
607 889
552 7
463 616
18 730
44 75
604 951
963 457
124 133
534 271
15 438
665 415
441 94
74 592
672 495
988 691
479 478
903 683
376 287
217 814
766 471
410 761
888 124
435 994
629 396
116 289
727 856
638 539
442 202
974 942
416 294
601 947
887 104
493 257
114 821
918 812
461 996
251 241
93 167
522 649
872 377
2 771
324 582
508 328
48 569
289 248
260 108
126 177
876 973
316 631
617 519
345 615
702 977
221 520
622 422
837 775
159 989
65 75
894 831
481 476
29 882
442 689
214 67
957 374
814 470
38 154
141 976
453 348
745 637
18 462
61 594
212 19
620 83
660 424
575 283
614 592
369 263
566 574
150 998
522 241
662 712
958 909
718 639
96 580
27 173
686 62
831 193
873 834
116 374
90 929
396 811
33 691
230 496
765 505
649 568
967 917
446 204
127 427
764 537
262 510
904 160
770 1000
877 731
668 939
871 905
814 30
742 148
947 858
567 3
731 470
714 121
681 53
64 186
412 219
236 985
277 403
359 100
262 382
803 652
327 840
732 965
852 541
702 627
728 407
203 582
196 373
763 449
993 550
672 908
824 871
709 806
956 882
493 755
887 683
533 778
412 554
76 271
245 119
668 741
518 503
319 186
813 39
925 641
530 225
636 706
550 718
848 853
463 56
128 720
932 339
636 618
351 547
278 750
193 505
570 616
403 75
118 655
419 34
782 925
137 945
384 533
700 908
495 796
568 115
129 578
757 842
488 787
629 171
506 482
694 888
222 938
984 991
703 898
361 40
499 183
160 153
441 82
297 564
415 942
452 221
438 577
207 360
60 742
215 589
796 805
889 549
340 146
962 541
327 253
689 196
43 124
760 388
604 864
732 323
342 104
427 482
780 766
317 324
598 104
639 11
338 37
931 25
82 28
468 544
312 114
281 296
577 448
515 557
266 197
198 639
837 417
23 823
463 546
699 575
779 269
278 275
546 580
935 599
596 166
167 262
793 898
730 242
775 15
386 546
553 721
639 297
909 858
63 538
816 458
13 503
259 566
406 965
598 787
780 579
932 579
217 591
339 999
391 82
655 215
475 60
448 628
188 802
481 359
282 550
954 610
771 262
412 407
875 114
624 973
673 735
47 244
377 564
562 893
575 721
186 145
6 978
19 364
798 664
140 650
773 226
753 165
815 135
790 258
171 995
80 561
259 36
268 6
505 439
921 15
539 49
684 263
852 204
233 260
486 577
991 932
179 519
811 793
599 19
323 941
168 262
712 902
113 872
550 109
227 508
926 29
507 116
469 360
350 73
959 482
71 206
6 447
517 753
358 966
208 291
372 13
584 250
743 108
387 213
821 313
596 740
618 272
99 800
399 567
213 267
160 414
298 837
94 433
561 223
252 523
870 557
136 82
153 231
415 844
166 671
575 471
839 576
694 148
961 824
827 86
698 309
778 645
463 829
185 850
744 780
315 920
355 678
848 860
346 8
701 656
171 485
145 99
825 778
375 750
41 848
899 743
284 344
411 147
57 467
764 471
790 309
5 139
96 477
817 281
24 292
401 521
643 104
168 346
978 183
526 487
280 457
283 379
34 727
894 704
83 64
829 861
28 664
142 620
228 535
163 423
266 744
392 39
402 640
240 541
805 879
114 586
869 657
654 251
113 402
752 883
469 660
226 670
713 601
983 463
266 71
704 466
178 635
655 867
377 757
952 231
126 566
385 543
963 557
156 567
634 609
967 273
512 550
881 683
437 682
724 773
499 531
740 81
162 130
913 515
285 689
290 224
222 326
513 780
673 217
324 478
447 119
886 361
745 469
83 452
938 53
895 894
231 746
1000 20
103 303
568 772
873 634
856 148
730 119
739 454
121 136
462 942
526 347
585 276
912 278
52 836
472 986
361 714
455 318
619 57
569 29
925 996
812 936
68 158
168 984
356 65
174 166
764 952
633 650
940 358
79 221
370 828
4 518
275 22
488 98
708 354
153 874
12 231
92 884
455 342
406 842
23 912
174 333
427 733
132 762
569 412
590 259
304 979
356 50
266 789
174 841
936 27
222 216
974 92
507 413
447 635
283 513
535 405
564 425
213 918
886 231
469 202
826 150
918 436
784 940
121 852
560 760
974 964
497 810
9 414
160 547
820 44
665 525
537 778
418 775
100 51
450 370
796 619
542 886
523 754
999 695
847 298
124 173
274 785
801 112
619 628
565 902
148 402
500 19
780 613
813 366
931 760
876 738
240 710
79 577
653 547
285 549
460 71
384 363
512 626
659 653
655 54
455 168
867 993
873 24
927 455
930 6
650 418
368 561
103 120
388 609
527 10
280 457
283 379
34 727
894 704
83 64
829 861
28 664
142 620
228 535
163 423
266 744
392 39
402 640
240 541
805 879
114 586
869 657
654 251
113 402
752 883
469 660
226 670
713 601
983 463
266 71
704 466
296 245
799 26
243 195
832 308
35 363
124 925
3 449
891 795
645 55
99 4
349 40
517 463
34 463
859 365
30 123
357 228
413 920
79 58
127 136
415 637
436 427
617 716
648 886
623 39
825 642
411 695
403 39
12 703
605 534
326 9
728 435
95 472
15 87
120 152
268 268
800 915
924 205
622 851
471 409
559 170
577 894
783 830
4 771
874 53
660 828
844 386
796 77
465 770
318 688
532 994
973 615
584 772
785 972
98 102
446 357
127 452
62 950
70 364
187 525
830 896
470 953
674 617
350 937
292 299
706 433
243 403
127 711
439 521
248 41
959 176
830 808
489 605
56 405
686 910
513 445
816 185
442 398
998 247
610 71
491 996
808 790
905 255
295 870
168 958
100 311
651 288
999 684
642 56
188 613
126 131
667 123
792 919
197 310
378 825
550 112
365 785
594 190
830 953
756 683
280 13
12 386
279 386
4 576
843 586
238 823
387 584
475 938
861 480
521 247
725 456
266 72
706 241
792 558
312 874
695 178
856 839
593 138
774 185
98 169
734 61
664 201
693 596
563 496
909 311
996 311
312 257
106 99
863 500
67 432
200 723
382 140
746 519
690 697
372 390
11 138
222 12
901 458
764 491
248 661
867 774
166 295
465 433
459 951
331 265
471 409
559 170
577 894
783 830
4 771
874 53
660 828
844 386
796 77
465 770
318 688
532 994
729 981
563 290
389 817
757 285
747 688
420 664
638 760
698 516
11 114
327 567
410 756
334 498
923 399
680 960
366 442
328 416
905 209
238 588
493 844
954 161
769 347
430 405
178 541
683 217
944 631
967 381
153 399
389 820
864 23
580 13
935 707
231 562
316 139
38 668
643 499
552 660
966 578
871 769
492 564
400 809
804 587
838 358
137 412
314 813
813 536
850 456
649 975
269 813
526 106
875 154
3 482
620 940
618 652
884 19
59 464
214 658
795 45
160 47
92 111
930 727
388 338
669 642
578 84
140 155
14 902
866 282
800 298
35 803
311 404
230 159
19 836
655 569
851 266
327 647
576 994
846 557
874 628
381 894
945 326
894 99
824 521
559 257
980 574
888 57
121 206
665 341
374 11
714 233
749 315
514 446
508 852
855 626
243 209
250 376
526 384
874 306
11 702
96 115
157 779
112 219
769 976
897 892
125 641
225 942
141 158
778 345
858 885
524 156
824 115
816 27
953 901
326 915
989 923
369 405
2 735
601 573
717 241
969 422
594 232
465 341
461 840
641 66
989 220
850 475
442 349
352 27
917 573
324 556
519 445
538 222
414 284
77 487
914 183
965 332
224 456
292 962
677 897
954 135
167 328
482 201
376 821
635 166
831 501
192 161
548 695
298 540
721 46
638 547
905 352
153 624
243 120
468 58
934 657
78 362
704 884
890 722
509 504
389 565
296 808
287 999
959 722
101 622
768 33
570 342
722 836
53 590
665 341
374 11
714 233
749 315
514 446
508 852
855 626
243 209
250 376
526 384
874 306
772 210
415 442
802 677
973 930
929 596
129 743
