7000
92
3666
2401
554
4133
2244
2861
3310
2197
4357
397
4530
1894
4401
105
1195
4321
4041
1890
4629
1132
3201
1249
4313
647
4107
3217
3626
2679
2653
2526
4714
197
3770
1694
125
1175
2657
2347
2898
3989
2530
838
492
4652
338
4915
3592
4897
423
2907
1945
4348
4578
1940
3863
1403
1312
4870
3010
3156
2318
4479
4074
2558
372
4039
4668
1524
3072
4234
1867
2091
3207
1785
2568
1671
1009
373
3942
1911
3611
133
2886
866
833
2849
1007
4267
1222
3723
3831
450
1475
691
3751
3591
2447
1514
4329
4745
2827
4954
24
3631
1520
1222
4441
3711
555
3917
1704
2576
1279
2852
709
1325
1606
1138
3375
2781
3699
3696
1493
1465
1531
3170
3223
2659
1951
1444
1261
2967
4654
3725
445
4559
2515
2666
1513
2677
3102
4710
364
74
3326
912
2465
1072
4903
4614
1400
501
1739
1724
482
3570
3787
3501
2724
1481
1051
4841
1636
3490
3196
4650
1729
3122
4557
1502
413
2374
2389
1729
1384
2044
1417
4539
3737
1989
1533
4431
52
3350
2366
482
2475
1422
2513
4360
4198
25
944
2381
2456
283
843
3756
3663
1956
2681
1137
1801
816
4881
385
216
1517
2492
3637
1238
635
2061
1106
2441
3537
197
618
1164
2981
991
1387
1767
1132
2331
1071
4069
3671
3858
1110
1109
3761
4155
4300
2764
36
1606
633
3907
911
753
1538
822
1593
4174
4643
524
2006
2467
3300
624
3406
199
1961
1463
1943
1842
2739
623
2138
4162
1992
1136
1369
1752
4696
4323
4066
2918
3755
194
876
1850
1248
824
3988
3665
384
4986
2742
3638
119
4379
605
314
753
2093
3453
4038
964
1766
1437
2013
4642
3687
2532
4671
80
2325
3725
1008
2738
1424
3089
422
949
183
3738
4219
4776
2648
1550
3987
2990
3035
3935
3220
1590
2060
2373
2768
956
299
3269
3644
1564
4167
3490
331
2580
550
952
2319
947
1522
113
2990
194
1118
1351
191
1540
2663
4815
3857
1502
1233
4423
3295
287
2470
160
4581
1915
682
2361
3663
4373
3603
3178
2042
2060
3496
1566
3489
2730
3534
1227
3124
4416
1794
3856
936
4976
4350
4849
4956
3958
3576
3030
4271
4159
1675
4642
4869
45
4947
672
785
1406
1627
2403
2666
887
211
4353
2467
1306
161
986
1268
825
1073
4273
290
105
2190
3272
4648
2348
3881
302
4090
3035
98
635
4927
1676
1389
481
903
3811
4667
1747
569
3948
2284
4641
4570
3511
2140
1417
2383
1432
3778
22
540
1108
3911
4309
4031
357
3971
1226
1365
1969
4605
2820
3251
821
1125
1857
3463
582
2351
209
4703
4717
2962
3521
4896
4123
3942
1380
4870
695
1477
778
3304
4865
4032
4982
123
1167
4250
2684
1878
4837
1231
1206
329
583
3866
4785
2427
3018
890
4023
4416
709
3225
4045
3670
314
3503
2714
3646
4310
3953
2655
3218
2417
1510
2031
4281
1385
3330
1888
4810
2987
394
86
413
4207
2711
986
4748
2108
417
4739
2198
1522
1849
4612
1077
473
3495
677
2284
3012
2874
4985
2445
299
2979
1749
3227
3487
2428
2541
1863
2158
4715
418
2989
37
3077
1822
2696
961
4146
1909
3280
2266
324
1669
2440
2711
2528
3286
1852
4571
1875
2875
2911
2923
3122
4333
1945
3077
2355
2676
3182
1718
1220
3003
196
3300
685
4876
4324
2074
670
3855
2684
1250
3328
2837
3365
1866
3792
3972
1630
4812
4197
528
3970
804
4564
437
4337
3987
2016
3169
4401
4857
2754
446
4586
3289
3993
4231
1296
1165
2253
120
1578
351
2989
3664
2638
637
4313
1912
4113
1497
181
832
4578
4797
610
1550
274
4368
301
3220
3463
1468
4141
4237
1096
1524
1286
4337
612
993
3015
1570
1584
3795
2889
4683
4756
56
616
2335
47
3719
1147
246
1570
3834
2764
860
783
4453
4469
1286
662
3624
1583
3777
2912
3205
3
34
4480
4592
3831
2726
1030
183
4959
1933
1878
938
283
2453
2788
2376
1414
817
4521
4901
445
3530
2896
1606
2312
1488
3590
2514
2815
2252
2915
2467
1931
4258
756
1425
2257
4583
1075
396
3994
4448
3352
887
3559
115
3549
4959
105
3171
1447
3906
4817
968
101
2262
1581
2717
1837
3614
110
3883
154
2411
2862
1279
1748
546
3190
245
4032
3788
138
255
2299
5
1622
1665
4744
3001
4248
4826
3315
3259
2713
1761
730
3700
2658
445
4055
4136
4947
1331
3513
3598
2398
178
2405
4854
4364
4294
209
4281
3265
4365
2646
3034
1380
4334
445
1616
4903
4511
1894
3116
171
278
2669
3419
1246
1877
2902
1929
4549
1535
4764
4229
2217
2411
2424
4268
3088
3495
3010
493
361
1959
460
683
1003
1496
1843
4557
3102
3548
2274
596
154
3548
1338
2275
3400
4678
1674
4410
4874
4727
2326
2399
738
3924
3967
3892
3117
650
4702
4069
922
4705
4107
204
1063
4824
4083
3956
3143
645
475
933
1356
2975
4975
1684
3493
1308
351
3583
2826
933
4760
3507
1126
3511
426
354
4675
2007
2490
193
2287
2011
844
4902
777
4465
1547
3095
896
1819
788
1033
3227
281
1061
1469
3220
917
3487
3829
4086
319
2822
1697
786
692
18
3004
3527
4333
1005
2071
2776
2365
3067
3312
720
339
2321
4420
4703
1601
676
3981
1622
443
4007
2188
3617
4816
2536
4934
404
3149
1529
4169
658
2025
3837
1669
1580
4843
967
4209
3329
4126
4342
4937
4826
481
1449
2718
4164
816
4517
211
863
3022
4866
4052
3985
4937
3508
2998
4256
397
2980
1275
3051
2331
1317
4031
1800
1866
1219
982
3267
164
3934
1448
2400
34
1866
3827
2917
4519
2952
5000
2750
1616
3999
3489
793
551
491
3899
2271
1311
1412
4798
3653
2751
2482
2105
211
3748
1046
4518
4440
1390
2345
4740
1533
4455
2286
2187
769
635
993
296
1312
3083
621
3260
2880
3771
3200
2850
1457
4798
3100
3689
1899
420
952
991
2478
3499
3747
811
1830
503
852
4770
3846
2896
3362
2196
2040
3694
2642
1336
3362
2167
4405
161
2338
2907
929
660
1566
4361
4477
3561
4838
1510
4672
4866
3397
4168
2150
4910
1246
1130
2527
4593
2656
4995
4225
3389
3922
265
1625
4470
998
3947
3172
3636
4089
4110
1773
4267
3223
4774
4898
834
3294
1306
941
3795
4985
4983
2356
4908
4897
3815
298
113
2249
388
1156
2368
4523
808
3946
1688
682
1344
3311
2549
285
1752
851
2271
1954
1143
3208
1784
4714
1746
13
4288
1470
4816
2783
1551
299
4971
2621
2716
1020
1477
1625
4863
2250
2020
398
2775
3285
1945
574
3490
4899
4903
1178
2279
4649
1716
2355
3626
213
783
2288
1529
934
4759
1974
2610
2800
3695
905
1560
3340
2890
3481
3774
552
3288
3896
2404
505
4385
4562
850
2523
4153
4226
2897
294
2544
3015
3611
3322
2396
318
619
1656
3366
1571
1853
2460
4763
4957
293
1158
4677
102
2295
3630
4624
3008
2334
4295
2271
833
2398
3316
523
2589
4432
3171
4231
3311
517
585
1195
1141
426
1010
436
4654
1832
3651
2683
2103
4742
3274
4311
2160
1085
224
3303
2340
3780
578
4532
4431
1728
3056
4224
4498
3343
3677
493
47
872
2652
3980
1843
2179
1409
1065
2571
1130
1907
2095
1881
4817
4157
3013
274
205
4287
1842
118
483
2878
1352
1275
2872
2544
599
437
3873
4759
3937
657
2002
619
1618
656
540
1912
4856
3556
1853
3915
3139
272
4298
1418
4465
552
3079
1512
2129
494
1139
2839
1018
2627
126
3700
2978
3629
1208
397
4340
4445
223
4053
2339
2506
3612
891
3449
2054
4963
4155
2737
1206
1269
1737
984
2475
3484
4136
2380
2438
2617
603
750
4928
867
3648
1199
2140
2742
4623
3009
4098
3015
1949
966
2628
1911
1713
3061
2755
865
4355
3482
1704
3257
3588
4596
1646
452
4330
963
3097
3386
3955
652
2500
3885
664
2491
3428
4221
3159
184
1918
2204
2098
4479
2215
933
2444
13
2915
4291
295
2372
2345
2732
4245
4419
4490
3336
2206
450
3613
2876
643
702
711
404
2106
3880
4521
4658
4008
3778
1994
2530
3610
3020
1313
4502
1216
1493
2288
3486
1256
4842
1996
1059
1808
647
3680
4629
1351
4414
396
4235
219
1825
3304
1295
800
1769
4318
1855
1672
4801
379
3462
4438
2973
399
789
2704
2071
3453
342
2272
1679
2830
275
1118
899
2992
2988
321
3816
1519
1403
2530
1147
684
4088
2253
1524
2827
1357
4753
841
2199
3892
903
2633
4624
3840
2329
400
1872
2165
3415
4337
2054
2581
578
3712
261
3543
1058
4610
3714
3308
2980
4654
2680
2725
3852
2353
3619
2445
3421
428
3081
2275
4553
1540
4714
3618
1730
2121
3205
2078
1548
1336
2123
2685
4060
1828
295
3619
3771
290
1356
2875
1243
4389
4102
3558
4564
4675
534
629
818
4108
4945
4721
3867
4457
2204
1386
3393
2006
1164
2231
4807
2400
1883
2388
4430
3893
3797
2238
3312
4462
4208
1814
3528
769
2178
3019
484
4253
416
84
2661
2106
2387
1679
2307
4239
1232
3395
304
3519
1373
3447
4908
1215
2608
4555
3258
171
2055
4555
2660
119
1363
2872
951
1998
3958
1841
2579
2003
2552
2258
1829
2954
1846
225
89
4861
2610
2651
3861
920
4351
177
12
105
2277
265
3843
2229
4565
1245
1153
1709
4134
3771
3177
1606
3384
1680
343
4099
2293
2336
4283
793
1311
3162
892
3634
136
617
2024
1021
1540
4489
1926
1622
3593
1549
1783
2352
3317
573
1860
1903
4489
517
4909
2970
1569
4431
1066
267
4401
2023
1758
3694
4662
3240
3554
408
2972
129
3797
445
2645
2969
4150
3834
1996
2155
1447
2178
2995
4534
4861
4962
3872
1431
1868
1409
1015
4564
2982
3873
2074
4268
1389
1079
4647
811
1043
1140
3390
3183
1778
338
1007
858
1917
4894
3785
4103
2067
4771
3254
3281
1646
2032
4769
684
1126
3590
1266
4280
4959
1481
4466
579
3148
4437
3401
2845
333
1401
4620
4540
1943
4129
1541
1861
611
4137
4122
2836
2488
4123
650
1713
1787
418
3513
466
170
4981
4270
3987
4050
1409
971
2076
3602
4887
3243
4582
3164
2862
2355
3840
3711
3901
724
2362
4652
4537
1322
4927
3037
4605
2186
723
3424
3906
2688
4281
437
4052
2657
4304
2947
4930
4685
2677
3717
1248
1889
4402
3749
3953
2699
884
4095
2065
1395
3565
399
4128
4270
2978
556
2133
1604
2164
701
442
3680
3178
4517
2802
3656
1898
2672
419
3331
2074
2749
2552
4830
1306
2752
2714
2746
995
1925
849
1093
1088
684
1502
2944
4692
864
1273
361
2396
3086
800
2396
4681
2761
1354
4493
4382
344
3172
4643
2517
4500
1144
3340
556
2845
305
4997
2335
3142
2648
4557
1492
3304
1130
4840
2022
767
2649
4985
960
2179
1619
2930
3677
2568
1534
358
3447
1666
1697
4210
4339
2859
2473
3178
3413
2293
868
4423
3704
3898
3046
4516
2857
3952
4056
1624
3034
4303
2598
2580
499
1942
3143
4027
1713
2054
2193
1203
3366
2654
3588
2387
3838
1405
3104
1040
2670
2174
3503
229
3797
2872
3405
3148
3232
2544
2950
4770
3228
3089
4034
4910
251
706
4176
1824
4649
602
4460
4230
2525
4630
1478
1699
3494
4365
1238
4502
3423
3286
1689
3665
2375
3525
659
1624
601
4499
500
122
1123
4839
3656
4107
4866
4010
2950
4421
4207
2291
449
1114
3576
1274
2971
1225
4389
2009
2224
4413
245
1349
3396
2039
3945
67
2821
349
2609
3305
1574
669
3131
1202
1906
330
507
905
2491
1571
3488
4764
139
1397
991
1748
810
2253
2933
2543
4503
4072
2147
3791
2285
3774
1347
1489
3853
1252
4260
4093
3601
3566
782
3128
3876
46
682
3548
491
1479
4705
4937
15
4595
1194
4701
2575
2564
3707
2509
2257
3400
2495
3410
1832
986
3045
753
1518
1090
2132
3946
3987
3017
12
2153
2623
546
536
3635
1135
970
246
50
2741
4409
3294
4410
787
1931
1147
2952
2409
3530
1272
2282
2268
435
1752
631
3658
1976
4259
1645
2281
2213
1860
752
1207
756
329
2295
764
1026
2486
209
3143
3660
3380
3200
3364
2546
1053
321
2588
402
3110
143
3671
4397
927
1435
4506
3786
4035
315
1054
4162
1557
1721
4727
2802
4884
4607
400
2776
604
363
1142
4774
2830
4765
516
919
2477
77
4012
1614
4417
2048
4865
2100
3351
414
4003
1971
328
2900
1244
430
4948
4971
4292
373
1486
1518
4337
2342
508
2855
2791
4986
955
3975
4484
400
1964
3852
2912
2818
1780
38
1329
3047
4558
2675
3201
2095
4081
1829
2129
3636
911
2889
2917
1435
635
2444
4039
1247
4777
2281
3786
2085
382
1652
3340
4738
1567
1623
3172
2236
4784
1034
3255
971
2786
548
160
3897
264
4355
4217
4794
761
3330
4421
4782
708
4898
147
197
373
2605
3799
1114
4936
3290
1151
1024
3914
4893
846
2830
3055
744
1567
3694
1379
4960
2097
4729
518
3663
541
4415
382
1390
3840
3553
3305
4738
4834
394
442
4556
2443
4906
2643
315
4501
8
434
484
1464
4680
4069
1639
855
4401
2253
3047
3275
4095
2333
3635
69
4051
4775
2923
2874
897
644
994
516
1801
3198
2169
4406
4392
762
553
2364
2775
692
4840
475
4778
2876
1695
4436
506
2338
215
689
3885
3259
2844
1051
4302
4032
4789
4832
4750
3345
2064
3325
4929
4010
3426
117
2427
1061
2772
2366
2771
1627
1109
3205
4875
4457
509
2780
1843
2986
4262
2792
3246
2601
673
4626
3395
1378
4909
1940
1914
711
880
1891
2514
4099
2447
1855
697
1053
4381
4823
1391
551
2227
1842
2313
603
1018
2880
1614
2401
4256
1991
4505
3665
2848
2317
1055
2937
4665
3795
1608
4132
4031
3865
2518
4489
66
367
1553
2794
3450
3300
1774
3953
3226
762
698
883
2651
3010
46
3251
2529
4415
691
1678
3962
2467
3538
242
1290
2463
1140
1808
3328
1979
4184
1726
2938
3912
75
404
1625
1781
4616
1417
4521
2482
2759
3798
1846
1874
2035
2864
3075
3311
2806
3279
3434
1733
2533
2179
2690
3975
483
974
3496
3904
4260
1932
667
261
4365
2321
1439
1435
724
629
861
3782
3952
2662
3033
4029
4392
4470
968
522
862
2230
753
2907
4492
4529
2719
665
3715
4981
2479
1404
2546
2049
773
196
1294
2160
1367
3592
2576
2471
594
3182
4682
3619
4905
3505
525
2034
1753
2515
1229
2872
4671
2515
305
3972
4600
4206
3604
1475
322
169
3536
907
118
4468
3550
3101
4427
679
2403
1690
4396
4260
3641
835
253
2947
2575
3037
2000
1524
814
121
1607
2039
3848
1313
3353
19
1728
3871
4810
1199
4851
452
4676
2364
4160
992
1354
2809
908
4789
1270
633
2272
2631
3579
1892
2372
2569
3515
832
949
4300
4096
2300
3512
4855
791
3981
3877
3082
2274
2470
4683
3302
209
1143
4684
3855
2160
1680
1739
1734
2018
1010
1483
1945
3491
3278
311
2424
2124
1351
3510
4969
990
1503
2447
1742
757
1145
1160
4344
278
958
1114
3212
1171
3357
1931
2492
389
1259
4626
1203
1052
4804
680
1106
1115
1810
3154
2880
2714
1688
2913
1163
2361
2877
542
2384
3216
3872
4244
1299
1618
435
1333
871
4712
943
1456
4699
3977
2901
4069
2428
1308
2036
4433
1191
4618
787
4946
3818
2142
3203
2519
1219
2565
1183
3020
1008
4609
2603
2878
4179
671
4241
4902
418
2293
466
3422
56
1622
63
1304
3045
445
1588
2897
2087
2067
1374
1103
2210
1348
4750
4127
2349
2284
1207
1105
231
1215
3810
1598
4645
188
1240
4948
1527
1042
3231
2667
3079
3399
1954
2697
3333
304
428
2798
4323
1879
1169
590
3493
448
850
2194
2214
887
1006
759
644
634
1934
3147
4085
855
1992
4545
4723
2681
2968
4045
3194
3979
2337
148
4586
1412
1477
4932
45
32
2855
935
991
3121
2259
1379
4743
265
484
1963
4268
1862
546
2231
875
1536
1627
3810
1935
3476
1870
3451
87
2173
1960
2611
56
4501
4619
3628
113
4197
2144
2445
3042
925
1017
18
4168
1758
3885
381
2320
4695
1831
3158
2639
4321
3898
3809
1207
412
945
1185
2622
1015
1920
1722
2803
2068
4529
2227
4409
4377
3460
4686
3895
4309
2448
2708
1401
4903
2183
3403
911
2047
1355
1809
3591
3513
3554
586
4309
3004
1646
1304
874
4837
3576
4387
884
1053
1103
3360
4637
3275
4458
2284
3695
955
1464
4290
1967
4609
2201
4737
3637
371
3087
401
4734
2453
3881
1765
3271
253
2219
4645
1433
2107
1421
4459
228
651
233
2502
869
3338
4554
2223
4330
2889
4421
2986
564
2715
459
4843
1744
76
1089
4333
559
3608
3688
2261
4610
1639
1588
3315
776
4391
166
1521
4107
3729
3065
825
4686
2941
351
1868
2607
3085
494
583
2723
4333
812
638
534
957
3176
1834
4782
1007
4756
1508
3041
1315
107
2914
4516
145
1282
68
1937
1620
3439
1625
3387
2032
241
560
4368
4424
1654
1545
4370
407
3188
1257
4254
1919
801
1678
4959
2582
3635
950
3998
1086
1799
295
3628
2322
4533
2311
4477
816
3742
3458
1281
3754
939
2410
3517
2822
4452
3516
1545
1404
60
3437
2185
171
4081
1442
1026
3715
413
4169
1401
4446
2834
1047
4877
3368
1068
4053
957
2464
2682
441
3525
4784
4947
3503
1185
3954
1523
1755
1311
618
2526
4405
4698
903
587
217
1505
4700
997
2210
1453
2824
3059
1745
2612
2060
3869
2342
107
3328
4967
1085
4847
941
4417
2393
499
2956
1144
1836
512
2486
4737
1927
2955
192
1797
2536
2687
3575
1259
1843
3979
3882
4434
453
3319
375
3926
3048
3301
2741
4443
4429
615
2084
4022
2307
94
1898
2910
1148
4838
4963
2234
2609
2291
2548
4693
2354
2815
551
626
2357
2113
4251
2811
3182
1395
4719
1994
3164
2040
1037
3424
552
4613
4844
2158
1430
2183
2879
4147
4314
4975
3632
4518
595
3177
804
3930
4497
51
2557
53
3289
2892
2821
166
1784
3389
3839
3264
1586
700
4376
1830
178
4993
857
3047
3209
4997
4265
4557
4961
4225
102
2345
4187
765
228
2208
643
2832
2062
4375
4672
601
4339
656
748
4341
2638
4579
4269
4943
4809
4421
1606
4178
4574
1203
2110
2586
3414
2317
1484
727
3397
122
1078
1508
4804
3235
1233
433
4199
1008
2116
2538
2076
666
3780
3830
3463
1531
3641
4125
2127
3261
2587
2842
254
3224
4246
3978
4074
1863
134
824
3404
2469
2382
1140
1082
2999
4397
4991
2685
316
1303
2651
1037
2605
1550
2661
3936
2320
124
1023
318
1657
3298
4012
723
4750
4918
3913
3636
3393
4642
4993
4268
4860
3313
392
4800
818
1107
3134
2635
1492
1852
3329
1356
727
953
2247
3318
496
2491
4005
1035
3896
4949
38
3158
3477
4169
1994
4027
2939
2083
1921
3969
3795
1526
3756
889
2901
2299
4608
408
2088
4598
3866
2612
3761
3774
1860
3253
2184
2988
1752
2640
32
2121
1031
4994
1840
2672
4851
3001
2897
3420
1987
2627
2185
2957
2480
2869
915
3610
2706
3095
1122
4257
3960
3819
1171
1364
4314
3031
3764
1507
2945
3126
1812
3903
3458
2686
2866
59
2404
427
4332
2747
678
4336
1675
3143
1683
76
1135
3008
367
3441
2673
1615
1951
1169
750
3845
2095
666
3627
1699
2697
4668
1602
4150
889
4963
1008
4670
721
3974
315
388
1782
79
396
3273
1224
4453
2386
4713
3967
3356
2507
4428
2744
1559
3403
3202
840
4224
892
4428
158
118
3245
2657
3036
2101
4755
4399
503
1318
1990
2429
2519
1993
3635
2494
4823
343
1055
4874
4470
57
2644
3518
1637
4394
1020
1986
946
2900
4213
1724
470
4832
1443
3397
467
1602
2479
3366
3092
4929
1565
3113
1368
558
4378
566
2818
1124
1613
1721
1650
4490
52
3191
3166
4392
2607
4431
457
1436
504
4251
4760
826
877
4116
991
4582
2626
56
721
2786
3710
480
3421
1600
2093
2691
2778
3205
4449
1839
55
4815
291
1013
3235
28
2071
2374
3915
3068
769
3738
2956
4341
2907
1288
779
1580
2162
4751
3112
2134
1020
4014
3108
259
3561
4559
4396
2164
1799
1871
2506
2098
67
2901
2828
4269
3977
900
3198
4648
1070
4160
925
4970
2311
222
2874
4272
603
1164
3284
3954
4083
1705
15
2349
3685
2068
480
4538
3211
793
3860
3539
952
344
251
1427
164
1850
70
1008
1808
4966
4842
3876
3690
1268
4238
1013
2431
3439
4871
2209
346
3917
623
600
4434
738
3939
603
3516
734
19
3631
3643
373
397
3398
3002
1558
3802
1710
3810
4486
872
675
1836
3152
1892
2270
3105
4765
3130
3333
4915
4391
4608
2623
4371
2323
10
862
736
1580
2866
1847
320
2518
435
27
3963
4253
916
4893
350
2152
3005
3787
4972
4581
1833
193
4718
4404
638
3158
4784
2628
1364
2695
3231
2459
208
4413
1482
4012
39
787
2866
4579
1983
3463
4639
2798
3701
2066
4143
2142
2815
3704
2349
1382
1745
3284
4884
3407
1631
3950
4405
2096
2746
436
3525
1849
477
1805
4904
42
4876
1287
3718
2438
4033
3291
2923
1049
246
2067
3227
4218
283
554
1598
796
4003
2571
3532
93
3820
704
2343
40
1537
3391
4385
3080
253
2826
4149
3601
1098
2737
3421
4336
2889
1359
126
252
609
4508
630
4340
3751
2205
1221
1492
4403
4034
2648
296
4926
1072
2053
319
247
3579
2434
4120
2422
1002
1988
1554
2058
4699
4729
4045
2091
4994
2928
513
383
4349
1061
2525
2521
3208
4676
2040
479
4399
2674
4012
4658
873
3632
4185
1808
2126
82
222
1762
3681
3808
4443
3750
928
4353
1627
2457
4317
2072
4346
3047
847
38
657
269
3037
2699
4945
3852
171
4513
3364
3176
1432
1913
3370
595
3436
286
4123
3744
2603
4847
2190
333
3343
4728
1713
1745
2979
781
2953
3325
761
4177
4180
3539
4766
1080
3064
4168
1056
4805
3615
3040
879
2077
3824
3324
1846
823
2756
3404
4910
4141
4308
226
2487
2235
4948
3820
1843
136
384
545
2683
4472
4189
2297
1834
485
725
4965
3488
3159
2623
2835
1209
291
963
31
4027
1747
4831
171
2112
2608
923
2863
4872
2069
4113
2558
2022
4816
84
4848
2269
1326
1042
1489
1145
1468
2911
2002
1637
2707
1688
2053
1287
385
2217
1598
2781
1258
4915
14
528
2847
4334
3921
4868
1385
2704
4073
204
3556
1519
543
2455
4796
1637
4515
3953
3975
1414
3799
2681
1574
3673
1400
4335
76
4145
2337
3462
3800
544
295
1881
3470
4149
4904
3775
1910
1431
1125
2761
4579
2131
1523
2011
2332
4818
1604
266
1613
4151
2359
1077
1384
2331
83
4373
4508
2134
2574
3918
4240
3699
3291
1871
1657
4096
2381
3255
3236
4226
2345
101
2757
4477
4352
116
2821
2990
1170
4970
109
1615
4878
519
345
109
1360
676
2943
1455
2112
8
3205
4181
4536
509
4647
4038
1540
3670
1893
2630
4685
3403
4770
677
3526
2435
2862
3126
2311
99
4576
4290
2941
1323
1140
1518
3200
4025
1432
4296
4154
985
1455
2592
685
3037
1248
3116
1499
1561
4880
4761
4758
4950
4134
3995
3617
4531
970
3387
383
230
2692
4747
4487
3068
226
407
3605
876
4088
3296
4041
3725
575
1692
684
3713
1260
1165
3052
1514
3220
3966
504
3468
2256
2480
3675
1601
2478
1543
4459
3247
4756
4425
3745
3926
3346
3346
1348
2960
2945
2617
4718
3345
4918
4832
756
679
4275
1602
2287
4558
2050
112
4510
1448
2314
3349
4234
3962
2966
3909
2366
872
3192
3925
3921
2600
416
764
1019
3245
980
212
4395
229
1462
4371
4662
4645
2131
2873
2933
3809
464
4580
4394
1612
4197
1799
2247
2562
2232
3283
4639
617
1494
2449
2163
1819
3385
4372
3227
4512
511
3410
4555
1999
4871
2751
230
2427
4363
2013
4572
1560
1314
1043
1493
367
3271
3577
473
2687
1020
2351
3341
2747
1319
84
4056
2197
1390
3817
168
2232
4290
2175
4129
1262
4307
2751
1288
809
458
3807
3289
3696
1296
567
1641
4651
4728
56
936
440
835
46
3625
233
2666
4928
398
3442
3019
3853
211
977
922
4203
1650
2173
4135
1698
2662
2849
1185
4201
4911
1278
712
3139
977
2519
1600
581
741
3083
1580
3332
3757
4081
1300
1863
673
149
4422
3234
2472
2800
2366
3401
2163
1533
2743
4502
3120
1464
1209
3489
3150
4462
4303
3299
3757
3928
1674
3698
3689
923
4307
4582
310
1668
2865
3755
5
4387
603
1992
4486
1366
2494
306
4031
4138
4365
4576
1559
3260
3827
3405
4720
4097
1611
727
1043
937
3086
1915
1257
1673
3512
2589
1840
3665
829
4436
3145
747
3090
4272
2533
4323
1382
3952
3468
394
3288
1424
4800
4314
726
2017
1537
3554
2101
1623
217
1188
696
4397
1229
101
2365
4859
4156
3045
792
825
96
3532
826
1661
3598
4041
1975
155
842
2191
4191
563
2378
4297
3946
1593
3569
943
4593
3170
4063
889
2679
849
4609
2809
2094
3516
111
800
4490
1815
3394
1975
1809
363
4944
4586
3929
2485
913
1430
924
1034
422
2114
4734
1233
3827
2178
551
484
3435
144
2265
2368
1280
3186
3893
3278
3373
127
2462
115
3759
2732
4851
4383
3141
3953
3209
4427
36
986
2789
2847
1656
1740
59
3572
2743
3276
4824
2936
4899
2606
1272
842
1598
570
2736
4101
3050
2917
61
1572
557
4119
2553
2864
3442
4059
4237
3672
3324
3495
2457
3792
4155
2766
4103
3689
997
4261
3922
660
3906
3931
1219
2087
2770
2515
1090
3938
4026
2606
1592
4076
4981
2460
23
1934
517
486
4544
2496
3755
4700
3600
759
4482
4068
2439
1242
3497
4786
4719
597
1482
336
3695
2460
4103
1370
198
122
3416
1045
2068
2755
2753
3150
1838
3982
605
2300
3193
1352
1580
363
4547
150
4221
4556
139
2610
2293
1983
1316
2425
3332
1533
2454
4886
4289
1433
1106
3664
3588
2509
2397
530
4000
1884
2722
1144
2058
4666
4392
3779
2113
328
886
820
3650
1089
273
2974
1319
1165
4864
3138
346
3733
3572
3259
3784
2607
3279
4447
2286
2988
2815
3709
1267
3372
3391
2624
2596
3753
2978
2129
4892
269
1772
4715
3351
1605
3696
489
917
1878
3
3415
2342
99
1041
210
3713
1496
3611
3084
435
3415
2875
786
816
1800
4026
1660
4082
4391
3692
3601
2601
2607
803
2947
4686
3023
1288
25
4594
2942
4940
11
1649
4372
376
705
1278
4613
1416
4501
2078
621
62
600
4451
4536
1504
2442
4908
4471
2953
1620
1711
1970
3103
2311
3707
170
4660
4613
2659
1327
3064
3766
1671
1300
4180
3490
661
1106
2776
4406
2493
3326
2179
1522
4630
2878
3560
3722
2864
4839
1197
3532
350
4471
3082
1399
3967
4644
2397
691
4972
2703
4
3514
4426
1792
3272
4975
4336
3542
4994
2033
1321
1411
3731
156
1397
4664
1328
2206
2794
115
4435
311
2499
3489
3161
2489
2099
2492
1926
3952
1175
1498
4960
4523
3940
3780
4924
684
3555
1128
221
3171
442
3167
1617
1483
4373
1225
4052
429
2205
4751
4946
3560
2100
1760
2627
2589
2509
2099
3330
1520
3723
2673
4671
1009
4147
2634
3280
4151
3243
3917
3603
2198
2732
926
4349
3590
3083
1363
1854
4690
1959
2829
2345
494
3635
683
756
4376
166
3462
533
4134
4655
90
3771
4185
4337
38
2025
4905
4805
4123
3406
3358
4242
1591
1095
3706
2112
3071
2938
3550
1909
2994
2993
1800
941
4466
3524
2543
1084
2385
4613
2406
3829
2465
2074
670
72
1914
2438
1600
1368
4786
1832
3612
3937
3316
4462
1209
199
2668
1672
3493
3683
452
3993
4638
3437
4682
1197
2223
2780
2215
3183
1317
4090
2430
1927
1708
1301
1587
3377
3548
4062
1076
1961
2772
4081
3801
473
131
2349
4114
2604
1449
1969
4338
1035
3252
3195
1276
2235
4860
3373
1484
2502
2275
3814
3228
1226
1850
2631
4092
543
2581
547
4696
1516
1337
1837
4918
3568
3864
1969
3971
1085
3805
2113
524
2562
773
2208
711
544
2482
2261
2565
306
2438
1901
457
2527
977
2466
4359
3522
2558
273
3085
419
423
3284
50
982
1299
2246
893
3649
4301
3233
4855
3023
1319
2697
4175
4535
1264
3638
2901
1364
4658
3987
629
4408
1866
400
4166
411
1131
4173
869
915
3715
2582
335
258
473
2492
4012
4130
1651
3915
4214
4913
4081
2245
2703
4622
2325
2859
2049
1946
1849
2295
1941
4563
3619
3201
4014
4074
2304
1048
4061
697
3371
1678
3191
1422
263
195
4626
4636
1301
2937
2895
554
1542
396
3297
1414
2337
2049
4252
3366
365
3127
2948
1832
865
3705
899
830
463
1188
1301
3444
3634
1217
700
4376
4744
2802
772
299
4211
1488
3630
1999
1528
1069
4380
1938
2029
1232
3851
366
3835
2947
3535
1599
3854
1055
2767
3545
2181
3700
4545
4768
3368
3566
356
174
4219
1681
549
962
2789
643
632
3957
4953
2757
4899
1922
2029
3654
3583
4005
1183
3728
2642
4674
1065
1180
1861
2584
279
1731
4948
3190
208
4222
3797
5000
3894
381
2192
4172
2371
1168
1123
2629
3493
135
3464
820
788
4925
4188
4755
2882
3655
4089
4882
519
1898
1979
379
4987
1830
743
3381
2487
4859
4682
2222
4447
3398
1926
4900
4635
4178
126
3290
4581
4906
2451
314
4344
950
1599
1481
4356
3203
1148
4572
1177
4379
783
3808
4830
3273
2830
4885
2216
1014
2695
1555
1158
99
989
1401
3070
2332
4256
4167
980
4710
3388
3278
3926
2324
1641
1887
4310
3973
3733
4833
1177
1480
314
301
573
3758
2642
417
4860
1261
3107
1073
1763
2005
1602
81
4887
4458
1402
1402
576
2572
394
461
2505
272
1254
3794
2062
3615
4003
4850
4198
2898
1764
4325
1059
1102
16
4269
2705
4544
365
1939
701
869
3572
2991
4566
4324
1449
554
3505
4839
2183
4333
3388
4885
1871
3709
3458
3943
2762
1478
4829
1153
1554
4545
3207
1775
4336
1566
4072
4227
4925
124
1869
3877
724
3549
3464
1939
560
2397
1044
2382
643
4569
63
3160
3949
1865
3323
771
2841
4472
2331
4704
4568
4609
4573
4087
4337
1940
2284
246
2563
2488
1278
3845
4767
156
905
4700
4968
2034
2833
679
3442
4590
1222
3996
1702
4963
3226
3058
3191
4994
2483
2180
2992
4980
3232
1450
4926
4098
2948
4511
4294
1495
3999
2011
414
3619
1779
3450
4373
1830
448
1600
4956
3592
4473
3084
489
95
1335
402
1247
3262
4546
2663
706
2373
278
1310
3651
811
3453
1496
4611
1732
4499
3385
4010
1398
4472
194
4286
2801
3182
2108
4638
4849
3678
1914
3771
4344
3594
3107
1123
3629
2798
2816
342
4603
2391
2289
2998
190
4048
1171
2079
3215
116
3192
1479
4058
4665
3340
2666
3088
733
3300
89
4448
211
3112
2326
3412
2572
4534
1994
469
850
2178
2296
1221
4929
314
4845
3421
4367
3617
112
1630
1440
3508
1724
963
3289
4301
4957
4559
2747
2916
2371
1230
4632
493
4923
2050
1505
3599
3696
58
3461
2219
2690
2096
3860
340
3012
369
4493
2759
3745
3182
4905
1427
765
2913
353
3845
2420
2628
1631
967
724
1727
2142
3251
613
16
154
4502
4931
4575
1043
1429
561
4179
2462
1676
984
4964
1477
4914
2960
2088
4478
2947
4522
756
323
2511
3373
4758
4948
3383
4436
4289
18
1487
1440
4535
4582
4021
1990
1196
4462
4521
784
2760
4666
3277
828
54
856
932
111
2356
3796
427
3233
4994
4199
699
742
1898
4684
711
2687
3846
283
3501
4846
1030
2241
2467
2789
3426
1890
1009
4311
83
1778
1372
2048
3944
126
4799
20
3774
2395
2676
4440
324
2765
3173
871
386
4141
2514
3927
1499
1785
2120
1631
1396
2041
1881
1241
1654
557
453
2142
4238
3268
4404
3330
3868
4338
688
2974
4268
1127
1239
2968
2724
4593
3396
3214
4192
3277
3438
754
1111
3307
34
1257
4864
2946
1429
4664
2636
4184
3267
4082
3670
1691
508
646
2631
2677
11
3581
3149
3234
1877
1861
1606
762
4463
440
2284
3216
548
2291
4359
169
3163
4524
2637
36
2692
4643
3238
986
1493
4148
2522
534
27
618
30
3537
3804
4693
645
3105
4873
850
941
3168
1017
1786
4901
2808
3419
1815
4453
1264
2451
1699
4768
900
2070
1663
3360
4035
1631
745
1673
4078
4326
3521
3932
4671
775
2967
869
1515
4085
1693
2457
3585
3832
1851
1107
4222
988
981
2628
2218
3866
2073
874
1768
3626
1131
3371
4730
623
2672
1709
2380
3327
4908
1197
3189
4445
3101
476
2794
1545
1925
2992
1843
1970
1475
3938
3873
4132
1401
4702
4603
1915
3823
1557
4306
1397
2014
1888
1488
949
3553
4292
4839
1380
3353
3975
4882
2395
2167
1799
1230
4901
3270
4812
232
1637
829
4255
3904
354
3088
2619
3018
1606
95
2934
994
3497
3089
2127
4873
2003
1856
2308
788
439
3882
2227
4956
3087
4003
2108
1492
3312
3267
824
2379
2524
2417
2141
1033
2117
455
2359
2130
245
1231
1996
3966
3077
2573
374
1278
2074
1683
4728
1659
4662
210
3786
4925
4604
490
3078
2945
4012
3654
395
399
861
3676
2819
3038
3073
3972
721
1567
611
3304
2784
1016
4427
4289
548
3727
3257
442
1048
1225
2696
2377
1790
2193
123
3148
254
3633
3357
1484
3854
2532
511
2006
1776
4180
4268
3996
3947
4378
680
3871
3362
1
3293
3270
3852
4883
205
1800
1431
3048
2755
831
657
500
4225
3568
2559
2584
1431
4479
2964
1695
4209
2060
50
4722
3911
4204
390
3002
687
1785
3263
4675
1024
3942
1202
134
1754
2497
2548
4935
3723
4740
3166
959
1670
1530
3293
724
4114
1365
469
1724
1035
1481
1126
4797
3613
3030
2621
4244
2623
989
1606
1162
3104
1796
711
562
3797
4364
847
2000
2296
800
4288
2208
381
2253
3943
1660
3041
2794
977
762
516
3582
3105
4807
227
512
726
3560
2581
3400
3345
3636
1681
2952
3280
3536
41
3081
2702
2744
3154
1586
2393
2006
3231
3494
53
3317
296
1905
2011
579
3930
2508
3998
2393
73
3981
2812
1873
974
1027
4820
4110
763
3404
1347
937
1420
1723
1747
4625
4790
1943
3853
57
4539
69
3202
1489
2867
1790
2097
2632
3106
3265
2981
4707
4799
531
3742
2854
3316
1966
1327
4576
1088
1860
4556
405
4253
4870
2691
4184
4515
949
1515
3139
3615
2236
3610
826
3844
962
4272
3226
2981
364
957
1885
3126
3580
2981
229
970
3283
2123
3697
3410
4695
1773
1519
1519
1150
232
1118
1809
1297
4549
3514
4550
2559
4623
1833
4914
1194
1171
4944
1420
1819
731
4011
2577
868
779
2364
4159
2839
2078
2210
2233
4528
117
3868
1661
482
644
3355
2483
4291
4457
1392
1815
88
3892
1549
3936
3298
3180
2260
1240
2079
4781
1790
4035
619
156
4241
1915
1386
4728
656
3691
3365
510
415
1754
3340
3886
1045
4911
3491
3650
88
2142
2731
4029
1445
3165
531
583
4622
2955
2703
937
25
1624
1568
4550
2668
1635
4421
460
3350
3637
4711
659
3992
3422
29
3905
67
2064
4952
4790
4208
3753
103
4030
3499
1964
1568
2554
2243
1838
2455
4561
1094
211
729
756
1119
1187
1334
3721
1841
4114
3043
4758
3715
1160
1107
4444
2676
4605
1264
2265
3945
1572
2023
2764
3988
2720
519
3462
1663
308
3078
2335
1303
1312
2818
380
2908
1876
4533
1537
472
357
3692
2256
3268
4541
882
997
4801
3467
4519
2839
1073
3699
4191
4480
467
1780
759
1831
2082
1810
1021
431
2087
3990
4716
2356
2641
4619
3515
846
1628
4913
4934
3440
4742
707
1360
1114
4668
1160
1401
1719
3974
4773
4821
2587
208
1954
497
2670
226
2673
4757
1827
3015
2274
1452
3532
1479
3171
466
2122
1201
2414
291
3506
3307
3127
1093
368
361
1772
4832
4614
2
1871
3857
4948
3146
2008
4445
3627
3654
4104
1258
3720
575
252
1529
4131
3905
2474
2503
124
4489
1119
590
3384
3407
1409
2008
2610
2190
2791
712
677
2707
1195
3466
775
409
402
1163
655
4577
2168
3848
2800
868
1601
1591
2537
750
1882
2527
310
2637
2235
1947
1373
3094
670
4716
640
3429
1746
2006
2421
241
3439
4765
235
3126
4827
2248
2343
2488
2338
936
3414
240
3521
2274
1486
3544
552
3475
2435
2048
4870
1263
2416
2804
2611
895
3105
3898
687
4326
24
1919
4863
4914
365
2339
194
2072
2084
4712
3201
656
1752
2174
1935
3633
745
2132
1205
732
512
1057
4280
4242
2847
2001
2175
4073
1035
4576
1359
636
1218
256
1426
3736
2087
91
216
4995
4241
2562
4884
2007
4113
677
3982
2363
804
3050
865
1436
3351
2913
535
2924
2483
740
3665
251
964
2953
4277
3414
3817
515
4046
1843
4256
2823
3936
1981
1183
3489
1607
528
2366
54
4918
2823
580
2820
364
3367
2459
1864
1624
1557
574
4243
20
340
1751
4561
4079
1552
538
3274
779
698
3054
171
4639
2386
7
1873
4670
1833
4431
2285
1292
4682
562
1489
1057
4082
4051
2231
2915
637
3363
4043
2786
2011
1179
911
1439
1361
737
954
1452
4890
2033
4833
343
3074
82
1263
1158
1129
884
3365
2114
2309
1130
1210
1567
3990
1879
3020
3976
646
4299
1823
273
2080
299
2916
892
2211
368
993
2679
3808
4174
877
4428
2953
2309
2407
313
1614
2139
989
3115
563
1821
4867
1862
444
2047
3312
3553
2322
4460
4721
4927
1576
653
4206
2964
4599
1544
3235
3493
494
1791
1628
4194
4310
3132
2712
199
3538
3502
2113
4970
1332
2243
3434
924
3213
2906
1664
1388
2223
1936
3674
482
4521
2595
3854
2982
257
1069
2081
4537
2925
2015
76
1618
1550
266
4273
3702
4216
4341
1563
2711
1009
4608
1374
1465
1432
762
4292
3051
3445
3208
4849
232
2459
847
2819
4600
2236
148
1432
753
2084
1792
1845
3125
1527
1679
2445
3645
148
1853
176
3396
877
2582
1710
1066
308
1113
1041
392
2051
3442
2091
3414
1782
1296
3643
853
755
1866
1869
673
711
2149
3931
231
2261
4179
4527
3517
2802
2432
3022
477
3174
3591
1440
2288
1978
1889
920
2921
3060
1117
4876
739
3202
284
4902
604
753
325
1049
3895
3904
861
1136
560
3433
1298
2822
346
4132
914
3317
1885
2972
117
3964
3534
452
237
2217
2292
4488
3869
3235
1626
1514
449
3193
2460
3455
2383
4163
270
1714
3327
1647
1243
3955
3136
2918
1916
3726
2390
3003
4026
3754
2802
3401
3970
1655
3982
1460
4856
2170
2950
3945
3327
4203
4443
1273
4509
797
4292
3003
779
1692
2183
1922
496
3484
2220
2395
3799
3412
4444
246
3010
545
4761
2163
3363
2753
3033
3441
296
3837
2676
3618
4151
105
2848
4927
398
806
604
639
3608
3998
1529
371
43
2467
2146
86
3721
4570
950
2807
2944
2739
4423
484
1283
2105
4587
549
783
1762
221
402
478
552
1886
1984
1263
4945
3754
2390
4040
4503
1331
749
4119
266
4547
28
4357
2498
602
4614
4845
1863
1794
2671
3252
3152
4551
1667
3847
309
62
4019
4184
481
3833
3682
2442
84
4801
1218
4262
358
157
2468
2304
1260
714
4274
56
1351
1582
1306
1863
3532
4653
3760
2703
4618
3215
1999
837
626
1003
4464
4240
2876
3219
1174
3689
2080
1197
3216
3174
3111
1065
4429
2313
427
442
4846
1720
4046
3607
4243
4398
2199
4269
3708
1802
2880
1674
3918
3129
1605
2679
923
2322
1138
1328
3992
3038
4241
4882
2651
3533
3194
4049
1052
50
2607
1498
4190
3115
2541
1636
4536
1382
1322
3016
4730
2692
2021
4514
89
4237
1537
314
2166
551
2310
4362
427
2399
2615
4129
3127
3835
766
4170
1699
2079
1018
496
4197
2686
4243
2347
1894
3872
2499
1975
1901
434
1300
2649
3018
2772
2293
4502
3154
1258
4594
938
4258
4003
3094
658
4512
4051
3042
224
3184
3483
693
2125
1760
1744
258
1995
992
151
3805
1776
1624
3095
4599
3989
1658
4423
1537
4278
3041
1615
4001
3713
2134
3838
3555
1698
4930
1694
604
3769
4938
4691
3291
174
2059
2149
3401
3339
743
798
280
2765
315
558
4030
2413
4743
2885
3326
4741
3481
2571
3577