967
20791
29177
48402
72121
57867
72262
69997
34329
87446
7741
89145
52782
3507
75679
88656
80863
5603
59346
51269
38435
45113
88511
25917
76805
11799
82535
59683
73815
70295
43287
46952
25526
52769
80239
7422
11462
20622
31736
36434
43051
29490
76257
36786
67847
66363
37786
68797
60394
29029
92803
79804
54669
58540
8222
39650
20759
63756
25424
38436
46916
93636
41684
33967
94669
83352
39290
77881
39454
92800
47624
71942
52225
33049
41852
64720
48311
92702
28260
14056
55852
91147
79478
72781
73663
82484
66184
12135
40058
72856
68181
8444
59915
9511
23242
8433
61928
68767
90080
44579
27697
53903
54449
20838
47950
51519
53863
32604
21885
89060
49070
54626
21908
24901
91077
27761
70856
65898
42138
24071
65320
79552
62111
22882
14860
2459
88596
5481
94730
79279
11710
30284
54979
49170
84891
35538
17176
19246
93263
39644
80401
72893
68090
8437
57099
3058
53917
48600
14609
56867
9291
74752
49791
36203
16851
36194
71400
12603
77714
51280
85226
30274
70291
62794
83294
40725
25032
49131
17674
52403
23362
61413
73102
80900
35583
3853
89872
87755
79572
71840
28764
88647
14373
60306
84504
34517
20608
4719
53743
17815
40117
18863
44599
79211
60683
59418
67982
60352
49378
65623
51654
86426
8544
4554
49123
84827
3888
34829
64067
64682
62789
78584
59038
69864
44824
50659
88481
28340
5280
42242
87186
18531
91708
47795
63771
57225
25428
4420
66796
90572
58547
84441
22891
82149
81493
43305
82187
78527
37098
54515
71306
57634
82773
65841
69689
81658
89325
7577
50586
71565
78583
41341
66963
72905
15979
44868
59016
82062
11886
7247
39923
3861
59866
32372
77007
73110
10993
66242
30964
94104
70446
58572
66360
27489
12504
44082
39302
37254
79957
23216
43952
91243
78288
22081
19927
26591
74662
94793
50315
61664
26122
17141
85217
58549
61919
35103
65167
68628
61945
92414
53076
72886
66335
25490
69828
79433
23675
59381
62769
59552
26019
69805
28637
49499
77215
11458
92617
19458
30449
12713
26590
37890
64281
83429
78903
69494
71318
50732
18463
64506
65995
32407
10677
14203
87775
11103
50299
39320
58832
84544
18665
61491
38608
37490
46194
6340
38026
81405
49673
74461
36021
51638
32376
68721
45675
34858
8836
49507
91542
13744
17082
37893
65878
35106
65265
56259
39673
86476
5084
6667
64318
56760
37427
5605
47596
70844
16542
84506
24768
53849
31585
90506
33595
45286
17608
48990
67698
93559
72626
63406
91395
34040
76712
23513
40316
4996
93473
70630
14122
48573
56965
5429
69985
79223
33487
6648
63950
37076
30284
92139
53816
39679
65512
36682
74998
44513
50086
10913
84739
60327
73449
16228
93936
17354
22998
6077
27872
19076
81826
20889
23565
92563
49175
19113
46356
20672
34553
74710
40099
16765
54806
55228
22880
71146
31778
92264
8648
2449
12922
6999
84646
68057
26318
26278
35971
74101
40524
38573
77499
16876
80012
7604
36438
31392
65859
73685
14386
44001
63188
77660
54152
57179
55718
73815
35141
6678
87058
29977
77455
7573
34983
56465
59461
20089
70026
33655
3268
89343
54827
29192
58528
22421
25973
63240
15445
17975
33414
89224
81589
87620
39665
70366
12404
40911
27125
17978
61269
15275
56271
81398
5936
93289
54630
63597
76935
52650
17310
85210
86092
81136
37390
72226
35376
47776
78753
45677
86411
29162
72378
82462
3447
19164
33740
51239
86279
55156
65128
10950
84377
12773
53241
3200
13071
6832
34643
21481
25065
63775
42294
87172
12552
71272
79772
5409
6574
64831
21739
66964
73338
30484
22478
50591
42246
24816
53023
4390
46350
11839
31757
49484
62566
43612
19263
19226
28681
3195
62599
93622
65472
12966
91770
13511
6076
59434
58499
82442
68953
87342
63152
8195
22297
36372
36536
74195
30820
49822
71668
90957
85507
81400
84210
5363
81595
58791
58279
22606
49332
85689
26405
17879
39940
17362
77085
33321
34671
3869
35096
79522
10444
5746
17525
3932
86316
71250
40695
13239
22442
21254
85079
50727
82381
56499
94816
40618
33876
67596
45507
43240
66873
14217
31221
30184
37579
85256
6234
53932
70909
64927
49463
52106
32329
14156
33957
26784
14269
86591
75800
32136
44511
59709
88060
37323
27145
94104
67543
59887
91759
11905
37116
14851
41802
60080
91689
76983
36809
53966
50278
94037
58291
18465
72620
50605
6431
43852
73407
20904
42953
84796
48910
84313
45728
39154
6419
46430
5160
34555
4151
3956
82406
88796
92510
60442
59185
72725
45985
19541
36477
46114
48839
75300
23259
65484
82057
42946
61029
15717
65616
93590
54267
59092
81788
34573
52966
21339
42332
40597
23557
26394
32278
70387
67434
62406
13958
13602
47565
45383
50304
16479
81485
39760
15667
86437
25192
66838
73873
88874
22876
17472
94757
35019
39247
9581
89330
8747
56668
43100
79463
45986
3381
23641
48815
68142
5444
14309
2784
30477
34618
7781
24919
69163
63781
74427
12487
49369
10433
61392
12110
61462
64204
31783
64969
19847
23455
67867
12229
80060
62650
57818
58771
85619
84709
64140
49482
74019
64997
24409
73703
20734
19753
90046
90165
60013
45500
33320
63044
41502
26537
31815
4344
13635
90167
94303
2679
36481
45500
70207
90915
17918
28240
34866
24429
81826
75462
54778
37411
42297
47764
50841
94474
78080
48407
88735
55301
50281
66419
80746
81840
9674
27886
7818
54597
81445
76850
74069
20014
23152
6538
68547
78685
40078
79709
42430
68807
34690
24835
64240
20225
66813
41921
15050
12973
3567
47887
11911
28739
14950
22427
29722
92564
26996
46566
64462
9322
11918
81142
29486
16545
55485
18396
42785
25866
87890
27057
29493
49854
48886
73044
68050
94676
12894
47362
32645
85165
13838
34014
59368
78191
38259
26306
81764
58093
41518
74936
9517
75709
80393
82920
13872
69795
19438
43783
81087
62431
26936
92900
35151
11811
36834
80900
19929
47947
23546
43888
81434
88470
93735
82644
77044
28706
43348
71247
86187
56330
23613
83680
33987
20217
11369
15697
6829
74971
18112
56190
37691
45140
62805
3174
64457
63053
15232
5949
20887
43484
79857
91601
44002
91927
76312
79440
55634
32630
11402
10219
92849
48018
11739
6012
17735
