434
28 575
20 405
24 496
14 291
19 393
28 563
27 550
24 495
30 614
19 381
24 490
11 224
36 734
12 260
31 628
35 716
14 285
20 407
25 512
27 545
34 690
22 451
35 707
40 807
31 631
34 693
13 279
38 778
31 627
33 675
22 454
31 621
24 493
27 544
17 359
10 215
40 817
19 386
23 478
13 276
17 354
29 584
32 652
10 219
31 639
18 375
39 797
19 383
22 459
28 561
37 756
27 558
25 508
13 269
21 434
24 484
17 348
29 596
33 666
38 765
20 408
30 604
11 233
35 719
12 244
30 608
35 710
29 588
11 238
34 685
14 282
34 691
11 228
18 379
25 517
38 772
15 303
12 250
26 536
35 714
14 289
24 494
27 551
36 732
22 443
13 272
33 670
17 355
34 682
12 246
14 290
38 775
39 795
20 416
22 460
12 252
37 760
26 532
37 757
27 557
32 646
38 764
32 658
40 814
33 677
16 325
29 600
23 471
17 350
15 314
32 655
39 798
15 307
40 812
10 206
25 518
23 476
17 345
10 201
12 255
16 327
21 427
12 242
14 299
21 431
17 357
14 295
36 730
36 737
30 617
30 618
23 467
12 254
33 672
14 283
25 509
40 819
40 820
39 784
15 306
20 413
38 774
26 526
22 442
20 402
27 553
16 323
28 562
40 810
34 681
32 651
25 511
17 346
13 262
38 770
23 461
14 293
34 700
19 396
28 576
29 590
23 477
40 801
13 267
17 349
16 322
34 695
24 485
20 401
16 329
18 364
31 625
13 261
24 488
28 566
30 602
35 709
10 217
19 394
15 309
24 499
12 251
35 704
35 718
28 577
16 335
16 321
36 723
14 296
17 360
21 421
34 697
23 462
32 650
16 328
33 669
29 586
38 773
22 444
37 759
38 777
11 222
23 472
22 441
33 668
34 694
29 595
23 480
32 653
33 671
27 541
16 338
38 767
36 726
12 253
20 419
23 468
33 680
28 564
34 698
38 763
20 411
36 740
16 340
35 712
39 791
25 516
24 486
20 409
23 469
22 447
27 554
37 753
25 507
18 367
25 515
13 277
24 482
21 424
22 446
27 542
39 788
22 452
27 552
20 418
30 610
12 258
11 235
30 605
21 437
36 739
12 247
11 237
38 771
22 445
32 654
18 366
13 280
33 673
31 632
39 793
15 310
15 315
18 369
11 221
40 805
29 592
12 241
21 422
10 207
26 521
25 520
25 501
21 423
30 603
15 320
21 425
17 356
10 218
16 334
17 353
34 699
11 229
34 686
22 448
18 378
24 491
18 362
18 368
21 429
29 582
19 397
30 620
10 212
38 769
14 284
37 758
33 679
29 589
30 616
25 505
37 754
19 390
12 245
39 800
39 783
19 392
34 689
11 239
40 818
40 802
13 263
21 428
29 599
39 794
15 308
35 711
26 524
11 236
20 406
20 404
10 209
35 720
22 458
32 657
17 342
12 243
16 333
21 435
15 317
15 316
38 768
34 687
31 638
29 591
13 266
33 665
27 549
16 331
36 733
10 213
14 287
16 337
30 609
10 202
18 361
26 530
34 692
22 457
24 489
12 248
12 256
19 400
15 304
32 648
15 302
11 223
31 640
35 713
28 571
37 750
24 498
40 816
23 464
31 622
25 519
23 473
25 513
30 601
34 684
11 231
26 537
31 629
35 703
14 294
12 259
26 527
37 752
35 708
25 506
26 525
31 623
27 556
30 607
35 715
33 676
33 662
14 298
13 265
28 569
38 779
37 742
29 583
31 635
32 649
36 725
18 365
17 347
10 220
23 475
18 377
25 514
33 674
24 481
18 376
27 546
32 656
37 748
16 330
19 395
28 580
22 455
39 799
11 226
40 813
29 597
21 439
40 808
21 426
13 264
32 641
36 729
11 234
13 274
17 352
15 312
23 470
31 624
11 232
40 815
10 203
39 782
19 399
30 615