997
188 702
500 666
795 317
261 874
413 836
599 838
158 783
688 293
68 949
183 375
85 1262
709 266
51 884
854 538
1062 324
562 479
192 818
126 956
694 44
353 409
332 513
589 496
67 1022
217 590
208 1219
741 158
922 358
160 909
17 519
556 756
297 1120
159 934
286 954
584 318
736 575
69 236
67 1114
906 216
382 674
652 260
693 444
121 833
764 494
1033 29
314 116
403 431
640 280
3 825
218 1196
380 339
368 890
213 901
80 780
907 533
1145 78
978 47
484 867
486 482
386 955
341 759
480 520
66 16
351 547
214 768
195 155
347 1071
761 528
678 606
39 730
420 872
417 969
629 558
372 1060
704 590
542 627
18 762
964 231
458 357
92 1259
798 204
450 193
673 474
78 118
1090 214
927 427
360 141
290 361
700 1
364 950
451 608
162 1242
242 656
621 748
116 807
766 391
258 1077
85 1273
497 134
1288 20
281 242
284 1019
269 198
329 109
336 585
471 795
1036 127
574 41
727 663
636 673
450 987
625 795
428 588
395 564
1348 16
480 293
487 411
784 178
9 880
271 81
1061 132
774 591
27 212
416 20
777 482
690 331
599 487
861 263
158 1004
92 1276
236 904
640 636
1140 289
1104 123
395 845
409 34
281 971
45 951
57 880
157 59
241 772
210 672
64 718
257 35
58 960
128 334
942 106
1163 66
158 584
616 352
124 215
475 264
630 643
561 519
711 10
627 588
211 599
279 428
172 769
496 849
528 59
249 432
192 44
54 1121
129 607
52 617
610 736
1163 54
1382 31
36 1105
771 615
343 919
689 446
766 111
336 401
10 917
523 776
70 242
27 658
731 44
290 1049
1109 294
409 524
977 247
817 374
60 1029
362 815
1366 58
500 815
347 167
252 874
309 451
46 1181
44 384
835 296
1317 52
103 649
336 573
56 718
628 533
783 416
76 437
218 504
707 583
178 827
209 380
13 1282
52 87
289 550
73 1301
49 1087
435 246
625 725
86 480
393 743
419 807
273 618
577 759
108 8
360 833
101 407
555 66
774 186
85 418
206 919
633 113
514 860
211 735
506 785
763 129
1275 32
462 850
154 334
116 174
721 381
330 1030
813 140
1141 130
10 1014
1032 253
671 617
93 163
729 93
575 130
332 42
418 665
240 183
186 157
574 577
588 656
339 823
475 9
355 292
414 563
886 297
207 1154
560 731
400 376
212 742
1180 250
180 946
560 633
62 65
599 59
222 1218
665 495
366 531
234 120
149 529
781 656
574 229
829 591
1167 49
789 66
392 48
149 907
466 222
426 242
642 689
587 288
426 353
323 139
217 205
151 212
821 432
641 83
539 243
859 75
969 391
351 608
806 161
631 153
55 176
364 555
372 201
968 35
249 1076
1102 291
558 370
283 1000
626 86
155 1
868 213
865 546
180 1142
1025 344
368 825
482 253
269 266
166 223
16 152
619 545
507 473
920 441
209 11
184 1095
1162 55
223 537
164 912
1281 120
14 352
163 428
1234 164
582 261
980 228
684 90
739 280
382 216
218 459
438 339
1042 131
457 536
553 137
781 40
752 284
318 90
384 22
220 381
511 354
189 1033
128 494
662 150
360 318
640 780
928 211
469 136
267 360
52 8
682 212
28 1199
289 257
516 646
359 778
486 552
287 35
1140 219
345 654
823 240
113 980
512 513
382 679
600 313
949 226
836 152
49 757
364 644
441 152
192 264
359 744
960 136
752 364
568 354
261 1134
619 389
678 658
323 229
905 248
672 295
250 1110
124 1281
469 708
648 531
107 1237
560 322
103 356
136 452
433 667
537 204
885 227
381 887
697 340
789 29
1366 42
891 402
115 338
1243 68
481 21
79 914
45 913
828 422
558 873
411 37
535 402
299 978
530 80
794 565
175 784
666 522
503 183
250 562
212 162
725 380
240 1128
52 1123
372 227
431 164
956 269
1162 76
346 928
236 837
260 408
422 190
579 818
825 168
1047 189
422 713
675 202
292 631
763 497
312 617
327 919
315 590
354 37
499 497
130 667
328 304
503 802
49 22
355 233
1208 82
228 402
491 545
454 504
585 265
308 1049
56 631
7 816
162 227
723 657
153 507
28 483
523 239
428 752
1118 141
1181 114
544 600
995 25
620 452
428 181
2 664
361 990
170 333
889 4
294 183
474 717
45 640
136 743
274 585
795 203
409 697
778 6
1309 88
291 706
663 19
598 64
79 595
705 495
89 1272
306 84
11 888
488 822
847 390
58 396
1242 69
455 497
1013 403
496 726
433 562
728 273
397 158
732 629
719 341
518 810
143 476
122 261
803 379
981 374
76 438
801 632
479 724
159 197
547 227
773 518
74 1212
719 242
124 250
884 332
734 45
431 674
716 378
636 455
403 711
381 958
515 616
168 1103
289 80
894 307
679 9
288 910
59 529
507 267
190 1199
503 288
270 809
299 261
52 691
187 651
214 33
191 513
712 59
512 190
122 1126
754 581
598 502
287 381
166 279
1257 32
427 8
533 589
785 167
269 816
87 197
20 148
667 321
131 1215
180 878
271 354
1067 278
361 450
337 170
205 53
526 292
708 669
593 605
273 998
680 610
443 493
896 392
665 625
97 1323
509 297
429 532
606 376
911 210
921 413
6 411
368 299
499 122
308 920
384 30
246 929
322 1025
390 612
66 713
113 907
459 424
563 14
166 46
338 1058
187 852
500 67
311 427
173 332
354 817
122 882
521 479
1089 234
847 171
104 415
44 975
63 308
938 465
508 800
830 292
312 48
311 91
142 600
367 432
324 333
190 1048
317 405
416 236
961 309
263 656
481 732
655 463
212 562
769 82
0 1133
770 309
162 997
32 109
557 829
549 753
522 809
48 402
6 1377
1142 92
565 856
183 1076
366 901
92 1059
433 477
281 337
226 94
699 28
373 83
351 690
146 469
861 453
480 574
188 722
582 673
929 71
119 466
805 189
615 485
79 637
305 799
4 734
835 31
271 1062
224 336
372 18
246 590
732 296
838 267
623 408
324 821
851 137
191 666
212 679
818 251
588 482
102 1105
245 937
631 180
746 368
1209 193
113 528
545 333
197 399
111 1043
652 110
188 14
961 431
297 512
204 984
121 459
93 1298
225 785
603 658
481 393
1008 375
463 892
66 1255
627 642
11 660
470 295
1405 17
475 646
774 612
443 363
373 395
108 1325
153 55
122 406
598 365
74 1059
128 866
348 682
825 107
366 886
604 177
428 107
64 547
1 673
398 211
820 228
529 290
951 158
348 479
1124 151
8 190
164 1137
99 287
1121 240
116 234
761 178
806 443
625 198
329 906
344 375
138 1296
62 592
623 408
455 89
226 1163
643 236
111 351
343 720
957 427
139 1031
73 968
270 448
325 326
441 543
926 167
538 370
1001 343
424 831
450 100
497 453
1159 51
786 504
107 476
359 734
507 687
711 401
282 832
79 81
1054 136
185 901
649 122
426 220
262 978
677 133
424 373
201 55
510 124
223 1109
197 348
464 951
424 993
799 60
563 407
86 410
1277 28
140 526
356 747
1280 50
649 722
989 85
598 653
56 458
574 653
901 110
30 975
785 280
574 551
493 726
1090 50
651 335
18 1138
783 367
292 975
214 1206
168 95
148 1011
17 976
166 1019
296 1114
253 513
534 123
749 617
131 849
286 954
204 96
1140 183
601 524
990 184
978 302
652 530
442 652
248 77
698 76
1029 254
247 500
101 436
255 426
683 506
28 930
59 1218
1399 12
336 950
385 339
931 484
404 533
178 783
95 382
874 383
227 217
165 276
438 172
78 1150
247 879
260 537
3 84
65 1203
57 265
654 51
880 98
205 1019
406 466
344 627
1074 210
596 226
764 177
274 361
363 481
433 657
68 472
824 8
405 209
420 643
35 1201
644 480
837 133
658 321
75 17
466 750
429 514
308 655
502 126
519 501
1308 25
353 791
0 1358
142 1125
894 338
496 802
31 31
484 322
482 676
493 392
55 11
307 525
1031 51
440 437
858 352
46 1143
223 225
551 281
446 941
1170 262
51 1148
125 30
190 576
610 131
864 39
644 355
603 825
22 413
442 815
84 52
801 303
366 633
45 188
6 1389
676 199
483 745
38 921
371 314
1071 304
83 1318
537 719
649 240
583 502
366 460
348 570
179 1014
520 110
589 211
1009 404
92 346
179 982
161 309
772 103
680 380
1130 6
582 432
192 1013
210 579
92 23
783 526
1047 79
131 175
1321 110
400 805
64 465
312 133
453 848
837 230
44 624
382 44
284 413
711 191
238 529
716 98
107 1015
40 436
95 1279
765 521
221 1097
882 375
42 1042
569 795
189 357
87 935
691 401
147 873
52 200
694 3
13 206
423 283
120 387
42 1377
1380 17
1076 59
272 138
370 623
239 1135
863 247
104 1006
220 608
325 861
201 338
1125 8
1108 118
1160 234
262 63
85 433
505 733
657 337
406 174
183 11
318 203
1069 235
190 602
533 564
763 356
590 695
327 645
102 282
271 792
1243 10
241 933
141 92
228 449
293 803
834 304
408 37
95 620
107 1116
273 43
12 605
458 944
3 397
462 612
24 897
107 484
536 768
419 589
186 340
31 223
554 767
91 839
880 133
552 762
744 328
851 404
89 27
109 1084
495 562
504 646
101 271
112 320
287 800