9450 750
88
66
54
58
52
26
26
97
15
9
40
77
20
65
64
63
20
92
77
49
31
19
89
92
97
22
53
64
43
61
83
26
45
23
94
72
74
65
37
51
47
96
58
71
78
71
18
38
12
78
95
29
37
24
78
30
31
48
44
59
70
52
83
66
29
21
6
8
15
70
70
11
100
15
85
82
93
9
56
44
8
49
54
12
4
59
21
43
78
4
83
67
12
20
50
83
40
76
30
27
23
93
50
57
38
63
80
65
18
58
5
44
85
34
23
97
32
85
29
98
65
96
77
22
41
23
66
47
84
75
16
90
25
63
1
18
29
1
71
82
44
52
89
59
24
36
63
95
7
28
46
59
33
44
84
5
65
80
36
97
58
100
15
95
37
99
27
67
63
15
74
40
26
65
91
18
100
26
72
68
73
41
59
81
40
11
29
31
44
95
23
24
13
24
59
55
49
31
75
13
77
40
11
97
70
70
22
94
70
81
97
74
96
44
29
85
14
37
85
31
94
63
74
82
56
33
38
15
73
54
84
13
10
99
40
32
22
65
21
61
21
95
89
41
77
92
63
64
17
93
35
6
31
18
14
73
3
98
67
87
20
24
24
79
18
63
6
72
15
33
36
1
91
63
23
3
92
24
70
33
20
29
68
13
38
66
26
16
64
74
42
34
2
39
62
91
18
58
92
92
53
16
46
47
47
13
31
100
68
10
95
36
97
16
71
17
17
36
89
48
7
52
80
79
54
28
27
96
78
96
61
28
26
26
47
5
46
31
96
70
35
8
97
1
91
16
28
16
75
87
38
88
78
17
16
78
24
92
53
8
69
49
88
11
80
21
11
65
55
82
5
49
44
71
24
88
13
76
1
27
6
89
20
47
84
31
34
80
84
6
70
93
41
83
33
78
11
41
19
2
60
89
44
48
32
97
10
64
94
82
81
71
35
64
74
73
79
56
18
24
81
28
3
48
92
36
31
98
19
63
98
41
39
56
13
85
98
12
38
71
19
53
43
40
74
6
31
71
18
45
1
50
60
93
46
58
1
41
57
78
15
61
45
94
67
67
98
15
37
69
32
76
68
29
12
61
71
18
20
67
89
85
47
91
2
4
43
67
56
70
37
91
30
67
3
3
33
63
92
24
100
57
67
63
69
30
12
39
51
11
96
10
6
90
39
56
60
7
64
16
19
21
13
32
26
58
44
6
77
47
30
67
60
58
95
90
12
74
67
1
26
3
20
13
56
27
53
52
93
58
29
37
12
10
28
32
25
91
48
64
22
41
12
52
57
75
72
36
66
32
71
46
36
71
17
39
9
17
97
8
68
98
66
6
65
97
50
75
9
47
73
98
40
71
47
30
55
97
10
39
75
79
46
84
82
17
98
95
41
42
65
49
85
17
29
32
45
51
98
60
57
63
69
60
35
58
50
58
77
38
75
25
87
18
13
16
5
6
66
98
76
2
62
85
30
49
80
74
46
55
12
69
24
99
42
83
56
21
84
9
52
7
75
18
24
100
3
90
69
89
100
29
82
17
92
88
94
56
92
24
98
27
22
66
95
66
77
84
15
53
46
34
15
44
33
75
92
76
71
79
97
10
30
100
69
7
46
7
78
83
28
89
18
42
22
44
96
88
87
61
37
28
82
50
74
53
79
85
5
67
67
61
75
96
62
45
53
58
6
59
3
74
52
10
8
86
74
87
8
75
